"","Id","ActivityHour","StepTotal"
"1",1503960366,2016-04-12 00:00:00,373
"2",1503960366,2016-04-12 01:00:00,160
"3",1503960366,2016-04-12 02:00:00,151
"4",1503960366,2016-04-12 03:00:00,0
"5",1503960366,2016-04-12 04:00:00,0
"6",1503960366,2016-04-12 05:00:00,0
"7",1503960366,2016-04-12 06:00:00,0
"8",1503960366,2016-04-12 07:00:00,0
"9",1503960366,2016-04-12 08:00:00,250
"10",1503960366,2016-04-12 09:00:00,1864
"11",1503960366,2016-04-12 10:00:00,676
"12",1503960366,2016-04-12 11:00:00,360
"13",1503960366,2016-04-12 12:00:00,253
"14",1503960366,2016-04-12 13:00:00,221
"15",1503960366,2016-04-12 14:00:00,1166
"16",1503960366,2016-04-12 15:00:00,2063
"17",1503960366,2016-04-12 16:00:00,344
"18",1503960366,2016-04-12 17:00:00,489
"19",1503960366,2016-04-12 18:00:00,1386
"20",1503960366,2016-04-12 19:00:00,558
"21",1503960366,2016-04-12 20:00:00,1733
"22",1503960366,2016-04-12 21:00:00,684
"23",1503960366,2016-04-12 22:00:00,89
"24",1503960366,2016-04-12 23:00:00,338
"25",1503960366,2016-04-13 00:00:00,144
"26",1503960366,2016-04-13 01:00:00,0
"27",1503960366,2016-04-13 02:00:00,0
"28",1503960366,2016-04-13 03:00:00,36
"29",1503960366,2016-04-13 04:00:00,0
"30",1503960366,2016-04-13 05:00:00,0
"31",1503960366,2016-04-13 06:00:00,0
"32",1503960366,2016-04-13 07:00:00,126
"33",1503960366,2016-04-13 08:00:00,275
"34",1503960366,2016-04-13 09:00:00,1679
"35",1503960366,2016-04-13 10:00:00,295
"36",1503960366,2016-04-13 11:00:00,524
"37",1503960366,2016-04-13 12:00:00,486
"38",1503960366,2016-04-13 13:00:00,302
"39",1503960366,2016-04-13 14:00:00,1577
"40",1503960366,2016-04-13 15:00:00,493
"41",1503960366,2016-04-13 16:00:00,299
"42",1503960366,2016-04-13 17:00:00,695
"43",1503960366,2016-04-13 18:00:00,1343
"44",1503960366,2016-04-13 19:00:00,258
"45",1503960366,2016-04-13 20:00:00,0
"46",1503960366,2016-04-13 21:00:00,0
"47",1503960366,2016-04-13 22:00:00,437
"48",1503960366,2016-04-13 23:00:00,1766
"49",1503960366,2016-04-14 00:00:00,81
"50",1503960366,2016-04-14 01:00:00,58
"51",1503960366,2016-04-14 02:00:00,0
"52",1503960366,2016-04-14 03:00:00,0
"53",1503960366,2016-04-14 04:00:00,0
"54",1503960366,2016-04-14 05:00:00,0
"55",1503960366,2016-04-14 06:00:00,0
"56",1503960366,2016-04-14 07:00:00,0
"57",1503960366,2016-04-14 08:00:00,0
"58",1503960366,2016-04-14 09:00:00,902
"59",1503960366,2016-04-14 10:00:00,1106
"60",1503960366,2016-04-14 11:00:00,50
"61",1503960366,2016-04-14 12:00:00,501
"62",1503960366,2016-04-14 13:00:00,1779
"63",1503960366,2016-04-14 14:00:00,1228
"64",1503960366,2016-04-14 15:00:00,139
"65",1503960366,2016-04-14 16:00:00,408
"66",1503960366,2016-04-14 17:00:00,37
"67",1503960366,2016-04-14 18:00:00,322
"68",1503960366,2016-04-14 19:00:00,11
"69",1503960366,2016-04-14 20:00:00,806
"70",1503960366,2016-04-14 21:00:00,2670
"71",1503960366,2016-04-14 22:00:00,362
"72",1503960366,2016-04-14 23:00:00,0
"73",1503960366,2016-04-15 00:00:00,83
"74",1503960366,2016-04-15 01:00:00,75
"75",1503960366,2016-04-15 02:00:00,124
"76",1503960366,2016-04-15 03:00:00,0
"77",1503960366,2016-04-15 04:00:00,0
"78",1503960366,2016-04-15 05:00:00,26
"79",1503960366,2016-04-15 06:00:00,0
"80",1503960366,2016-04-15 07:00:00,7
"81",1503960366,2016-04-15 08:00:00,55
"82",1503960366,2016-04-15 09:00:00,21
"83",1503960366,2016-04-15 10:00:00,154
"84",1503960366,2016-04-15 11:00:00,425
"85",1503960366,2016-04-15 12:00:00,270
"86",1503960366,2016-04-15 13:00:00,373
"87",1503960366,2016-04-15 14:00:00,0
"88",1503960366,2016-04-15 15:00:00,0
"89",1503960366,2016-04-15 16:00:00,0
"90",1503960366,2016-04-15 17:00:00,1774
"91",1503960366,2016-04-15 18:00:00,509
"92",1503960366,2016-04-15 19:00:00,519
"93",1503960366,2016-04-15 20:00:00,77
"94",1503960366,2016-04-15 21:00:00,280
"95",1503960366,2016-04-15 22:00:00,2145
"96",1503960366,2016-04-15 23:00:00,2768
"97",1503960366,2016-04-16 00:00:00,459
"98",1503960366,2016-04-16 01:00:00,0
"99",1503960366,2016-04-16 02:00:00,63
"100",1503960366,2016-04-16 03:00:00,6
"101",1503960366,2016-04-16 04:00:00,6
"102",1503960366,2016-04-16 05:00:00,12
"103",1503960366,2016-04-16 06:00:00,0
"104",1503960366,2016-04-16 07:00:00,101
"105",1503960366,2016-04-16 08:00:00,175
"106",1503960366,2016-04-16 09:00:00,1181
"107",1503960366,2016-04-16 10:00:00,1295
"108",1503960366,2016-04-16 11:00:00,2043
"109",1503960366,2016-04-16 12:00:00,1513
"110",1503960366,2016-04-16 13:00:00,3616
"111",1503960366,2016-04-16 14:00:00,580
"112",1503960366,2016-04-16 15:00:00,0
"113",1503960366,2016-04-16 16:00:00,15
"114",1503960366,2016-04-16 17:00:00,380
"115",1503960366,2016-04-16 18:00:00,96
"116",1503960366,2016-04-16 19:00:00,146
"117",1503960366,2016-04-16 20:00:00,385
"118",1503960366,2016-04-16 21:00:00,463
"119",1503960366,2016-04-16 22:00:00,42
"120",1503960366,2016-04-16 23:00:00,92
"121",1503960366,2016-04-17 00:00:00,0
"122",1503960366,2016-04-17 01:00:00,0
"123",1503960366,2016-04-17 02:00:00,0
"124",1503960366,2016-04-17 03:00:00,8
"125",1503960366,2016-04-17 04:00:00,0
"126",1503960366,2016-04-17 05:00:00,0
"127",1503960366,2016-04-17 06:00:00,0
"128",1503960366,2016-04-17 07:00:00,0
"129",1503960366,2016-04-17 08:00:00,0
"130",1503960366,2016-04-17 09:00:00,0
"131",1503960366,2016-04-17 10:00:00,0
"132",1503960366,2016-04-17 11:00:00,84
"133",1503960366,2016-04-17 12:00:00,260
"134",1503960366,2016-04-17 13:00:00,402
"135",1503960366,2016-04-17 14:00:00,252
"136",1503960366,2016-04-17 15:00:00,191
"137",1503960366,2016-04-17 16:00:00,13
"138",1503960366,2016-04-17 17:00:00,2613
"139",1503960366,2016-04-17 18:00:00,1616
"140",1503960366,2016-04-17 19:00:00,754
"141",1503960366,2016-04-17 20:00:00,2955
"142",1503960366,2016-04-17 21:00:00,487
"143",1503960366,2016-04-17 22:00:00,70
"144",1503960366,2016-04-17 23:00:00,0
"145",1503960366,2016-04-18 00:00:00,416
"146",1503960366,2016-04-18 01:00:00,0
"147",1503960366,2016-04-18 02:00:00,0
"148",1503960366,2016-04-18 03:00:00,0
"149",1503960366,2016-04-18 04:00:00,0
"150",1503960366,2016-04-18 05:00:00,0
"151",1503960366,2016-04-18 06:00:00,0
"152",1503960366,2016-04-18 07:00:00,0
"153",1503960366,2016-04-18 08:00:00,0
"154",1503960366,2016-04-18 09:00:00,1688
"155",1503960366,2016-04-18 10:00:00,380
"156",1503960366,2016-04-18 11:00:00,328
"157",1503960366,2016-04-18 12:00:00,1306
"158",1503960366,2016-04-18 13:00:00,268
"159",1503960366,2016-04-18 14:00:00,137
"160",1503960366,2016-04-18 15:00:00,495
"161",1503960366,2016-04-18 16:00:00,277
"162",1503960366,2016-04-18 17:00:00,304
"163",1503960366,2016-04-18 18:00:00,4074
"164",1503960366,2016-04-18 19:00:00,2101
"165",1503960366,2016-04-18 20:00:00,28
"166",1503960366,2016-04-18 21:00:00,187
"167",1503960366,2016-04-18 22:00:00,542
"168",1503960366,2016-04-18 23:00:00,488
"169",1503960366,2016-04-19 00:00:00,0
"170",1503960366,2016-04-19 01:00:00,22
"171",1503960366,2016-04-19 02:00:00,0
"172",1503960366,2016-04-19 03:00:00,9
"173",1503960366,2016-04-19 04:00:00,0
"174",1503960366,2016-04-19 05:00:00,0
"175",1503960366,2016-04-19 06:00:00,7
"176",1503960366,2016-04-19 07:00:00,316
"177",1503960366,2016-04-19 08:00:00,1656
"178",1503960366,2016-04-19 09:00:00,367
"179",1503960366,2016-04-19 10:00:00,203
"180",1503960366,2016-04-19 11:00:00,194
"181",1503960366,2016-04-19 12:00:00,1887
"182",1503960366,2016-04-19 13:00:00,2697
"183",1503960366,2016-04-19 14:00:00,409
"184",1503960366,2016-04-19 15:00:00,299
"185",1503960366,2016-04-19 16:00:00,297
"186",1503960366,2016-04-19 17:00:00,732
"187",1503960366,2016-04-19 18:00:00,1280
"188",1503960366,2016-04-19 19:00:00,397
"189",1503960366,2016-04-19 20:00:00,2487
"190",1503960366,2016-04-19 21:00:00,826
"191",1503960366,2016-04-19 22:00:00,52
"192",1503960366,2016-04-19 23:00:00,1369
"193",1503960366,2016-04-20 00:00:00,16
"194",1503960366,2016-04-20 01:00:00,36
"195",1503960366,2016-04-20 02:00:00,0
"196",1503960366,2016-04-20 03:00:00,0
"197",1503960366,2016-04-20 04:00:00,0
"198",1503960366,2016-04-20 05:00:00,0
"199",1503960366,2016-04-20 06:00:00,0
"200",1503960366,2016-04-20 07:00:00,29
"201",1503960366,2016-04-20 08:00:00,264
"202",1503960366,2016-04-20 09:00:00,1993
"203",1503960366,2016-04-20 10:00:00,459
"204",1503960366,2016-04-20 11:00:00,65
"205",1503960366,2016-04-20 12:00:00,185
"206",1503960366,2016-04-20 13:00:00,64
"207",1503960366,2016-04-20 14:00:00,1270
"208",1503960366,2016-04-20 15:00:00,797
"209",1503960366,2016-04-20 16:00:00,261
"210",1503960366,2016-04-20 17:00:00,13
"211",1503960366,2016-04-20 18:00:00,1308
"212",1503960366,2016-04-20 19:00:00,1558
"213",1503960366,2016-04-20 20:00:00,499
"214",1503960366,2016-04-20 21:00:00,395
"215",1503960366,2016-04-20 22:00:00,77
"216",1503960366,2016-04-20 23:00:00,1255
"217",1503960366,2016-04-21 00:00:00,17
"218",1503960366,2016-04-21 01:00:00,129
"219",1503960366,2016-04-21 02:00:00,81
"220",1503960366,2016-04-21 03:00:00,0
"221",1503960366,2016-04-21 04:00:00,0
"222",1503960366,2016-04-21 05:00:00,0
"223",1503960366,2016-04-21 06:00:00,0
"224",1503960366,2016-04-21 07:00:00,38
"225",1503960366,2016-04-21 08:00:00,245
"226",1503960366,2016-04-21 09:00:00,1672
"227",1503960366,2016-04-21 10:00:00,255
"228",1503960366,2016-04-21 11:00:00,0
"229",1503960366,2016-04-21 12:00:00,384
"230",1503960366,2016-04-21 13:00:00,1140
"231",1503960366,2016-04-21 14:00:00,12
"232",1503960366,2016-04-21 15:00:00,213
"233",1503960366,2016-04-21 16:00:00,26
"234",1503960366,2016-04-21 17:00:00,96
"235",1503960366,2016-04-21 18:00:00,213
"236",1503960366,2016-04-21 19:00:00,100
"237",1503960366,2016-04-21 20:00:00,3541
"238",1503960366,2016-04-21 21:00:00,970
"239",1503960366,2016-04-21 22:00:00,89
"240",1503960366,2016-04-21 23:00:00,598
"241",1503960366,2016-04-22 00:00:00,0
"242",1503960366,2016-04-22 01:00:00,0
"243",1503960366,2016-04-22 02:00:00,0
"244",1503960366,2016-04-22 03:00:00,0
"245",1503960366,2016-04-22 04:00:00,0
"246",1503960366,2016-04-22 05:00:00,0
"247",1503960366,2016-04-22 06:00:00,0
"248",1503960366,2016-04-22 07:00:00,0
"249",1503960366,2016-04-22 08:00:00,0
"250",1503960366,2016-04-22 09:00:00,192
"251",1503960366,2016-04-22 10:00:00,29
"252",1503960366,2016-04-22 11:00:00,958
"253",1503960366,2016-04-22 12:00:00,38
"254",1503960366,2016-04-22 13:00:00,118
"255",1503960366,2016-04-22 14:00:00,0
"256",1503960366,2016-04-22 15:00:00,180
"257",1503960366,2016-04-22 16:00:00,22
"258",1503960366,2016-04-22 17:00:00,1041
"259",1503960366,2016-04-22 18:00:00,514
"260",1503960366,2016-04-22 19:00:00,629
"261",1503960366,2016-04-22 20:00:00,329
"262",1503960366,2016-04-22 21:00:00,5934
"263",1503960366,2016-04-22 22:00:00,855
"264",1503960366,2016-04-22 23:00:00,1925
"265",1503960366,2016-04-23 00:00:00,182
"266",1503960366,2016-04-23 01:00:00,0
"267",1503960366,2016-04-23 02:00:00,11
"268",1503960366,2016-04-23 03:00:00,0
"269",1503960366,2016-04-23 04:00:00,0
"270",1503960366,2016-04-23 05:00:00,0
"271",1503960366,2016-04-23 06:00:00,12
"272",1503960366,2016-04-23 07:00:00,0
"273",1503960366,2016-04-23 08:00:00,127
"274",1503960366,2016-04-23 09:00:00,285
"275",1503960366,2016-04-23 10:00:00,49
"276",1503960366,2016-04-23 11:00:00,703
"277",1503960366,2016-04-23 12:00:00,1597
"278",1503960366,2016-04-23 13:00:00,1453
"279",1503960366,2016-04-23 14:00:00,202
"280",1503960366,2016-04-23 15:00:00,158
"281",1503960366,2016-04-23 16:00:00,2008
"282",1503960366,2016-04-23 17:00:00,1472
"283",1503960366,2016-04-23 18:00:00,2569
"284",1503960366,2016-04-23 19:00:00,29
"285",1503960366,2016-04-23 20:00:00,142
"286",1503960366,2016-04-23 21:00:00,2432
"287",1503960366,2016-04-23 22:00:00,709
"288",1503960366,2016-04-23 23:00:00,231
"289",1503960366,2016-04-24 00:00:00,141
"290",1503960366,2016-04-24 01:00:00,42
"291",1503960366,2016-04-24 02:00:00,0
"292",1503960366,2016-04-24 03:00:00,0
"293",1503960366,2016-04-24 04:00:00,8
"294",1503960366,2016-04-24 05:00:00,0
"295",1503960366,2016-04-24 06:00:00,7
"296",1503960366,2016-04-24 07:00:00,0
"297",1503960366,2016-04-24 08:00:00,8
"298",1503960366,2016-04-24 09:00:00,76
"299",1503960366,2016-04-24 10:00:00,492
"300",1503960366,2016-04-24 11:00:00,149
"301",1503960366,2016-04-24 12:00:00,548
"302",1503960366,2016-04-24 13:00:00,394
"303",1503960366,2016-04-24 14:00:00,26
"304",1503960366,2016-04-24 15:00:00,27
"305",1503960366,2016-04-24 16:00:00,885
"306",1503960366,2016-04-24 17:00:00,411
"307",1503960366,2016-04-24 18:00:00,911
"308",1503960366,2016-04-24 19:00:00,4871
"309",1503960366,2016-04-24 20:00:00,342
"310",1503960366,2016-04-24 21:00:00,244
"311",1503960366,2016-04-24 22:00:00,66
"312",1503960366,2016-04-24 23:00:00,391
"313",1503960366,2016-04-25 00:00:00,95
"314",1503960366,2016-04-25 01:00:00,22
"315",1503960366,2016-04-25 02:00:00,97
"316",1503960366,2016-04-25 03:00:00,0
"317",1503960366,2016-04-25 04:00:00,25
"318",1503960366,2016-04-25 05:00:00,4
"319",1503960366,2016-04-25 06:00:00,0
"320",1503960366,2016-04-25 07:00:00,44
"321",1503960366,2016-04-25 08:00:00,426
"322",1503960366,2016-04-25 09:00:00,2041
"323",1503960366,2016-04-25 10:00:00,258
"324",1503960366,2016-04-25 11:00:00,1468
"325",1503960366,2016-04-25 12:00:00,707
"326",1503960366,2016-04-25 13:00:00,299
"327",1503960366,2016-04-25 14:00:00,94
"328",1503960366,2016-04-25 15:00:00,359
"329",1503960366,2016-04-25 16:00:00,263
"330",1503960366,2016-04-25 17:00:00,188
"331",1503960366,2016-04-25 18:00:00,116
"332",1503960366,2016-04-25 19:00:00,2815
"333",1503960366,2016-04-25 20:00:00,895
"334",1503960366,2016-04-25 21:00:00,4895
"335",1503960366,2016-04-25 22:00:00,188
"336",1503960366,2016-04-25 23:00:00,56
"337",1503960366,2016-04-26 00:00:00,101
"338",1503960366,2016-04-26 01:00:00,178
"339",1503960366,2016-04-26 02:00:00,0
"340",1503960366,2016-04-26 03:00:00,145
"341",1503960366,2016-04-26 04:00:00,0
"342",1503960366,2016-04-26 05:00:00,7
"343",1503960366,2016-04-26 06:00:00,0
"344",1503960366,2016-04-26 07:00:00,28
"345",1503960366,2016-04-26 08:00:00,173
"346",1503960366,2016-04-26 09:00:00,1826
"347",1503960366,2016-04-26 10:00:00,666
"348",1503960366,2016-04-26 11:00:00,266
"349",1503960366,2016-04-26 12:00:00,415
"350",1503960366,2016-04-26 13:00:00,1571
"351",1503960366,2016-04-26 14:00:00,1998
"352",1503960366,2016-04-26 15:00:00,323
"353",1503960366,2016-04-26 16:00:00,697
"354",1503960366,2016-04-26 17:00:00,143
"355",1503960366,2016-04-26 18:00:00,2513
"356",1503960366,2016-04-26 19:00:00,148
"357",1503960366,2016-04-26 20:00:00,1649
"358",1503960366,2016-04-26 21:00:00,450
"359",1503960366,2016-04-26 22:00:00,148
"360",1503960366,2016-04-26 23:00:00,310
"361",1503960366,2016-04-27 00:00:00,277
"362",1503960366,2016-04-27 01:00:00,60
"363",1503960366,2016-04-27 02:00:00,17
"364",1503960366,2016-04-27 03:00:00,0
"365",1503960366,2016-04-27 04:00:00,0
"366",1503960366,2016-04-27 05:00:00,0
"367",1503960366,2016-04-27 06:00:00,0
"368",1503960366,2016-04-27 07:00:00,0
"369",1503960366,2016-04-27 08:00:00,0
"370",1503960366,2016-04-27 09:00:00,1916
"371",1503960366,2016-04-27 10:00:00,502
"372",1503960366,2016-04-27 11:00:00,797
"373",1503960366,2016-04-27 12:00:00,701
"374",1503960366,2016-04-27 13:00:00,319
"375",1503960366,2016-04-27 14:00:00,1932
"376",1503960366,2016-04-27 15:00:00,59
"377",1503960366,2016-04-27 16:00:00,98
"378",1503960366,2016-04-27 17:00:00,261
"379",1503960366,2016-04-27 18:00:00,2714
"380",1503960366,2016-04-27 19:00:00,5786
"381",1503960366,2016-04-27 20:00:00,2420
"382",1503960366,2016-04-27 21:00:00,266
"383",1503960366,2016-04-27 22:00:00,0
"384",1503960366,2016-04-27 23:00:00,0
"385",1503960366,2016-04-28 00:00:00,0
"386",1503960366,2016-04-28 01:00:00,127
"387",1503960366,2016-04-28 02:00:00,0
"388",1503960366,2016-04-28 03:00:00,0
"389",1503960366,2016-04-28 04:00:00,0
"390",1503960366,2016-04-28 05:00:00,0
"391",1503960366,2016-04-28 06:00:00,0
"392",1503960366,2016-04-28 07:00:00,14
"393",1503960366,2016-04-28 08:00:00,128
"394",1503960366,2016-04-28 09:00:00,1192
"395",1503960366,2016-04-28 10:00:00,987
"396",1503960366,2016-04-28 11:00:00,288
"397",1503960366,2016-04-28 12:00:00,317
"398",1503960366,2016-04-28 13:00:00,1144
"399",1503960366,2016-04-28 14:00:00,1512
"400",1503960366,2016-04-28 15:00:00,115
"401",1503960366,2016-04-28 16:00:00,554
"402",1503960366,2016-04-28 17:00:00,235
"403",1503960366,2016-04-28 18:00:00,1829
"404",1503960366,2016-04-28 19:00:00,13
"405",1503960366,2016-04-28 20:00:00,2122
"406",1503960366,2016-04-28 21:00:00,986
"407",1503960366,2016-04-28 22:00:00,16
"408",1503960366,2016-04-28 23:00:00,1512
"409",1503960366,2016-04-29 00:00:00,202
"410",1503960366,2016-04-29 01:00:00,0
"411",1503960366,2016-04-29 02:00:00,71
"412",1503960366,2016-04-29 03:00:00,0
"413",1503960366,2016-04-29 04:00:00,0
"414",1503960366,2016-04-29 05:00:00,0
"415",1503960366,2016-04-29 06:00:00,0
"416",1503960366,2016-04-29 07:00:00,27
"417",1503960366,2016-04-29 08:00:00,201
"418",1503960366,2016-04-29 09:00:00,1820
"419",1503960366,2016-04-29 10:00:00,44
"420",1503960366,2016-04-29 11:00:00,104
"421",1503960366,2016-04-29 12:00:00,214
"422",1503960366,2016-04-29 13:00:00,41
"423",1503960366,2016-04-29 14:00:00,1711
"424",1503960366,2016-04-29 15:00:00,1076
"425",1503960366,2016-04-29 16:00:00,285
"426",1503960366,2016-04-29 17:00:00,380
"427",1503960366,2016-04-29 18:00:00,118
"428",1503960366,2016-04-29 19:00:00,267
"429",1503960366,2016-04-29 20:00:00,386
"430",1503960366,2016-04-29 21:00:00,1366
"431",1503960366,2016-04-29 22:00:00,1111
"432",1503960366,2016-04-29 23:00:00,1757
"433",1503960366,2016-04-30 00:00:00,19
"434",1503960366,2016-04-30 01:00:00,65
"435",1503960366,2016-04-30 02:00:00,0
"436",1503960366,2016-04-30 03:00:00,6
"437",1503960366,2016-04-30 04:00:00,0
"438",1503960366,2016-04-30 05:00:00,0
"439",1503960366,2016-04-30 06:00:00,0
"440",1503960366,2016-04-30 07:00:00,0
"441",1503960366,2016-04-30 08:00:00,60
"442",1503960366,2016-04-30 09:00:00,148
"443",1503960366,2016-04-30 10:00:00,239
"444",1503960366,2016-04-30 11:00:00,127
"445",1503960366,2016-04-30 12:00:00,92
"446",1503960366,2016-04-30 13:00:00,141
"447",1503960366,2016-04-30 14:00:00,520
"448",1503960366,2016-04-30 15:00:00,993
"449",1503960366,2016-04-30 16:00:00,3388
"450",1503960366,2016-04-30 17:00:00,2176
"451",1503960366,2016-04-30 18:00:00,2319
"452",1503960366,2016-04-30 19:00:00,92
"453",1503960366,2016-04-30 20:00:00,117
"454",1503960366,2016-04-30 21:00:00,840
"455",1503960366,2016-04-30 22:00:00,2139
"456",1503960366,2016-04-30 23:00:00,1192
"457",1503960366,2016-05-01 00:00:00,247
"458",1503960366,2016-05-01 01:00:00,59
"459",1503960366,2016-05-01 02:00:00,36
"460",1503960366,2016-05-01 03:00:00,4
"461",1503960366,2016-05-01 04:00:00,0
"462",1503960366,2016-05-01 05:00:00,0
"463",1503960366,2016-05-01 06:00:00,0
"464",1503960366,2016-05-01 07:00:00,41
"465",1503960366,2016-05-01 08:00:00,94
"466",1503960366,2016-05-01 09:00:00,198
"467",1503960366,2016-05-01 10:00:00,146
"468",1503960366,2016-05-01 11:00:00,103
"469",1503960366,2016-05-01 12:00:00,130
"470",1503960366,2016-05-01 13:00:00,85
"471",1503960366,2016-05-01 14:00:00,540
"472",1503960366,2016-05-01 15:00:00,294
"473",1503960366,2016-05-01 16:00:00,823
"474",1503960366,2016-05-01 17:00:00,1053
"475",1503960366,2016-05-01 18:00:00,2007
"476",1503960366,2016-05-01 19:00:00,177
"477",1503960366,2016-05-01 20:00:00,93
"478",1503960366,2016-05-01 21:00:00,363
"479",1503960366,2016-05-01 22:00:00,1552
"480",1503960366,2016-05-01 23:00:00,2557
"481",1503960366,2016-05-02 00:00:00,0
"482",1503960366,2016-05-02 01:00:00,119
"483",1503960366,2016-05-02 02:00:00,0
"484",1503960366,2016-05-02 03:00:00,21
"485",1503960366,2016-05-02 04:00:00,0
"486",1503960366,2016-05-02 05:00:00,0
"487",1503960366,2016-05-02 06:00:00,0
"488",1503960366,2016-05-02 07:00:00,28
"489",1503960366,2016-05-02 08:00:00,245
"490",1503960366,2016-05-02 09:00:00,1690
"491",1503960366,2016-05-02 10:00:00,369
"492",1503960366,2016-05-02 11:00:00,384
"493",1503960366,2016-05-02 12:00:00,2116
"494",1503960366,2016-05-02 13:00:00,1064
"495",1503960366,2016-05-02 14:00:00,355
"496",1503960366,2016-05-02 15:00:00,418
"497",1503960366,2016-05-02 16:00:00,420
"498",1503960366,2016-05-02 17:00:00,340
"499",1503960366,2016-05-02 18:00:00,227
"500",1503960366,2016-05-02 19:00:00,235
"501",1503960366,2016-05-02 20:00:00,3903
"502",1503960366,2016-05-02 21:00:00,1427
"503",1503960366,2016-05-02 22:00:00,945
"504",1503960366,2016-05-02 23:00:00,404
"505",1503960366,2016-05-03 00:00:00,55
"506",1503960366,2016-05-03 01:00:00,79
"507",1503960366,2016-05-03 02:00:00,20
"508",1503960366,2016-05-03 03:00:00,110
"509",1503960366,2016-05-03 04:00:00,0
"510",1503960366,2016-05-03 05:00:00,0
"511",1503960366,2016-05-03 06:00:00,16
"512",1503960366,2016-05-03 07:00:00,23
"513",1503960366,2016-05-03 08:00:00,158
"514",1503960366,2016-05-03 09:00:00,1391
"515",1503960366,2016-05-03 10:00:00,955
"516",1503960366,2016-05-03 11:00:00,297
"517",1503960366,2016-05-03 12:00:00,396
"518",1503960366,2016-05-03 13:00:00,309
"519",1503960366,2016-05-03 14:00:00,384
"520",1503960366,2016-05-03 15:00:00,1719
"521",1503960366,2016-05-03 16:00:00,870
"522",1503960366,2016-05-03 17:00:00,690
"523",1503960366,2016-05-03 18:00:00,3119
"524",1503960366,2016-05-03 19:00:00,140
"525",1503960366,2016-05-03 20:00:00,6
"526",1503960366,2016-05-03 21:00:00,1333
"527",1503960366,2016-05-03 22:00:00,2549
"528",1503960366,2016-05-03 23:00:00,484
"529",1503960366,2016-05-04 00:00:00,400
"530",1503960366,2016-05-04 01:00:00,18
"531",1503960366,2016-05-04 02:00:00,0
"532",1503960366,2016-05-04 03:00:00,0
"533",1503960366,2016-05-04 04:00:00,0
"534",1503960366,2016-05-04 05:00:00,0
"535",1503960366,2016-05-04 06:00:00,0
"536",1503960366,2016-05-04 07:00:00,0
"537",1503960366,2016-05-04 08:00:00,68
"538",1503960366,2016-05-04 09:00:00,1470
"539",1503960366,2016-05-04 10:00:00,598
"540",1503960366,2016-05-04 11:00:00,194
"541",1503960366,2016-05-04 12:00:00,366
"542",1503960366,2016-05-04 13:00:00,318
"543",1503960366,2016-05-04 14:00:00,2284
"544",1503960366,2016-05-04 15:00:00,138
"545",1503960366,2016-05-04 16:00:00,144
"546",1503960366,2016-05-04 17:00:00,341
"547",1503960366,2016-05-04 18:00:00,2041
"548",1503960366,2016-05-04 19:00:00,205
"549",1503960366,2016-05-04 20:00:00,1316
"550",1503960366,2016-05-04 21:00:00,1106
"551",1503960366,2016-05-04 22:00:00,93
"552",1503960366,2016-05-04 23:00:00,0
"553",1503960366,2016-05-05 00:00:00,70
"554",1503960366,2016-05-05 01:00:00,113
"555",1503960366,2016-05-05 02:00:00,19
"556",1503960366,2016-05-05 03:00:00,0
"557",1503960366,2016-05-05 04:00:00,44
"558",1503960366,2016-05-05 05:00:00,0
"559",1503960366,2016-05-05 06:00:00,8
"560",1503960366,2016-05-05 07:00:00,23
"561",1503960366,2016-05-05 08:00:00,107
"562",1503960366,2016-05-05 09:00:00,1615
"563",1503960366,2016-05-05 10:00:00,360
"564",1503960366,2016-05-05 11:00:00,28
"565",1503960366,2016-05-05 12:00:00,318
"566",1503960366,2016-05-05 13:00:00,1231
"567",1503960366,2016-05-05 14:00:00,375
"568",1503960366,2016-05-05 15:00:00,187
"569",1503960366,2016-05-05 16:00:00,989
"570",1503960366,2016-05-05 17:00:00,2217
"571",1503960366,2016-05-05 18:00:00,715
"572",1503960366,2016-05-05 19:00:00,348
"573",1503960366,2016-05-05 20:00:00,283
"574",1503960366,2016-05-05 21:00:00,3897
"575",1503960366,2016-05-05 22:00:00,900
"576",1503960366,2016-05-05 23:00:00,200
"577",1503960366,2016-05-06 00:00:00,186
"578",1503960366,2016-05-06 01:00:00,4
"579",1503960366,2016-05-06 02:00:00,88
"580",1503960366,2016-05-06 03:00:00,0
"581",1503960366,2016-05-06 04:00:00,19
"582",1503960366,2016-05-06 05:00:00,0
"583",1503960366,2016-05-06 06:00:00,0
"584",1503960366,2016-05-06 07:00:00,23
"585",1503960366,2016-05-06 08:00:00,146
"586",1503960366,2016-05-06 09:00:00,1683
"587",1503960366,2016-05-06 10:00:00,504
"588",1503960366,2016-05-06 11:00:00,234
"589",1503960366,2016-05-06 12:00:00,261
"590",1503960366,2016-05-06 13:00:00,175
"591",1503960366,2016-05-06 14:00:00,535
"592",1503960366,2016-05-06 15:00:00,900
"593",1503960366,2016-05-06 16:00:00,335
"594",1503960366,2016-05-06 17:00:00,279
"595",1503960366,2016-05-06 18:00:00,1532
"596",1503960366,2016-05-06 19:00:00,2500
"597",1503960366,2016-05-06 20:00:00,255
"598",1503960366,2016-05-06 21:00:00,514
"599",1503960366,2016-05-06 22:00:00,375
"600",1503960366,2016-05-06 23:00:00,1611
"601",1503960366,2016-05-07 00:00:00,168
"602",1503960366,2016-05-07 01:00:00,0
"603",1503960366,2016-05-07 02:00:00,19
"604",1503960366,2016-05-07 03:00:00,0
"605",1503960366,2016-05-07 04:00:00,0
"606",1503960366,2016-05-07 05:00:00,0
"607",1503960366,2016-05-07 06:00:00,0
"608",1503960366,2016-05-07 07:00:00,0
"609",1503960366,2016-05-07 08:00:00,132
"610",1503960366,2016-05-07 09:00:00,115
"611",1503960366,2016-05-07 10:00:00,1291
"612",1503960366,2016-05-07 11:00:00,2352
"613",1503960366,2016-05-07 12:00:00,129
"614",1503960366,2016-05-07 13:00:00,77
"615",1503960366,2016-05-07 14:00:00,125
"616",1503960366,2016-05-07 15:00:00,318
"617",1503960366,2016-05-07 16:00:00,259
"618",1503960366,2016-05-07 17:00:00,173
"619",1503960366,2016-05-07 18:00:00,253
"620",1503960366,2016-05-07 19:00:00,652
"621",1503960366,2016-05-07 20:00:00,102
"622",1503960366,2016-05-07 21:00:00,2073
"623",1503960366,2016-05-07 22:00:00,3696
"624",1503960366,2016-05-07 23:00:00,58
"625",1503960366,2016-05-08 00:00:00,147
"626",1503960366,2016-05-08 01:00:00,0
"627",1503960366,2016-05-08 02:00:00,0
"628",1503960366,2016-05-08 03:00:00,0
"629",1503960366,2016-05-08 04:00:00,6
"630",1503960366,2016-05-08 05:00:00,0
"631",1503960366,2016-05-08 06:00:00,7
"632",1503960366,2016-05-08 07:00:00,0
"633",1503960366,2016-05-08 08:00:00,0
"634",1503960366,2016-05-08 09:00:00,0
"635",1503960366,2016-05-08 10:00:00,0
"636",1503960366,2016-05-08 11:00:00,0
"637",1503960366,2016-05-08 12:00:00,511
"638",1503960366,2016-05-08 13:00:00,227
"639",1503960366,2016-05-08 14:00:00,660
"640",1503960366,2016-05-08 15:00:00,341
"641",1503960366,2016-05-08 16:00:00,100
"642",1503960366,2016-05-08 17:00:00,240
"643",1503960366,2016-05-08 18:00:00,4472
"644",1503960366,2016-05-08 19:00:00,1069
"645",1503960366,2016-05-08 20:00:00,793
"646",1503960366,2016-05-08 21:00:00,663
"647",1503960366,2016-05-08 22:00:00,553
"648",1503960366,2016-05-08 23:00:00,271
"649",1503960366,2016-05-09 00:00:00,135
"650",1503960366,2016-05-09 01:00:00,0
"651",1503960366,2016-05-09 02:00:00,0
"652",1503960366,2016-05-09 03:00:00,0
"653",1503960366,2016-05-09 04:00:00,0
"654",1503960366,2016-05-09 05:00:00,14
"655",1503960366,2016-05-09 06:00:00,408
"656",1503960366,2016-05-09 07:00:00,214
"657",1503960366,2016-05-09 08:00:00,109
"658",1503960366,2016-05-09 09:00:00,160
"659",1503960366,2016-05-09 10:00:00,322
"660",1503960366,2016-05-09 11:00:00,477
"661",1503960366,2016-05-09 12:00:00,507
"662",1503960366,2016-05-09 13:00:00,7
"663",1503960366,2016-05-09 14:00:00,0
"664",1503960366,2016-05-09 15:00:00,22
"665",1503960366,2016-05-09 16:00:00,2692
"666",1503960366,2016-05-09 17:00:00,1260
"667",1503960366,2016-05-09 18:00:00,624
"668",1503960366,2016-05-09 19:00:00,1062
"669",1503960366,2016-05-09 20:00:00,1325
"670",1503960366,2016-05-09 21:00:00,2684
"671",1503960366,2016-05-09 22:00:00,0
"672",1503960366,2016-05-09 23:00:00,0
"673",1503960366,2016-05-10 00:00:00,0
"674",1503960366,2016-05-10 01:00:00,92
"675",1503960366,2016-05-10 02:00:00,0
"676",1503960366,2016-05-10 03:00:00,0
"677",1503960366,2016-05-10 04:00:00,0
"678",1503960366,2016-05-10 05:00:00,0
"679",1503960366,2016-05-10 06:00:00,0
"680",1503960366,2016-05-10 07:00:00,47
"681",1503960366,2016-05-10 08:00:00,227
"682",1503960366,2016-05-10 09:00:00,1461
"683",1503960366,2016-05-10 10:00:00,258
"684",1503960366,2016-05-10 11:00:00,988
"685",1503960366,2016-05-10 12:00:00,74
"686",1503960366,2016-05-10 13:00:00,234
"687",1503960366,2016-05-10 14:00:00,159
"688",1503960366,2016-05-10 15:00:00,1038
"689",1503960366,2016-05-10 16:00:00,312
"690",1503960366,2016-05-10 17:00:00,645
"691",1503960366,2016-05-10 18:00:00,2494
"692",1503960366,2016-05-10 19:00:00,1418
"693",1503960366,2016-05-10 20:00:00,2480
"694",1503960366,2016-05-10 21:00:00,251
"695",1503960366,2016-05-10 22:00:00,0
"696",1503960366,2016-05-10 23:00:00,29
"697",1503960366,2016-05-11 00:00:00,266
"698",1503960366,2016-05-11 01:00:00,45
"699",1503960366,2016-05-11 02:00:00,73
"700",1503960366,2016-05-11 03:00:00,10
"701",1503960366,2016-05-11 04:00:00,0
"702",1503960366,2016-05-11 05:00:00,0
"703",1503960366,2016-05-11 06:00:00,0
"704",1503960366,2016-05-11 07:00:00,47
"705",1503960366,2016-05-11 08:00:00,312
"706",1503960366,2016-05-11 09:00:00,1914
"707",1503960366,2016-05-11 10:00:00,644
"708",1503960366,2016-05-11 11:00:00,259
"709",1503960366,2016-05-11 12:00:00,116
"710",1503960366,2016-05-11 13:00:00,811
"711",1503960366,2016-05-11 14:00:00,1560
"712",1503960366,2016-05-11 15:00:00,348
"713",1503960366,2016-05-11 16:00:00,289
"714",1503960366,2016-05-11 17:00:00,245
"715",1503960366,2016-05-11 18:00:00,3449
"716",1503960366,2016-05-11 19:00:00,293
"717",1503960366,2016-05-11 20:00:00,1209
"718",1624580081,2016-04-12 00:00:00,31
"719",1624580081,2016-04-12 01:00:00,0
"720",1624580081,2016-04-12 02:00:00,0
"721",1624580081,2016-04-12 03:00:00,7
"722",1624580081,2016-04-12 04:00:00,0
"723",1624580081,2016-04-12 05:00:00,0
"724",1624580081,2016-04-12 06:00:00,0
"725",1624580081,2016-04-12 07:00:00,0
"726",1624580081,2016-04-12 08:00:00,0
"727",1624580081,2016-04-12 09:00:00,1085
"728",1624580081,2016-04-12 10:00:00,5375
"729",1624580081,2016-04-12 11:00:00,129
"730",1624580081,2016-04-12 12:00:00,81
"731",1624580081,2016-04-12 13:00:00,67
"732",1624580081,2016-04-12 14:00:00,43
"733",1624580081,2016-04-12 15:00:00,0
"734",1624580081,2016-04-12 16:00:00,79
"735",1624580081,2016-04-12 17:00:00,235
"736",1624580081,2016-04-12 18:00:00,257
"737",1624580081,2016-04-12 19:00:00,501
"738",1624580081,2016-04-12 20:00:00,99
"739",1624580081,2016-04-12 21:00:00,0
"740",1624580081,2016-04-12 22:00:00,0
"741",1624580081,2016-04-12 23:00:00,174
"742",1624580081,2016-04-13 00:00:00,75
"743",1624580081,2016-04-13 01:00:00,0
"744",1624580081,2016-04-13 02:00:00,0
"745",1624580081,2016-04-13 03:00:00,0
"746",1624580081,2016-04-13 04:00:00,0
"747",1624580081,2016-04-13 05:00:00,0
"748",1624580081,2016-04-13 06:00:00,0
"749",1624580081,2016-04-13 07:00:00,0
"750",1624580081,2016-04-13 08:00:00,0
"751",1624580081,2016-04-13 09:00:00,1663
"752",1624580081,2016-04-13 10:00:00,3685
"753",1624580081,2016-04-13 11:00:00,608
"754",1624580081,2016-04-13 12:00:00,80
"755",1624580081,2016-04-13 13:00:00,0
"756",1624580081,2016-04-13 14:00:00,36
"757",1624580081,2016-04-13 15:00:00,0
"758",1624580081,2016-04-13 16:00:00,126
"759",1624580081,2016-04-13 17:00:00,39
"760",1624580081,2016-04-13 18:00:00,491
"761",1624580081,2016-04-13 19:00:00,7
"762",1624580081,2016-04-13 20:00:00,14
"763",1624580081,2016-04-13 21:00:00,183
"764",1624580081,2016-04-13 22:00:00,0
"765",1624580081,2016-04-13 23:00:00,0
"766",1624580081,2016-04-14 00:00:00,0
"767",1624580081,2016-04-14 01:00:00,0
"768",1624580081,2016-04-14 02:00:00,0
"769",1624580081,2016-04-14 03:00:00,0
"770",1624580081,2016-04-14 04:00:00,0
"771",1624580081,2016-04-14 05:00:00,0
"772",1624580081,2016-04-14 06:00:00,0
"773",1624580081,2016-04-14 07:00:00,0
"774",1624580081,2016-04-14 08:00:00,1958
"775",1624580081,2016-04-14 09:00:00,4148
"776",1624580081,2016-04-14 10:00:00,141
"777",1624580081,2016-04-14 11:00:00,468
"778",1624580081,2016-04-14 12:00:00,0
"779",1624580081,2016-04-14 13:00:00,0
"780",1624580081,2016-04-14 14:00:00,87
"781",1624580081,2016-04-14 15:00:00,34
"782",1624580081,2016-04-14 16:00:00,170
"783",1624580081,2016-04-14 17:00:00,1197
"784",1624580081,2016-04-14 18:00:00,182
"785",1624580081,2016-04-14 19:00:00,445
"786",1624580081,2016-04-14 20:00:00,0
"787",1624580081,2016-04-14 21:00:00,227
"788",1624580081,2016-04-14 22:00:00,0
"789",1624580081,2016-04-14 23:00:00,50
"790",1624580081,2016-04-15 00:00:00,178
"791",1624580081,2016-04-15 01:00:00,6
"792",1624580081,2016-04-15 02:00:00,0
"793",1624580081,2016-04-15 03:00:00,0
"794",1624580081,2016-04-15 04:00:00,0
"795",1624580081,2016-04-15 05:00:00,0
"796",1624580081,2016-04-15 06:00:00,0
"797",1624580081,2016-04-15 07:00:00,0
"798",1624580081,2016-04-15 08:00:00,0
"799",1624580081,2016-04-15 09:00:00,0
"800",1624580081,2016-04-15 10:00:00,0
"801",1624580081,2016-04-15 11:00:00,415
"802",1624580081,2016-04-15 12:00:00,0
"803",1624580081,2016-04-15 13:00:00,0
"804",1624580081,2016-04-15 14:00:00,0
"805",1624580081,2016-04-15 15:00:00,0
"806",1624580081,2016-04-15 16:00:00,0
"807",1624580081,2016-04-15 17:00:00,0
"808",1624580081,2016-04-15 18:00:00,6
"809",1624580081,2016-04-15 19:00:00,386
"810",1624580081,2016-04-15 20:00:00,0
"811",1624580081,2016-04-15 21:00:00,27
"812",1624580081,2016-04-15 22:00:00,287
"813",1624580081,2016-04-15 23:00:00,185
"814",1624580081,2016-04-16 00:00:00,465
"815",1624580081,2016-04-16 01:00:00,0
"816",1624580081,2016-04-16 02:00:00,81
"817",1624580081,2016-04-16 03:00:00,0
"818",1624580081,2016-04-16 04:00:00,0
"819",1624580081,2016-04-16 05:00:00,0
"820",1624580081,2016-04-16 06:00:00,0
"821",1624580081,2016-04-16 07:00:00,0
"822",1624580081,2016-04-16 08:00:00,0
"823",1624580081,2016-04-16 09:00:00,0
"824",1624580081,2016-04-16 10:00:00,259
"825",1624580081,2016-04-16 11:00:00,231
"826",1624580081,2016-04-16 12:00:00,126
"827",1624580081,2016-04-16 13:00:00,0
"828",1624580081,2016-04-16 14:00:00,291
"829",1624580081,2016-04-16 15:00:00,82
"830",1624580081,2016-04-16 16:00:00,0
"831",1624580081,2016-04-16 17:00:00,39
"832",1624580081,2016-04-16 18:00:00,0
"833",1624580081,2016-04-16 19:00:00,472
"834",1624580081,2016-04-16 20:00:00,28
"835",1624580081,2016-04-16 21:00:00,1211
"836",1624580081,2016-04-16 22:00:00,1962
"837",1624580081,2016-04-16 23:00:00,123
"838",1624580081,2016-04-17 00:00:00,115
"839",1624580081,2016-04-17 01:00:00,0
"840",1624580081,2016-04-17 02:00:00,67
"841",1624580081,2016-04-17 03:00:00,0
"842",1624580081,2016-04-17 04:00:00,0
"843",1624580081,2016-04-17 05:00:00,0
"844",1624580081,2016-04-17 06:00:00,0
"845",1624580081,2016-04-17 07:00:00,0
"846",1624580081,2016-04-17 08:00:00,0
"847",1624580081,2016-04-17 09:00:00,0
"848",1624580081,2016-04-17 10:00:00,49
"849",1624580081,2016-04-17 11:00:00,0
"850",1624580081,2016-04-17 12:00:00,193
"851",1624580081,2016-04-17 13:00:00,1374
"852",1624580081,2016-04-17 14:00:00,657
"853",1624580081,2016-04-17 15:00:00,19
"854",1624580081,2016-04-17 16:00:00,0
"855",1624580081,2016-04-17 17:00:00,2047
"856",1624580081,2016-04-17 18:00:00,401
"857",1624580081,2016-04-17 19:00:00,782
"858",1624580081,2016-04-17 20:00:00,156
"859",1624580081,2016-04-17 21:00:00,173
"860",1624580081,2016-04-17 22:00:00,28
"861",1624580081,2016-04-17 23:00:00,89
"862",1624580081,2016-04-18 00:00:00,59
"863",1624580081,2016-04-18 01:00:00,29
"864",1624580081,2016-04-18 02:00:00,0
"865",1624580081,2016-04-18 03:00:00,0
"866",1624580081,2016-04-18 04:00:00,0
"867",1624580081,2016-04-18 05:00:00,0
"868",1624580081,2016-04-18 06:00:00,0
"869",1624580081,2016-04-18 07:00:00,354
"870",1624580081,2016-04-18 08:00:00,4120
"871",1624580081,2016-04-18 09:00:00,17
"872",1624580081,2016-04-18 10:00:00,458
"873",1624580081,2016-04-18 11:00:00,261
"874",1624580081,2016-04-18 12:00:00,6
"875",1624580081,2016-04-18 13:00:00,0
"876",1624580081,2016-04-18 14:00:00,0
"877",1624580081,2016-04-18 15:00:00,812
"878",1624580081,2016-04-18 16:00:00,3242
"879",1624580081,2016-04-18 17:00:00,186
"880",1624580081,2016-04-18 18:00:00,314
"881",1624580081,2016-04-18 19:00:00,131
"882",1624580081,2016-04-18 20:00:00,180
"883",1624580081,2016-04-18 21:00:00,120
"884",1624580081,2016-04-18 22:00:00,124
"885",1624580081,2016-04-18 23:00:00,123
"886",1624580081,2016-04-19 00:00:00,0
"887",1624580081,2016-04-19 01:00:00,0
"888",1624580081,2016-04-19 02:00:00,0
"889",1624580081,2016-04-19 03:00:00,0
"890",1624580081,2016-04-19 04:00:00,0
"891",1624580081,2016-04-19 05:00:00,106
"892",1624580081,2016-04-19 06:00:00,333
"893",1624580081,2016-04-19 07:00:00,13
"894",1624580081,2016-04-19 08:00:00,227
"895",1624580081,2016-04-19 09:00:00,0
"896",1624580081,2016-04-19 10:00:00,0
"897",1624580081,2016-04-19 11:00:00,120
"898",1624580081,2016-04-19 12:00:00,826
"899",1624580081,2016-04-19 13:00:00,235
"900",1624580081,2016-04-19 14:00:00,495
"901",1624580081,2016-04-19 15:00:00,0
"902",1624580081,2016-04-19 16:00:00,0
"903",1624580081,2016-04-19 17:00:00,0
"904",1624580081,2016-04-19 18:00:00,351
"905",1624580081,2016-04-19 19:00:00,137
"906",1624580081,2016-04-19 20:00:00,12
"907",1624580081,2016-04-19 21:00:00,22
"908",1624580081,2016-04-19 22:00:00,39
"909",1624580081,2016-04-19 23:00:00,0
"910",1624580081,2016-04-20 00:00:00,123
"911",1624580081,2016-04-20 01:00:00,0
"912",1624580081,2016-04-20 02:00:00,0
"913",1624580081,2016-04-20 03:00:00,0
"914",1624580081,2016-04-20 04:00:00,0
"915",1624580081,2016-04-20 05:00:00,0
"916",1624580081,2016-04-20 06:00:00,0
"917",1624580081,2016-04-20 07:00:00,0
"918",1624580081,2016-04-20 08:00:00,0
"919",1624580081,2016-04-20 09:00:00,2608
"920",1624580081,2016-04-20 10:00:00,159
"921",1624580081,2016-04-20 11:00:00,89
"922",1624580081,2016-04-20 12:00:00,319
"923",1624580081,2016-04-20 13:00:00,8
"924",1624580081,2016-04-20 14:00:00,0
"925",1624580081,2016-04-20 15:00:00,46
"926",1624580081,2016-04-20 16:00:00,311
"927",1624580081,2016-04-20 17:00:00,353
"928",1624580081,2016-04-20 18:00:00,445
"929",1624580081,2016-04-20 19:00:00,62
"930",1624580081,2016-04-20 20:00:00,26
"931",1624580081,2016-04-20 21:00:00,35
"932",1624580081,2016-04-20 22:00:00,264
"933",1624580081,2016-04-20 23:00:00,126
"934",1624580081,2016-04-21 00:00:00,9
"935",1624580081,2016-04-21 01:00:00,0
"936",1624580081,2016-04-21 02:00:00,0
"937",1624580081,2016-04-21 03:00:00,106
"938",1624580081,2016-04-21 04:00:00,0
"939",1624580081,2016-04-21 05:00:00,0
"940",1624580081,2016-04-21 06:00:00,0
"941",1624580081,2016-04-21 07:00:00,0
"942",1624580081,2016-04-21 08:00:00,0
"943",1624580081,2016-04-21 09:00:00,186
"944",1624580081,2016-04-21 10:00:00,502
"945",1624580081,2016-04-21 11:00:00,339
"946",1624580081,2016-04-21 12:00:00,9
"947",1624580081,2016-04-21 13:00:00,0
"948",1624580081,2016-04-21 14:00:00,226
"949",1624580081,2016-04-21 15:00:00,111
"950",1624580081,2016-04-21 16:00:00,28
"951",1624580081,2016-04-21 17:00:00,218
"952",1624580081,2016-04-21 18:00:00,1287
"953",1624580081,2016-04-21 19:00:00,2880
"954",1624580081,2016-04-21 20:00:00,88
"955",1624580081,2016-04-21 21:00:00,180
"956",1624580081,2016-04-21 22:00:00,180
"957",1624580081,2016-04-21 23:00:00,0
"958",1624580081,2016-04-22 00:00:00,0
"959",1624580081,2016-04-22 01:00:00,0
"960",1624580081,2016-04-22 02:00:00,0
"961",1624580081,2016-04-22 03:00:00,105
"962",1624580081,2016-04-22 04:00:00,0
"963",1624580081,2016-04-22 05:00:00,0
"964",1624580081,2016-04-22 06:00:00,0
"965",1624580081,2016-04-22 07:00:00,142
"966",1624580081,2016-04-22 08:00:00,0
"967",1624580081,2016-04-22 09:00:00,12
"968",1624580081,2016-04-22 10:00:00,240
"969",1624580081,2016-04-22 11:00:00,205
"970",1624580081,2016-04-22 12:00:00,55
"971",1624580081,2016-04-22 13:00:00,149
"972",1624580081,2016-04-22 14:00:00,0
"973",1624580081,2016-04-22 15:00:00,0
"974",1624580081,2016-04-22 16:00:00,102
"975",1624580081,2016-04-22 17:00:00,58
"976",1624580081,2016-04-22 18:00:00,9
"977",1624580081,2016-04-22 19:00:00,345
"978",1624580081,2016-04-22 20:00:00,671
"979",1624580081,2016-04-22 21:00:00,430
"980",1624580081,2016-04-22 22:00:00,1013
"981",1624580081,2016-04-22 23:00:00,466
"982",1624580081,2016-04-23 00:00:00,218
"983",1624580081,2016-04-23 01:00:00,16
"984",1624580081,2016-04-23 02:00:00,0
"985",1624580081,2016-04-23 03:00:00,0
"986",1624580081,2016-04-23 04:00:00,0
"987",1624580081,2016-04-23 05:00:00,0
"988",1624580081,2016-04-23 06:00:00,0
"989",1624580081,2016-04-23 07:00:00,0
"990",1624580081,2016-04-23 08:00:00,0
"991",1624580081,2016-04-23 09:00:00,150
"992",1624580081,2016-04-23 10:00:00,722
"993",1624580081,2016-04-23 11:00:00,0
"994",1624580081,2016-04-23 12:00:00,97
"995",1624580081,2016-04-23 13:00:00,39
"996",1624580081,2016-04-23 14:00:00,221
"997",1624580081,2016-04-23 15:00:00,0
"998",1624580081,2016-04-23 16:00:00,350
"999",1624580081,2016-04-23 17:00:00,8
"1000",1624580081,2016-04-23 18:00:00,74
"1001",1624580081,2016-04-23 19:00:00,446
"1002",1624580081,2016-04-23 20:00:00,2628
"1003",1624580081,2016-04-23 21:00:00,2666
"1004",1624580081,2016-04-23 22:00:00,854
"1005",1624580081,2016-04-23 23:00:00,49
"1006",1624580081,2016-04-24 00:00:00,174
"1007",1624580081,2016-04-24 01:00:00,34
"1008",1624580081,2016-04-24 02:00:00,0
"1009",1624580081,2016-04-24 03:00:00,0
"1010",1624580081,2016-04-24 04:00:00,0
"1011",1624580081,2016-04-24 05:00:00,0
"1012",1624580081,2016-04-24 06:00:00,0
"1013",1624580081,2016-04-24 07:00:00,0
"1014",1624580081,2016-04-24 08:00:00,0
"1015",1624580081,2016-04-24 09:00:00,121
"1016",1624580081,2016-04-24 10:00:00,313
"1017",1624580081,2016-04-24 11:00:00,103
"1018",1624580081,2016-04-24 12:00:00,1236
"1019",1624580081,2016-04-24 13:00:00,1604
"1020",1624580081,2016-04-24 14:00:00,217
"1021",1624580081,2016-04-24 15:00:00,0
"1022",1624580081,2016-04-24 16:00:00,12
"1023",1624580081,2016-04-24 17:00:00,53
"1024",1624580081,2016-04-24 18:00:00,1456
"1025",1624580081,2016-04-24 19:00:00,232
"1026",1624580081,2016-04-24 20:00:00,397
"1027",1624580081,2016-04-24 21:00:00,24
"1028",1624580081,2016-04-24 22:00:00,100
"1029",1624580081,2016-04-24 23:00:00,0
"1030",1624580081,2016-04-25 00:00:00,0
"1031",1624580081,2016-04-25 01:00:00,6
"1032",1624580081,2016-04-25 02:00:00,0
"1033",1624580081,2016-04-25 03:00:00,0
"1034",1624580081,2016-04-25 04:00:00,0
"1035",1624580081,2016-04-25 05:00:00,0
"1036",1624580081,2016-04-25 06:00:00,0
"1037",1624580081,2016-04-25 07:00:00,0
"1038",1624580081,2016-04-25 08:00:00,221
"1039",1624580081,2016-04-25 09:00:00,148
"1040",1624580081,2016-04-25 10:00:00,2401
"1041",1624580081,2016-04-25 11:00:00,967
"1042",1624580081,2016-04-25 12:00:00,508
"1043",1624580081,2016-04-25 13:00:00,64
"1044",1624580081,2016-04-25 14:00:00,45
"1045",1624580081,2016-04-25 15:00:00,14
"1046",1624580081,2016-04-25 16:00:00,154
"1047",1624580081,2016-04-25 17:00:00,951
"1048",1624580081,2016-04-25 18:00:00,355
"1049",1624580081,2016-04-25 19:00:00,383
"1050",1624580081,2016-04-25 20:00:00,0
"1051",1624580081,2016-04-25 21:00:00,41
"1052",1624580081,2016-04-25 22:00:00,66
"1053",1624580081,2016-04-25 23:00:00,163
"1054",1624580081,2016-04-26 00:00:00,38
"1055",1624580081,2016-04-26 01:00:00,0
"1056",1624580081,2016-04-26 02:00:00,0
"1057",1624580081,2016-04-26 03:00:00,0
"1058",1624580081,2016-04-26 04:00:00,0
"1059",1624580081,2016-04-26 05:00:00,0
"1060",1624580081,2016-04-26 06:00:00,0
"1061",1624580081,2016-04-26 07:00:00,0
"1062",1624580081,2016-04-26 08:00:00,0
"1063",1624580081,2016-04-26 09:00:00,470
"1064",1624580081,2016-04-26 10:00:00,388
"1065",1624580081,2016-04-26 11:00:00,43
"1066",1624580081,2016-04-26 12:00:00,160
"1067",1624580081,2016-04-26 13:00:00,269
"1068",1624580081,2016-04-26 14:00:00,239
"1069",1624580081,2016-04-26 15:00:00,0
"1070",1624580081,2016-04-26 16:00:00,81
"1071",1624580081,2016-04-26 17:00:00,449
"1072",1624580081,2016-04-26 18:00:00,258
"1073",1624580081,2016-04-26 19:00:00,383
"1074",1624580081,2016-04-26 20:00:00,7
"1075",1624580081,2016-04-26 21:00:00,41
"1076",1624580081,2016-04-26 22:00:00,0
"1077",1624580081,2016-04-26 23:00:00,0
"1078",1624580081,2016-04-27 00:00:00,133
"1079",1624580081,2016-04-27 01:00:00,0
"1080",1624580081,2016-04-27 02:00:00,0
"1081",1624580081,2016-04-27 03:00:00,0
"1082",1624580081,2016-04-27 04:00:00,0
"1083",1624580081,2016-04-27 05:00:00,0
"1084",1624580081,2016-04-27 06:00:00,0
"1085",1624580081,2016-04-27 07:00:00,0
"1086",1624580081,2016-04-27 08:00:00,0
"1087",1624580081,2016-04-27 09:00:00,247
"1088",1624580081,2016-04-27 10:00:00,32
"1089",1624580081,2016-04-27 11:00:00,433
"1090",1624580081,2016-04-27 12:00:00,212
"1091",1624580081,2016-04-27 13:00:00,1239
"1092",1624580081,2016-04-27 14:00:00,4016
"1093",1624580081,2016-04-27 15:00:00,413
"1094",1624580081,2016-04-27 16:00:00,561
"1095",1624580081,2016-04-27 17:00:00,510
"1096",1624580081,2016-04-27 18:00:00,157
"1097",1624580081,2016-04-27 19:00:00,26
"1098",1624580081,2016-04-27 20:00:00,0
"1099",1624580081,2016-04-27 21:00:00,79
"1100",1624580081,2016-04-27 22:00:00,104
"1101",1624580081,2016-04-27 23:00:00,205
"1102",1624580081,2016-04-28 00:00:00,36
"1103",1624580081,2016-04-28 01:00:00,0
"1104",1624580081,2016-04-28 02:00:00,0
"1105",1624580081,2016-04-28 03:00:00,0
"1106",1624580081,2016-04-28 04:00:00,0
"1107",1624580081,2016-04-28 05:00:00,0
"1108",1624580081,2016-04-28 06:00:00,0
"1109",1624580081,2016-04-28 07:00:00,0
"1110",1624580081,2016-04-28 08:00:00,139
"1111",1624580081,2016-04-28 09:00:00,137
"1112",1624580081,2016-04-28 10:00:00,167
"1113",1624580081,2016-04-28 11:00:00,182
"1114",1624580081,2016-04-28 12:00:00,0
"1115",1624580081,2016-04-28 13:00:00,0
"1116",1624580081,2016-04-28 14:00:00,188
"1117",1624580081,2016-04-28 15:00:00,0
"1118",1624580081,2016-04-28 16:00:00,635
"1119",1624580081,2016-04-28 17:00:00,572
"1120",1624580081,2016-04-28 18:00:00,0
"1121",1624580081,2016-04-28 19:00:00,0
"1122",1624580081,2016-04-28 20:00:00,409
"1123",1624580081,2016-04-28 21:00:00,69
"1124",1624580081,2016-04-28 22:00:00,225
"1125",1624580081,2016-04-28 23:00:00,0
"1126",1624580081,2016-04-29 00:00:00,69
"1127",1624580081,2016-04-29 01:00:00,0
"1128",1624580081,2016-04-29 02:00:00,0
"1129",1624580081,2016-04-29 03:00:00,0
"1130",1624580081,2016-04-29 04:00:00,0
"1131",1624580081,2016-04-29 05:00:00,0
"1132",1624580081,2016-04-29 06:00:00,0
"1133",1624580081,2016-04-29 07:00:00,36
"1134",1624580081,2016-04-29 08:00:00,0
"1135",1624580081,2016-04-29 09:00:00,0
"1136",1624580081,2016-04-29 10:00:00,0
"1137",1624580081,2016-04-29 11:00:00,0
"1138",1624580081,2016-04-29 12:00:00,304
"1139",1624580081,2016-04-29 13:00:00,84
"1140",1624580081,2016-04-29 14:00:00,129
"1141",1624580081,2016-04-29 15:00:00,0
"1142",1624580081,2016-04-29 16:00:00,790
"1143",1624580081,2016-04-29 17:00:00,205
"1144",1624580081,2016-04-29 18:00:00,259
"1145",1624580081,2016-04-29 19:00:00,205
"1146",1624580081,2016-04-29 20:00:00,148
"1147",1624580081,2016-04-29 21:00:00,33
"1148",1624580081,2016-04-29 22:00:00,128
"1149",1624580081,2016-04-29 23:00:00,0
"1150",1624580081,2016-04-30 00:00:00,324
"1151",1624580081,2016-04-30 01:00:00,0
"1152",1624580081,2016-04-30 02:00:00,11
"1153",1624580081,2016-04-30 03:00:00,0
"1154",1624580081,2016-04-30 04:00:00,0
"1155",1624580081,2016-04-30 05:00:00,0
"1156",1624580081,2016-04-30 06:00:00,0
"1157",1624580081,2016-04-30 07:00:00,0
"1158",1624580081,2016-04-30 08:00:00,0
"1159",1624580081,2016-04-30 09:00:00,0
"1160",1624580081,2016-04-30 10:00:00,179
"1161",1624580081,2016-04-30 11:00:00,272
"1162",1624580081,2016-04-30 12:00:00,135
"1163",1624580081,2016-04-30 13:00:00,3579
"1164",1624580081,2016-04-30 14:00:00,307
"1165",1624580081,2016-04-30 15:00:00,648
"1166",1624580081,2016-04-30 16:00:00,57
"1167",1624580081,2016-04-30 17:00:00,0
"1168",1624580081,2016-04-30 18:00:00,381
"1169",1624580081,2016-04-30 19:00:00,185
"1170",1624580081,2016-04-30 20:00:00,66
"1171",1624580081,2016-04-30 21:00:00,107
"1172",1624580081,2016-04-30 22:00:00,145
"1173",1624580081,2016-04-30 23:00:00,78
"1174",1624580081,2016-05-01 00:00:00,6
"1175",1624580081,2016-05-01 01:00:00,0
"1176",1624580081,2016-05-01 02:00:00,0
"1177",1624580081,2016-05-01 03:00:00,0
"1178",1624580081,2016-05-01 04:00:00,207
"1179",1624580081,2016-05-01 05:00:00,1748
"1180",1624580081,2016-05-01 06:00:00,2759
"1181",1624580081,2016-05-01 07:00:00,7609
"1182",1624580081,2016-05-01 08:00:00,8520
"1183",1624580081,2016-05-01 09:00:00,8976
"1184",1624580081,2016-05-01 10:00:00,4282
"1185",1624580081,2016-05-01 11:00:00,176
"1186",1624580081,2016-05-01 12:00:00,217
"1187",1624580081,2016-05-01 13:00:00,41
"1188",1624580081,2016-05-01 14:00:00,0
"1189",1624580081,2016-05-01 15:00:00,0
"1190",1624580081,2016-05-01 16:00:00,180
"1191",1624580081,2016-05-01 17:00:00,46
"1192",1624580081,2016-05-01 18:00:00,128
"1193",1624580081,2016-05-01 19:00:00,125
"1194",1624580081,2016-05-01 20:00:00,385
"1195",1624580081,2016-05-01 21:00:00,289
"1196",1624580081,2016-05-01 22:00:00,272
"1197",1624580081,2016-05-01 23:00:00,53
"1198",1624580081,2016-05-02 00:00:00,82
"1199",1624580081,2016-05-02 01:00:00,0
"1200",1624580081,2016-05-02 02:00:00,0
"1201",1624580081,2016-05-02 03:00:00,0
"1202",1624580081,2016-05-02 04:00:00,0
"1203",1624580081,2016-05-02 05:00:00,0
"1204",1624580081,2016-05-02 06:00:00,100
"1205",1624580081,2016-05-02 07:00:00,0
"1206",1624580081,2016-05-02 08:00:00,0
"1207",1624580081,2016-05-02 09:00:00,0
"1208",1624580081,2016-05-02 10:00:00,671
"1209",1624580081,2016-05-02 11:00:00,1649
"1210",1624580081,2016-05-02 12:00:00,111
"1211",1624580081,2016-05-02 13:00:00,103
"1212",1624580081,2016-05-02 14:00:00,0
"1213",1624580081,2016-05-02 15:00:00,180
"1214",1624580081,2016-05-02 16:00:00,19
"1215",1624580081,2016-05-02 17:00:00,81
"1216",1624580081,2016-05-02 18:00:00,569
"1217",1624580081,2016-05-02 19:00:00,3261
"1218",1624580081,2016-05-02 20:00:00,50
"1219",1624580081,2016-05-02 21:00:00,57
"1220",1624580081,2016-05-02 22:00:00,150
"1221",1624580081,2016-05-02 23:00:00,72
"1222",1624580081,2016-05-03 00:00:00,0
"1223",1624580081,2016-05-03 01:00:00,0
"1224",1624580081,2016-05-03 02:00:00,0
"1225",1624580081,2016-05-03 03:00:00,0
"1226",1624580081,2016-05-03 04:00:00,0
"1227",1624580081,2016-05-03 05:00:00,0
"1228",1624580081,2016-05-03 06:00:00,66
"1229",1624580081,2016-05-03 07:00:00,507
"1230",1624580081,2016-05-03 08:00:00,0
"1231",1624580081,2016-05-03 09:00:00,0
"1232",1624580081,2016-05-03 10:00:00,0
"1233",1624580081,2016-05-03 11:00:00,0
"1234",1624580081,2016-05-03 12:00:00,130
"1235",1624580081,2016-05-03 13:00:00,127
"1236",1624580081,2016-05-03 14:00:00,128
"1237",1624580081,2016-05-03 15:00:00,7
"1238",1624580081,2016-05-03 16:00:00,0
"1239",1624580081,2016-05-03 17:00:00,0
"1240",1624580081,2016-05-03 18:00:00,585
"1241",1624580081,2016-05-03 19:00:00,223
"1242",1624580081,2016-05-03 20:00:00,0
"1243",1624580081,2016-05-03 21:00:00,16
"1244",1624580081,2016-05-03 22:00:00,155
"1245",1624580081,2016-05-03 23:00:00,156
"1246",1624580081,2016-05-04 00:00:00,0
"1247",1624580081,2016-05-04 01:00:00,0
"1248",1624580081,2016-05-04 02:00:00,15
"1249",1624580081,2016-05-04 03:00:00,0
"1250",1624580081,2016-05-04 04:00:00,0
"1251",1624580081,2016-05-04 05:00:00,0
"1252",1624580081,2016-05-04 06:00:00,45
"1253",1624580081,2016-05-04 07:00:00,0
"1254",1624580081,2016-05-04 08:00:00,0
"1255",1624580081,2016-05-04 09:00:00,0
"1256",1624580081,2016-05-04 10:00:00,181
"1257",1624580081,2016-05-04 11:00:00,341
"1258",1624580081,2016-05-04 12:00:00,34
"1259",1624580081,2016-05-04 13:00:00,0
"1260",1624580081,2016-05-04 14:00:00,0
"1261",1624580081,2016-05-04 15:00:00,634
"1262",1624580081,2016-05-04 16:00:00,132
"1263",1624580081,2016-05-04 17:00:00,99
"1264",1624580081,2016-05-04 18:00:00,218
"1265",1624580081,2016-05-04 19:00:00,129
"1266",1624580081,2016-05-04 20:00:00,106
"1267",1624580081,2016-05-04 21:00:00,177
"1268",1624580081,2016-05-04 22:00:00,4
"1269",1624580081,2016-05-04 23:00:00,78
"1270",1624580081,2016-05-05 00:00:00,0
"1271",1624580081,2016-05-05 01:00:00,0
"1272",1624580081,2016-05-05 02:00:00,0
"1273",1624580081,2016-05-05 03:00:00,0
"1274",1624580081,2016-05-05 04:00:00,0
"1275",1624580081,2016-05-05 05:00:00,0
"1276",1624580081,2016-05-05 06:00:00,116
"1277",1624580081,2016-05-05 07:00:00,0
"1278",1624580081,2016-05-05 08:00:00,0
"1279",1624580081,2016-05-05 09:00:00,0
"1280",1624580081,2016-05-05 10:00:00,0
"1281",1624580081,2016-05-05 11:00:00,497
"1282",1624580081,2016-05-05 12:00:00,97
"1283",1624580081,2016-05-05 13:00:00,523
"1284",1624580081,2016-05-05 14:00:00,340
"1285",1624580081,2016-05-05 15:00:00,83
"1286",1624580081,2016-05-05 16:00:00,48
"1287",1624580081,2016-05-05 17:00:00,82
"1288",1624580081,2016-05-05 18:00:00,52
"1289",1624580081,2016-05-05 19:00:00,419
"1290",1624580081,2016-05-05 20:00:00,9
"1291",1624580081,2016-05-05 21:00:00,60
"1292",1624580081,2016-05-05 22:00:00,76
"1293",1624580081,2016-05-05 23:00:00,68
"1294",1624580081,2016-05-06 00:00:00,151
"1295",1624580081,2016-05-06 01:00:00,0
"1296",1624580081,2016-05-06 02:00:00,174
"1297",1624580081,2016-05-06 03:00:00,0
"1298",1624580081,2016-05-06 04:00:00,0
"1299",1624580081,2016-05-06 05:00:00,0
"1300",1624580081,2016-05-06 06:00:00,0
"1301",1624580081,2016-05-06 07:00:00,0
"1302",1624580081,2016-05-06 08:00:00,0
"1303",1624580081,2016-05-06 09:00:00,0
"1304",1624580081,2016-05-06 10:00:00,0
"1305",1624580081,2016-05-06 11:00:00,144
"1306",1624580081,2016-05-06 12:00:00,60
"1307",1624580081,2016-05-06 13:00:00,101
"1308",1624580081,2016-05-06 14:00:00,4
"1309",1624580081,2016-05-06 15:00:00,0
"1310",1624580081,2016-05-06 16:00:00,0
"1311",1624580081,2016-05-06 17:00:00,5
"1312",1624580081,2016-05-06 18:00:00,152
"1313",1624580081,2016-05-06 19:00:00,230
"1314",1624580081,2016-05-06 20:00:00,223
"1315",1624580081,2016-05-06 21:00:00,136
"1316",1624580081,2016-05-06 22:00:00,136
"1317",1624580081,2016-05-06 23:00:00,211
"1318",1624580081,2016-05-07 00:00:00,121
"1319",1624580081,2016-05-07 01:00:00,277
"1320",1624580081,2016-05-07 02:00:00,171
"1321",1624580081,2016-05-07 03:00:00,0
"1322",1624580081,2016-05-07 04:00:00,0
"1323",1624580081,2016-05-07 05:00:00,0
"1324",1624580081,2016-05-07 06:00:00,0
"1325",1624580081,2016-05-07 07:00:00,0
"1326",1624580081,2016-05-07 08:00:00,0
"1327",1624580081,2016-05-07 09:00:00,0
"1328",1624580081,2016-05-07 10:00:00,0
"1329",1624580081,2016-05-07 11:00:00,0
"1330",1624580081,2016-05-07 12:00:00,199
"1331",1624580081,2016-05-07 13:00:00,210
"1332",1624580081,2016-05-07 14:00:00,262
"1333",1624580081,2016-05-07 15:00:00,0
"1334",1624580081,2016-05-07 16:00:00,0
"1335",1624580081,2016-05-07 17:00:00,162
"1336",1624580081,2016-05-07 18:00:00,417
"1337",1624580081,2016-05-07 19:00:00,173
"1338",1624580081,2016-05-07 20:00:00,50
"1339",1624580081,2016-05-07 21:00:00,7
"1340",1624580081,2016-05-07 22:00:00,19
"1341",1624580081,2016-05-07 23:00:00,36
"1342",1624580081,2016-05-08 00:00:00,0
"1343",1624580081,2016-05-08 01:00:00,0
"1344",1624580081,2016-05-08 02:00:00,473
"1345",1624580081,2016-05-08 03:00:00,52
"1346",1624580081,2016-05-08 04:00:00,0
"1347",1624580081,2016-05-08 05:00:00,0
"1348",1624580081,2016-05-08 06:00:00,0
"1349",1624580081,2016-05-08 07:00:00,0
"1350",1624580081,2016-05-08 08:00:00,0
"1351",1624580081,2016-05-08 09:00:00,8
"1352",1624580081,2016-05-08 10:00:00,144
"1353",1624580081,2016-05-08 11:00:00,310
"1354",1624580081,2016-05-08 12:00:00,22
"1355",1624580081,2016-05-08 13:00:00,82
"1356",1624580081,2016-05-08 14:00:00,333
"1357",1624580081,2016-05-08 15:00:00,588
"1358",1624580081,2016-05-08 16:00:00,74
"1359",1624580081,2016-05-08 17:00:00,470
"1360",1624580081,2016-05-08 18:00:00,110
"1361",1624580081,2016-05-08 19:00:00,149
"1362",1624580081,2016-05-08 20:00:00,230
"1363",1624580081,2016-05-08 21:00:00,158
"1364",1624580081,2016-05-08 22:00:00,0
"1365",1624580081,2016-05-08 23:00:00,224
"1366",1624580081,2016-05-09 00:00:00,0
"1367",1624580081,2016-05-09 01:00:00,0
"1368",1624580081,2016-05-09 02:00:00,36
"1369",1624580081,2016-05-09 03:00:00,0
"1370",1624580081,2016-05-09 04:00:00,0
"1371",1624580081,2016-05-09 05:00:00,0
"1372",1624580081,2016-05-09 06:00:00,0
"1373",1624580081,2016-05-09 07:00:00,0
"1374",1624580081,2016-05-09 08:00:00,0
"1375",1624580081,2016-05-09 09:00:00,0
"1376",1624580081,2016-05-09 10:00:00,0
"1377",1624580081,2016-05-09 11:00:00,0
"1378",1624580081,2016-05-09 12:00:00,307
"1379",1624580081,2016-05-09 13:00:00,243
"1380",1624580081,2016-05-09 14:00:00,309
"1381",1624580081,2016-05-09 15:00:00,73
"1382",1624580081,2016-05-09 16:00:00,243
"1383",1624580081,2016-05-09 17:00:00,10
"1384",1624580081,2016-05-09 18:00:00,100
"1385",1624580081,2016-05-09 19:00:00,274
"1386",1624580081,2016-05-09 20:00:00,0
"1387",1624580081,2016-05-09 21:00:00,83
"1388",1624580081,2016-05-09 22:00:00,43
"1389",1624580081,2016-05-09 23:00:00,11
"1390",1624580081,2016-05-10 00:00:00,111
"1391",1624580081,2016-05-10 01:00:00,0
"1392",1624580081,2016-05-10 02:00:00,0
"1393",1624580081,2016-05-10 03:00:00,0
"1394",1624580081,2016-05-10 04:00:00,0
"1395",1624580081,2016-05-10 05:00:00,0
"1396",1624580081,2016-05-10 06:00:00,0
"1397",1624580081,2016-05-10 07:00:00,0
"1398",1624580081,2016-05-10 08:00:00,0
"1399",1624580081,2016-05-10 09:00:00,0
"1400",1624580081,2016-05-10 10:00:00,0
"1401",1624580081,2016-05-10 11:00:00,0
"1402",1624580081,2016-05-10 12:00:00,19
"1403",1624580081,2016-05-10 13:00:00,1376
"1404",1624580081,2016-05-10 14:00:00,338
"1405",1624580081,2016-05-10 15:00:00,6
"1406",1624580081,2016-05-10 16:00:00,13
"1407",1624580081,2016-05-10 17:00:00,118
"1408",1624580081,2016-05-10 18:00:00,644
"1409",1624580081,2016-05-10 19:00:00,47
"1410",1624580081,2016-05-10 20:00:00,172
"1411",1624580081,2016-05-10 21:00:00,30
"1412",1624580081,2016-05-10 22:00:00,84
"1413",1624580081,2016-05-10 23:00:00,11
"1414",1624580081,2016-05-11 00:00:00,0
"1415",1624580081,2016-05-11 01:00:00,0
"1416",1624580081,2016-05-11 02:00:00,18
"1417",1624580081,2016-05-11 03:00:00,0
"1418",1624580081,2016-05-11 04:00:00,0
"1419",1624580081,2016-05-11 05:00:00,0
"1420",1624580081,2016-05-11 06:00:00,0
"1421",1624580081,2016-05-11 07:00:00,0
"1422",1624580081,2016-05-11 08:00:00,0
"1423",1624580081,2016-05-11 09:00:00,0
"1424",1624580081,2016-05-11 10:00:00,0
"1425",1624580081,2016-05-11 11:00:00,0
"1426",1624580081,2016-05-11 12:00:00,0
"1427",1624580081,2016-05-11 13:00:00,154
"1428",1624580081,2016-05-11 14:00:00,199
"1429",1624580081,2016-05-11 15:00:00,664
"1430",1624580081,2016-05-11 16:00:00,302
"1431",1624580081,2016-05-11 17:00:00,477
"1432",1624580081,2016-05-11 18:00:00,861
"1433",1624580081,2016-05-11 19:00:00,53
"1434",1624580081,2016-05-11 20:00:00,77
"1435",1624580081,2016-05-11 21:00:00,0
"1436",1624580081,2016-05-11 22:00:00,251
"1437",1624580081,2016-05-11 23:00:00,78
"1438",1624580081,2016-05-12 00:00:00,24
"1439",1624580081,2016-05-12 01:00:00,60
"1440",1624580081,2016-05-12 02:00:00,121
"1441",1624580081,2016-05-12 03:00:00,0
"1442",1624580081,2016-05-12 04:00:00,6
"1443",1624580081,2016-05-12 05:00:00,0
"1444",1624580081,2016-05-12 06:00:00,0
"1445",1624580081,2016-05-12 07:00:00,0
"1446",1624580081,2016-05-12 08:00:00,0
"1447",1624580081,2016-05-12 09:00:00,0
"1448",1624580081,2016-05-12 10:00:00,97
"1449",1624580081,2016-05-12 11:00:00,0
"1450",1624580081,2016-05-12 12:00:00,215
"1451",1624580081,2016-05-12 13:00:00,300
"1452",1624580081,2016-05-12 14:00:00,1795
"1453",1624580081,2016-05-12 15:00:00,121
"1454",1644430081,2016-04-12 00:00:00,45
"1455",1644430081,2016-04-12 01:00:00,8
"1456",1644430081,2016-04-12 02:00:00,0
"1457",1644430081,2016-04-12 03:00:00,0
"1458",1644430081,2016-04-12 04:00:00,0
"1459",1644430081,2016-04-12 05:00:00,0
"1460",1644430081,2016-04-12 06:00:00,0
"1461",1644430081,2016-04-12 07:00:00,0
"1462",1644430081,2016-04-12 08:00:00,451
"1463",1644430081,2016-04-12 09:00:00,318
"1464",1644430081,2016-04-12 10:00:00,288
"1465",1644430081,2016-04-12 11:00:00,107
"1466",1644430081,2016-04-12 12:00:00,68
"1467",1644430081,2016-04-12 13:00:00,5
"1468",1644430081,2016-04-12 14:00:00,539
"1469",1644430081,2016-04-12 15:00:00,79
"1470",1644430081,2016-04-12 16:00:00,156
"1471",1644430081,2016-04-12 17:00:00,205
"1472",1644430081,2016-04-12 18:00:00,1676
"1473",1644430081,2016-04-12 19:00:00,1669
"1474",1644430081,2016-04-12 20:00:00,1467
"1475",1644430081,2016-04-12 21:00:00,2076
"1476",1644430081,2016-04-12 22:00:00,1527
"1477",1644430081,2016-04-12 23:00:00,10
"1478",1644430081,2016-04-13 00:00:00,0
"1479",1644430081,2016-04-13 01:00:00,0
"1480",1644430081,2016-04-13 02:00:00,0
"1481",1644430081,2016-04-13 03:00:00,0
"1482",1644430081,2016-04-13 04:00:00,0
"1483",1644430081,2016-04-13 05:00:00,0
"1484",1644430081,2016-04-13 06:00:00,0
"1485",1644430081,2016-04-13 07:00:00,0
"1486",1644430081,2016-04-13 08:00:00,488
"1487",1644430081,2016-04-13 09:00:00,255
"1488",1644430081,2016-04-13 10:00:00,11
"1489",1644430081,2016-04-13 11:00:00,217
"1490",1644430081,2016-04-13 12:00:00,501
"1491",1644430081,2016-04-13 13:00:00,88
"1492",1644430081,2016-04-13 14:00:00,72
"1493",1644430081,2016-04-13 15:00:00,20
"1494",1644430081,2016-04-13 16:00:00,170
"1495",1644430081,2016-04-13 17:00:00,418
"1496",1644430081,2016-04-13 18:00:00,602
"1497",1644430081,2016-04-13 19:00:00,4660
"1498",1644430081,2016-04-13 20:00:00,499
"1499",1644430081,2016-04-13 21:00:00,0
"1500",1644430081,2016-04-13 22:00:00,0
"1501",1644430081,2016-04-13 23:00:00,0
"1502",1644430081,2016-04-14 00:00:00,0
"1503",1644430081,2016-04-14 01:00:00,0
"1504",1644430081,2016-04-14 02:00:00,0
"1505",1644430081,2016-04-14 03:00:00,0
"1506",1644430081,2016-04-14 04:00:00,0
"1507",1644430081,2016-04-14 05:00:00,0
"1508",1644430081,2016-04-14 06:00:00,0
"1509",1644430081,2016-04-14 07:00:00,0
"1510",1644430081,2016-04-14 08:00:00,466
"1511",1644430081,2016-04-14 09:00:00,18
"1512",1644430081,2016-04-14 10:00:00,25
"1513",1644430081,2016-04-14 11:00:00,525
"1514",1644430081,2016-04-14 12:00:00,101
"1515",1644430081,2016-04-14 13:00:00,465
"1516",1644430081,2016-04-14 14:00:00,73
"1517",1644430081,2016-04-14 15:00:00,173
"1518",1644430081,2016-04-14 16:00:00,174
"1519",1644430081,2016-04-14 17:00:00,392
"1520",1644430081,2016-04-14 18:00:00,1108
"1521",1644430081,2016-04-14 19:00:00,2162
"1522",1644430081,2016-04-14 20:00:00,1723
"1523",1644430081,2016-04-14 21:00:00,1686
"1524",1644430081,2016-04-14 22:00:00,1937
"1525",1644430081,2016-04-14 23:00:00,9
"1526",1644430081,2016-04-15 00:00:00,0
"1527",1644430081,2016-04-15 01:00:00,0
"1528",1644430081,2016-04-15 02:00:00,0
"1529",1644430081,2016-04-15 03:00:00,0
"1530",1644430081,2016-04-15 04:00:00,0
"1531",1644430081,2016-04-15 05:00:00,0
"1532",1644430081,2016-04-15 06:00:00,0
"1533",1644430081,2016-04-15 07:00:00,586
"1534",1644430081,2016-04-15 08:00:00,89
"1535",1644430081,2016-04-15 09:00:00,9
"1536",1644430081,2016-04-15 10:00:00,5
"1537",1644430081,2016-04-15 11:00:00,352
"1538",1644430081,2016-04-15 12:00:00,210
"1539",1644430081,2016-04-15 13:00:00,94
"1540",1644430081,2016-04-15 14:00:00,458
"1541",1644430081,2016-04-15 15:00:00,32
"1542",1644430081,2016-04-15 16:00:00,512
"1543",1644430081,2016-04-15 17:00:00,129
"1544",1644430081,2016-04-15 18:00:00,655
"1545",1644430081,2016-04-15 19:00:00,449
"1546",1644430081,2016-04-15 20:00:00,1337
"1547",1644430081,2016-04-15 21:00:00,11
"1548",1644430081,2016-04-15 22:00:00,31
"1549",1644430081,2016-04-15 23:00:00,304
"1550",1644430081,2016-04-16 00:00:00,0
"1551",1644430081,2016-04-16 01:00:00,0
"1552",1644430081,2016-04-16 02:00:00,0
"1553",1644430081,2016-04-16 03:00:00,0
"1554",1644430081,2016-04-16 04:00:00,0
"1555",1644430081,2016-04-16 05:00:00,0
"1556",1644430081,2016-04-16 06:00:00,0
"1557",1644430081,2016-04-16 07:00:00,0
"1558",1644430081,2016-04-16 08:00:00,0
"1559",1644430081,2016-04-16 09:00:00,0
"1560",1644430081,2016-04-16 10:00:00,0
"1561",1644430081,2016-04-16 11:00:00,783
"1562",1644430081,2016-04-16 12:00:00,1959
"1563",1644430081,2016-04-16 13:00:00,1814
"1564",1644430081,2016-04-16 14:00:00,879
"1565",1644430081,2016-04-16 15:00:00,1229
"1566",1644430081,2016-04-16 16:00:00,3434
"1567",1644430081,2016-04-16 17:00:00,1163
"1568",1644430081,2016-04-16 18:00:00,562
"1569",1644430081,2016-04-16 19:00:00,62
"1570",1644430081,2016-04-16 20:00:00,679
"1571",1644430081,2016-04-16 21:00:00,1100
"1572",1644430081,2016-04-16 22:00:00,1400
"1573",1644430081,2016-04-16 23:00:00,159
"1574",1644430081,2016-04-17 00:00:00,836
"1575",1644430081,2016-04-17 01:00:00,561
"1576",1644430081,2016-04-17 02:00:00,0
"1577",1644430081,2016-04-17 03:00:00,0
"1578",1644430081,2016-04-17 04:00:00,0
"1579",1644430081,2016-04-17 05:00:00,0
"1580",1644430081,2016-04-17 06:00:00,0
"1581",1644430081,2016-04-17 07:00:00,0
"1582",1644430081,2016-04-17 08:00:00,0
"1583",1644430081,2016-04-17 09:00:00,0
"1584",1644430081,2016-04-17 10:00:00,0
"1585",1644430081,2016-04-17 11:00:00,0
"1586",1644430081,2016-04-17 12:00:00,608
"1587",1644430081,2016-04-17 13:00:00,979
"1588",1644430081,2016-04-17 14:00:00,3195
"1589",1644430081,2016-04-17 15:00:00,278
"1590",1644430081,2016-04-17 16:00:00,44
"1591",1644430081,2016-04-17 17:00:00,149
"1592",1644430081,2016-04-17 18:00:00,189
"1593",1644430081,2016-04-17 19:00:00,327
"1594",1644430081,2016-04-17 20:00:00,629
"1595",1644430081,2016-04-17 21:00:00,394
"1596",1644430081,2016-04-17 22:00:00,319
"1597",1644430081,2016-04-17 23:00:00,249
"1598",1644430081,2016-04-18 00:00:00,152
"1599",1644430081,2016-04-18 01:00:00,0
"1600",1644430081,2016-04-18 02:00:00,0
"1601",1644430081,2016-04-18 03:00:00,0
"1602",1644430081,2016-04-18 04:00:00,0
"1603",1644430081,2016-04-18 05:00:00,0
"1604",1644430081,2016-04-18 06:00:00,0
"1605",1644430081,2016-04-18 07:00:00,16
"1606",1644430081,2016-04-18 08:00:00,596
"1607",1644430081,2016-04-18 09:00:00,160
"1608",1644430081,2016-04-18 10:00:00,18
"1609",1644430081,2016-04-18 11:00:00,11
"1610",1644430081,2016-04-18 12:00:00,219
"1611",1644430081,2016-04-18 13:00:00,679
"1612",1644430081,2016-04-18 14:00:00,105
"1613",1644430081,2016-04-18 15:00:00,153
"1614",1644430081,2016-04-18 16:00:00,31
"1615",1644430081,2016-04-18 17:00:00,470
"1616",1644430081,2016-04-18 18:00:00,498
"1617",1644430081,2016-04-18 19:00:00,3815
"1618",1644430081,2016-04-18 20:00:00,209
"1619",1644430081,2016-04-18 21:00:00,0
"1620",1644430081,2016-04-18 22:00:00,0
"1621",1644430081,2016-04-18 23:00:00,0
"1622",1644430081,2016-04-19 00:00:00,0
"1623",1644430081,2016-04-19 01:00:00,0
"1624",1644430081,2016-04-19 02:00:00,0
"1625",1644430081,2016-04-19 03:00:00,0
"1626",1644430081,2016-04-19 04:00:00,0
"1627",1644430081,2016-04-19 05:00:00,0
"1628",1644430081,2016-04-19 06:00:00,0
"1629",1644430081,2016-04-19 07:00:00,0
"1630",1644430081,2016-04-19 08:00:00,524
"1631",1644430081,2016-04-19 09:00:00,127
"1632",1644430081,2016-04-19 10:00:00,228
"1633",1644430081,2016-04-19 11:00:00,85
"1634",1644430081,2016-04-19 12:00:00,323
"1635",1644430081,2016-04-19 13:00:00,97
"1636",1644430081,2016-04-19 14:00:00,610
"1637",1644430081,2016-04-19 15:00:00,96
"1638",1644430081,2016-04-19 16:00:00,66
"1639",1644430081,2016-04-19 17:00:00,274
"1640",1644430081,2016-04-19 18:00:00,1470
"1641",1644430081,2016-04-19 19:00:00,2402
"1642",1644430081,2016-04-19 20:00:00,1296
"1643",1644430081,2016-04-19 21:00:00,1949
"1644",1644430081,2016-04-19 22:00:00,1521
"1645",1644430081,2016-04-19 23:00:00,163
"1646",1644430081,2016-04-20 00:00:00,5
"1647",1644430081,2016-04-20 01:00:00,4
"1648",1644430081,2016-04-20 02:00:00,3
"1649",1644430081,2016-04-20 03:00:00,2
"1650",1644430081,2016-04-20 04:00:00,3
"1651",1644430081,2016-04-20 05:00:00,3
"1652",1644430081,2016-04-20 06:00:00,2
"1653",1644430081,2016-04-20 07:00:00,3
"1654",1644430081,2016-04-20 08:00:00,350
"1655",1644430081,2016-04-20 09:00:00,94
"1656",1644430081,2016-04-20 10:00:00,200
"1657",1644430081,2016-04-20 11:00:00,51
"1658",1644430081,2016-04-20 12:00:00,6
"1659",1644430081,2016-04-20 13:00:00,369
"1660",1644430081,2016-04-20 14:00:00,361
"1661",1644430081,2016-04-20 15:00:00,247
"1662",1644430081,2016-04-20 16:00:00,5
"1663",1644430081,2016-04-20 17:00:00,36
"1664",1644430081,2016-04-20 18:00:00,11
"1665",1644430081,2016-04-20 19:00:00,39
"1666",1644430081,2016-04-20 20:00:00,16
"1667",1644430081,2016-04-20 21:00:00,483
"1668",1644430081,2016-04-20 22:00:00,134
"1669",1644430081,2016-04-20 23:00:00,9
"1670",1644430081,2016-04-21 00:00:00,0
"1671",1644430081,2016-04-21 01:00:00,0
"1672",1644430081,2016-04-21 02:00:00,0
"1673",1644430081,2016-04-21 03:00:00,0
"1674",1644430081,2016-04-21 04:00:00,0
"1675",1644430081,2016-04-21 05:00:00,0
"1676",1644430081,2016-04-21 06:00:00,0
"1677",1644430081,2016-04-21 07:00:00,0
"1678",1644430081,2016-04-21 08:00:00,0
"1679",1644430081,2016-04-21 09:00:00,0
"1680",1644430081,2016-04-21 10:00:00,16
"1681",1644430081,2016-04-21 11:00:00,44
"1682",1644430081,2016-04-21 12:00:00,0
"1683",1644430081,2016-04-21 13:00:00,0
"1684",1644430081,2016-04-21 14:00:00,35
"1685",1644430081,2016-04-21 15:00:00,0
"1686",1644430081,2016-04-21 16:00:00,506
"1687",1644430081,2016-04-21 17:00:00,0
"1688",1644430081,2016-04-21 18:00:00,0
"1689",1644430081,2016-04-21 19:00:00,120
"1690",1644430081,2016-04-21 20:00:00,320
"1691",1644430081,2016-04-21 21:00:00,161
"1692",1644430081,2016-04-21 22:00:00,0
"1693",1644430081,2016-04-21 23:00:00,21
"1694",1644430081,2016-04-22 00:00:00,0
"1695",1644430081,2016-04-22 01:00:00,0
"1696",1644430081,2016-04-22 02:00:00,329
"1697",1644430081,2016-04-22 03:00:00,0
"1698",1644430081,2016-04-22 04:00:00,59
"1699",1644430081,2016-04-22 05:00:00,0
"1700",1644430081,2016-04-22 06:00:00,0
"1701",1644430081,2016-04-22 07:00:00,0
"1702",1644430081,2016-04-22 08:00:00,0
"1703",1644430081,2016-04-22 09:00:00,0
"1704",1644430081,2016-04-22 10:00:00,0
"1705",1644430081,2016-04-22 11:00:00,0
"1706",1644430081,2016-04-22 12:00:00,556
"1707",1644430081,2016-04-22 13:00:00,720
"1708",1644430081,2016-04-22 14:00:00,756
"1709",1644430081,2016-04-22 15:00:00,11
"1710",1644430081,2016-04-22 16:00:00,263
"1711",1644430081,2016-04-22 17:00:00,0
"1712",1644430081,2016-04-22 18:00:00,0
"1713",1644430081,2016-04-22 19:00:00,23
"1714",1644430081,2016-04-22 20:00:00,819
"1715",1644430081,2016-04-22 21:00:00,137
"1716",1644430081,2016-04-22 22:00:00,0
"1717",1644430081,2016-04-22 23:00:00,0
"1718",1644430081,2016-04-23 00:00:00,0
"1719",1644430081,2016-04-23 01:00:00,24
"1720",1644430081,2016-04-23 02:00:00,23
"1721",1644430081,2016-04-23 03:00:00,0
"1722",1644430081,2016-04-23 04:00:00,0
"1723",1644430081,2016-04-23 05:00:00,0
"1724",1644430081,2016-04-23 06:00:00,0
"1725",1644430081,2016-04-23 07:00:00,0
"1726",1644430081,2016-04-23 08:00:00,8
"1727",1644430081,2016-04-23 09:00:00,0
"1728",1644430081,2016-04-23 10:00:00,0
"1729",1644430081,2016-04-23 11:00:00,0
"1730",1644430081,2016-04-23 12:00:00,0
"1731",1644430081,2016-04-23 13:00:00,0
"1732",1644430081,2016-04-23 14:00:00,0
"1733",1644430081,2016-04-23 15:00:00,0
"1734",1644430081,2016-04-23 16:00:00,170
"1735",1644430081,2016-04-23 17:00:00,727
"1736",1644430081,2016-04-23 18:00:00,1451
"1737",1644430081,2016-04-23 19:00:00,1984
"1738",1644430081,2016-04-23 20:00:00,2098
"1739",1644430081,2016-04-23 21:00:00,144
"1740",1644430081,2016-04-23 22:00:00,0
"1741",1644430081,2016-04-23 23:00:00,8
"1742",1644430081,2016-04-24 00:00:00,16
"1743",1644430081,2016-04-24 01:00:00,16
"1744",1644430081,2016-04-24 02:00:00,12
"1745",1644430081,2016-04-24 03:00:00,0
"1746",1644430081,2016-04-24 04:00:00,0
"1747",1644430081,2016-04-24 05:00:00,0
"1748",1644430081,2016-04-24 06:00:00,0
"1749",1644430081,2016-04-24 07:00:00,0
"1750",1644430081,2016-04-24 08:00:00,0
"1751",1644430081,2016-04-24 09:00:00,0
"1752",1644430081,2016-04-24 10:00:00,0
"1753",1644430081,2016-04-24 11:00:00,0
"1754",1644430081,2016-04-24 12:00:00,176
"1755",1644430081,2016-04-24 13:00:00,844
"1756",1644430081,2016-04-24 14:00:00,871
"1757",1644430081,2016-04-24 15:00:00,368
"1758",1644430081,2016-04-24 16:00:00,6
"1759",1644430081,2016-04-24 17:00:00,288
"1760",1644430081,2016-04-24 18:00:00,45
"1761",1644430081,2016-04-24 19:00:00,336
"1762",1644430081,2016-04-24 20:00:00,313
"1763",1644430081,2016-04-24 21:00:00,0
"1764",1644430081,2016-04-24 22:00:00,22
"1765",1644430081,2016-04-24 23:00:00,8
"1766",1644430081,2016-04-25 00:00:00,0
"1767",1644430081,2016-04-25 01:00:00,0
"1768",1644430081,2016-04-25 02:00:00,0
"1769",1644430081,2016-04-25 03:00:00,0
"1770",1644430081,2016-04-25 04:00:00,0
"1771",1644430081,2016-04-25 05:00:00,0
"1772",1644430081,2016-04-25 06:00:00,0
"1773",1644430081,2016-04-25 07:00:00,0
"1774",1644430081,2016-04-25 08:00:00,541
"1775",1644430081,2016-04-25 09:00:00,7
"1776",1644430081,2016-04-25 10:00:00,981
"1777",1644430081,2016-04-25 11:00:00,247
"1778",1644430081,2016-04-25 12:00:00,24
"1779",1644430081,2016-04-25 13:00:00,343
"1780",1644430081,2016-04-25 14:00:00,0
"1781",1644430081,2016-04-25 15:00:00,14
"1782",1644430081,2016-04-25 16:00:00,39
"1783",1644430081,2016-04-25 17:00:00,421
"1784",1644430081,2016-04-25 18:00:00,283
"1785",1644430081,2016-04-25 19:00:00,583
"1786",1644430081,2016-04-25 20:00:00,0
"1787",1644430081,2016-04-25 21:00:00,0
"1788",1644430081,2016-04-25 22:00:00,0
"1789",1644430081,2016-04-25 23:00:00,97
"1790",1644430081,2016-04-26 00:00:00,8
"1791",1644430081,2016-04-26 01:00:00,0
"1792",1644430081,2016-04-26 02:00:00,0
"1793",1644430081,2016-04-26 03:00:00,0
"1794",1644430081,2016-04-26 04:00:00,0
"1795",1644430081,2016-04-26 05:00:00,0
"1796",1644430081,2016-04-26 06:00:00,0
"1797",1644430081,2016-04-26 07:00:00,0
"1798",1644430081,2016-04-26 08:00:00,478
"1799",1644430081,2016-04-26 09:00:00,368
"1800",1644430081,2016-04-26 10:00:00,18
"1801",1644430081,2016-04-26 11:00:00,73
"1802",1644430081,2016-04-26 12:00:00,32
"1803",1644430081,2016-04-26 13:00:00,389
"1804",1644430081,2016-04-26 14:00:00,204
"1805",1644430081,2016-04-26 15:00:00,239
"1806",1644430081,2016-04-26 16:00:00,160
"1807",1644430081,2016-04-26 17:00:00,181
"1808",1644430081,2016-04-26 18:00:00,1565
"1809",1644430081,2016-04-26 19:00:00,1123
"1810",1644430081,2016-04-26 20:00:00,802
"1811",1644430081,2016-04-26 21:00:00,2810
"1812",1644430081,2016-04-26 22:00:00,1431
"1813",1644430081,2016-04-26 23:00:00,38
"1814",1644430081,2016-04-27 00:00:00,0
"1815",1644430081,2016-04-27 01:00:00,0
"1816",1644430081,2016-04-27 02:00:00,0
"1817",1644430081,2016-04-27 03:00:00,0
"1818",1644430081,2016-04-27 04:00:00,0
"1819",1644430081,2016-04-27 05:00:00,0
"1820",1644430081,2016-04-27 06:00:00,0
"1821",1644430081,2016-04-27 07:00:00,0
"1822",1644430081,2016-04-27 08:00:00,472
"1823",1644430081,2016-04-27 09:00:00,48
"1824",1644430081,2016-04-27 10:00:00,73
"1825",1644430081,2016-04-27 11:00:00,148
"1826",1644430081,2016-04-27 12:00:00,78
"1827",1644430081,2016-04-27 13:00:00,448
"1828",1644430081,2016-04-27 14:00:00,138
"1829",1644430081,2016-04-27 15:00:00,298
"1830",1644430081,2016-04-27 16:00:00,60
"1831",1644430081,2016-04-27 17:00:00,553
"1832",1644430081,2016-04-27 18:00:00,357
"1833",1644430081,2016-04-27 19:00:00,314
"1834",1644430081,2016-04-27 20:00:00,45
"1835",1644430081,2016-04-27 21:00:00,0
"1836",1644430081,2016-04-27 22:00:00,0
"1837",1644430081,2016-04-27 23:00:00,0
"1838",1644430081,2016-04-28 00:00:00,0
"1839",1644430081,2016-04-28 01:00:00,0
"1840",1644430081,2016-04-28 02:00:00,0
"1841",1644430081,2016-04-28 03:00:00,0
"1842",1644430081,2016-04-28 04:00:00,0
"1843",1644430081,2016-04-28 05:00:00,0
"1844",1644430081,2016-04-28 06:00:00,0
"1845",1644430081,2016-04-28 07:00:00,0
"1846",1644430081,2016-04-28 08:00:00,378
"1847",1644430081,2016-04-28 09:00:00,111
"1848",1644430081,2016-04-28 10:00:00,194
"1849",1644430081,2016-04-28 11:00:00,53
"1850",1644430081,2016-04-28 12:00:00,27
"1851",1644430081,2016-04-28 13:00:00,164
"1852",1644430081,2016-04-28 14:00:00,30
"1853",1644430081,2016-04-28 15:00:00,243
"1854",1644430081,2016-04-28 16:00:00,117
"1855",1644430081,2016-04-28 17:00:00,513
"1856",1644430081,2016-04-28 18:00:00,1356
"1857",1644430081,2016-04-28 19:00:00,2035
"1858",1644430081,2016-04-28 20:00:00,1236
"1859",1644430081,2016-04-28 21:00:00,1833
"1860",1644430081,2016-04-28 22:00:00,1115
"1861",1644430081,2016-04-28 23:00:00,0
"1862",1644430081,2016-04-29 00:00:00,0
"1863",1644430081,2016-04-29 01:00:00,0
"1864",1644430081,2016-04-29 02:00:00,0
"1865",1644430081,2016-04-29 03:00:00,0
"1866",1644430081,2016-04-29 04:00:00,0
"1867",1644430081,2016-04-29 05:00:00,0
"1868",1644430081,2016-04-29 06:00:00,0
"1869",1644430081,2016-04-29 07:00:00,366
"1870",1644430081,2016-04-29 08:00:00,36
"1871",1644430081,2016-04-29 09:00:00,24
"1872",1644430081,2016-04-29 10:00:00,336
"1873",1644430081,2016-04-29 11:00:00,338
"1874",1644430081,2016-04-29 12:00:00,11
"1875",1644430081,2016-04-29 13:00:00,363
"1876",1644430081,2016-04-29 14:00:00,469
"1877",1644430081,2016-04-29 15:00:00,290
"1878",1644430081,2016-04-29 16:00:00,76
"1879",1644430081,2016-04-29 17:00:00,755
"1880",1644430081,2016-04-29 18:00:00,59
"1881",1644430081,2016-04-29 19:00:00,0
"1882",1644430081,2016-04-29 20:00:00,0
"1883",1644430081,2016-04-29 21:00:00,53
"1884",1644430081,2016-04-29 22:00:00,0
"1885",1644430081,2016-04-29 23:00:00,0
"1886",1644430081,2016-04-30 00:00:00,0
"1887",1644430081,2016-04-30 01:00:00,0
"1888",1644430081,2016-04-30 02:00:00,0
"1889",1644430081,2016-04-30 03:00:00,0
"1890",1644430081,2016-04-30 04:00:00,0
"1891",1644430081,2016-04-30 05:00:00,0
"1892",1644430081,2016-04-30 06:00:00,0
"1893",1644430081,2016-04-30 07:00:00,1306
"1894",1644430081,2016-04-30 08:00:00,1116
"1895",1644430081,2016-04-30 09:00:00,687
"1896",1644430081,2016-04-30 10:00:00,506
"1897",1644430081,2016-04-30 11:00:00,1522
"1898",1644430081,2016-04-30 12:00:00,954
"1899",1644430081,2016-04-30 13:00:00,783
"1900",1644430081,2016-04-30 14:00:00,469
"1901",1644430081,2016-04-30 15:00:00,51
"1902",1644430081,2016-04-30 16:00:00,0
"1903",1644430081,2016-04-30 17:00:00,694
"1904",1644430081,2016-04-30 18:00:00,2743
"1905",1644430081,2016-04-30 19:00:00,2275
"1906",1644430081,2016-04-30 20:00:00,1363
"1907",1644430081,2016-04-30 21:00:00,2543
"1908",1644430081,2016-04-30 22:00:00,1201
"1909",1644430081,2016-04-30 23:00:00,0
"1910",1644430081,2016-05-01 00:00:00,0
"1911",1644430081,2016-05-01 01:00:00,0
"1912",1644430081,2016-05-01 02:00:00,0
"1913",1644430081,2016-05-01 03:00:00,0
"1914",1644430081,2016-05-01 04:00:00,0
"1915",1644430081,2016-05-01 05:00:00,0
"1916",1644430081,2016-05-01 06:00:00,0
"1917",1644430081,2016-05-01 07:00:00,0
"1918",1644430081,2016-05-01 08:00:00,0
"1919",1644430081,2016-05-01 09:00:00,0
"1920",1644430081,2016-05-01 10:00:00,0
"1921",1644430081,2016-05-01 11:00:00,0
"1922",1644430081,2016-05-01 12:00:00,375
"1923",1644430081,2016-05-01 13:00:00,315
"1924",1644430081,2016-05-01 14:00:00,1234
"1925",1644430081,2016-05-01 15:00:00,162
"1926",1644430081,2016-05-01 16:00:00,1090
"1927",1644430081,2016-05-01 17:00:00,655
"1928",1644430081,2016-05-01 18:00:00,1013
"1929",1644430081,2016-05-01 19:00:00,920
"1930",1644430081,2016-05-01 20:00:00,368
"1931",1644430081,2016-05-01 21:00:00,0
"1932",1644430081,2016-05-01 22:00:00,0
"1933",1644430081,2016-05-01 23:00:00,0
"1934",1644430081,2016-05-02 00:00:00,0
"1935",1644430081,2016-05-02 01:00:00,0
"1936",1644430081,2016-05-02 02:00:00,0
"1937",1644430081,2016-05-02 03:00:00,0
"1938",1644430081,2016-05-02 04:00:00,0
"1939",1644430081,2016-05-02 05:00:00,0
"1940",1644430081,2016-05-02 06:00:00,0
"1941",1644430081,2016-05-02 07:00:00,0
"1942",1644430081,2016-05-02 08:00:00,0
"1943",1644430081,2016-05-02 09:00:00,0
"1944",1644430081,2016-05-02 10:00:00,0
"1945",1644430081,2016-05-02 11:00:00,404
"1946",1644430081,2016-05-02 12:00:00,173
"1947",1644430081,2016-05-02 13:00:00,21
"1948",1644430081,2016-05-02 14:00:00,239
"1949",1644430081,2016-05-02 15:00:00,95
"1950",1644430081,2016-05-02 16:00:00,206
"1951",1644430081,2016-05-02 17:00:00,794
"1952",1644430081,2016-05-02 18:00:00,685
"1953",1644430081,2016-05-02 19:00:00,803
"1954",1644430081,2016-05-02 20:00:00,308
"1955",1644430081,2016-05-02 21:00:00,0
"1956",1644430081,2016-05-02 22:00:00,0
"1957",1644430081,2016-05-02 23:00:00,0
"1958",1644430081,2016-05-03 00:00:00,7
"1959",1644430081,2016-05-03 01:00:00,0
"1960",1644430081,2016-05-03 02:00:00,0
"1961",1644430081,2016-05-03 03:00:00,0
"1962",1644430081,2016-05-03 04:00:00,0
"1963",1644430081,2016-05-03 05:00:00,0
"1964",1644430081,2016-05-03 06:00:00,0
"1965",1644430081,2016-05-03 07:00:00,0
"1966",1644430081,2016-05-03 08:00:00,373
"1967",1644430081,2016-05-03 09:00:00,189
"1968",1644430081,2016-05-03 10:00:00,466
"1969",1644430081,2016-05-03 11:00:00,73
"1970",1644430081,2016-05-03 12:00:00,20
"1971",1644430081,2016-05-03 13:00:00,431
"1972",1644430081,2016-05-03 14:00:00,40
"1973",1644430081,2016-05-03 15:00:00,35
"1974",1644430081,2016-05-03 16:00:00,69
"1975",1644430081,2016-05-03 17:00:00,376
"1976",1644430081,2016-05-03 18:00:00,1298
"1977",1644430081,2016-05-03 19:00:00,2095
"1978",1644430081,2016-05-03 20:00:00,2674
"1979",1644430081,2016-05-03 21:00:00,2700
"1980",1644430081,2016-05-03 22:00:00,1925
"1981",1644430081,2016-05-03 23:00:00,18
"1982",1644430081,2016-05-04 00:00:00,20
"1983",1644430081,2016-05-04 01:00:00,0
"1984",1644430081,2016-05-04 02:00:00,0
"1985",1644430081,2016-05-04 03:00:00,0
"1986",1644430081,2016-05-04 04:00:00,0
"1987",1644430081,2016-05-04 05:00:00,0
"1988",1644430081,2016-05-04 06:00:00,0
"1989",1644430081,2016-05-04 07:00:00,0
"1990",1644430081,2016-05-04 08:00:00,518
"1991",1644430081,2016-05-04 09:00:00,0
"1992",1644430081,2016-05-04 10:00:00,0
"1993",1644430081,2016-05-04 11:00:00,0
"1994",1644430081,2016-05-04 12:00:00,127
"1995",1644430081,2016-05-04 13:00:00,206
"1996",1644430081,2016-05-04 14:00:00,0
"1997",1644430081,2016-05-04 15:00:00,652
"1998",1644430081,2016-05-04 16:00:00,0
"1999",1644430081,2016-05-04 17:00:00,0
"2000",1644430081,2016-05-04 18:00:00,708
"2001",1644430081,2016-05-04 19:00:00,0
"2002",1644430081,2016-05-04 20:00:00,52
"2003",1644430081,2016-05-04 21:00:00,17
"2004",1644430081,2016-05-04 22:00:00,9
"2005",1644430081,2016-05-04 23:00:00,0
"2006",1644430081,2016-05-05 00:00:00,0
"2007",1644430081,2016-05-05 01:00:00,0
"2008",1644430081,2016-05-05 02:00:00,0
"2009",1644430081,2016-05-05 03:00:00,0
"2010",1644430081,2016-05-05 04:00:00,0
"2011",1644430081,2016-05-05 05:00:00,0
"2012",1644430081,2016-05-05 06:00:00,0
"2013",1644430081,2016-05-05 07:00:00,0
"2014",1644430081,2016-05-05 08:00:00,475
"2015",1644430081,2016-05-05 09:00:00,0
"2016",1644430081,2016-05-05 10:00:00,0
"2017",1644430081,2016-05-05 11:00:00,0
"2018",1644430081,2016-05-05 12:00:00,308
"2019",1644430081,2016-05-05 13:00:00,15
"2020",1644430081,2016-05-05 14:00:00,0
"2021",1644430081,2016-05-05 15:00:00,0
"2022",1644430081,2016-05-05 16:00:00,0
"2023",1644430081,2016-05-05 17:00:00,631
"2024",1644430081,2016-05-05 18:00:00,325
"2025",1644430081,2016-05-05 19:00:00,832
"2026",1644430081,2016-05-05 20:00:00,190
"2027",1644430081,2016-05-05 21:00:00,162
"2028",1644430081,2016-05-05 22:00:00,50
"2029",1644430081,2016-05-05 23:00:00,1375
"2030",1644430081,2016-05-06 00:00:00,974
"2031",1644430081,2016-05-06 01:00:00,226
"2032",1644430081,2016-05-06 02:00:00,116
"2033",1644430081,2016-05-06 03:00:00,227
"2034",1644430081,2016-05-06 04:00:00,4
"2035",1644430081,2016-05-06 05:00:00,4
"2036",1644430081,2016-05-06 06:00:00,4
"2037",1644430081,2016-05-06 07:00:00,4
"2038",1644430081,2016-05-06 08:00:00,342
"2039",1644430081,2016-05-06 09:00:00,926
"2040",1644430081,2016-05-06 10:00:00,126
"2041",1644430081,2016-05-06 11:00:00,26
"2042",1644430081,2016-05-06 12:00:00,1588
"2043",1644430081,2016-05-06 13:00:00,1187
"2044",1644430081,2016-05-06 14:00:00,408
"2045",1644430081,2016-05-06 15:00:00,1780
"2046",1644430081,2016-05-06 16:00:00,136
"2047",1644430081,2016-05-06 17:00:00,176
"2048",1644430081,2016-05-06 18:00:00,123
"2049",1644430081,2016-05-06 19:00:00,253
"2050",1644430081,2016-05-06 20:00:00,187
"2051",1644430081,2016-05-06 21:00:00,785
"2052",1644430081,2016-05-06 22:00:00,63
"2053",1644430081,2016-05-06 23:00:00,93
"2054",1644430081,2016-05-07 00:00:00,148
"2055",1644430081,2016-05-07 01:00:00,0
"2056",1644430081,2016-05-07 02:00:00,0
"2057",1644430081,2016-05-07 03:00:00,0
"2058",1644430081,2016-05-07 04:00:00,0
"2059",1644430081,2016-05-07 05:00:00,0
"2060",1644430081,2016-05-07 06:00:00,0
"2061",1644430081,2016-05-07 07:00:00,0
"2062",1644430081,2016-05-07 08:00:00,512
"2063",1644430081,2016-05-07 09:00:00,97
"2064",1644430081,2016-05-07 10:00:00,85
"2065",1644430081,2016-05-07 11:00:00,1922
"2066",1644430081,2016-05-07 12:00:00,1695
"2067",1644430081,2016-05-07 13:00:00,1936
"2068",1644430081,2016-05-07 14:00:00,1599
"2069",1644430081,2016-05-07 15:00:00,773
"2070",1644430081,2016-05-07 16:00:00,1481
"2071",1644430081,2016-05-07 17:00:00,1626
"2072",1644430081,2016-05-07 18:00:00,14
"2073",1644430081,2016-05-07 19:00:00,303
"2074",1644430081,2016-05-07 20:00:00,331
"2075",1644430081,2016-05-07 21:00:00,429
"2076",1644430081,2016-05-07 22:00:00,202
"2077",1644430081,2016-05-07 23:00:00,219
"2078",1644430081,2016-05-08 00:00:00,137
"2079",1644430081,2016-05-08 01:00:00,298
"2080",1644430081,2016-05-08 02:00:00,798
"2081",1644430081,2016-05-08 03:00:00,7
"2082",1644430081,2016-05-08 04:00:00,7
"2083",1644430081,2016-05-08 05:00:00,7
"2084",1644430081,2016-05-08 06:00:00,7
"2085",1644430081,2016-05-08 07:00:00,7
"2086",1644430081,2016-05-08 08:00:00,7
"2087",1644430081,2016-05-08 09:00:00,587
"2088",1644430081,2016-05-08 10:00:00,867
"2089",1644430081,2016-05-08 11:00:00,609
"2090",1644430081,2016-05-08 12:00:00,256
"2091",1644430081,2016-05-08 13:00:00,380
"2092",1644430081,2016-05-08 14:00:00,354
"2093",1644430081,2016-05-08 15:00:00,302
"2094",1644430081,2016-05-08 16:00:00,493
"2095",1644430081,2016-05-08 17:00:00,769
"2096",1644430081,2016-05-08 18:00:00,37
"2097",1644430081,2016-05-08 19:00:00,8
"2098",1644430081,2016-05-08 20:00:00,15
"2099",1644430081,2016-05-08 21:00:00,460
"2100",1644430081,2016-05-08 22:00:00,270
"2101",1644430081,2016-05-08 23:00:00,42
"2102",1644430081,2016-05-09 00:00:00,2
"2103",1644430081,2016-05-09 01:00:00,1
"2104",1644430081,2016-05-09 02:00:00,1
"2105",1644430081,2016-05-09 03:00:00,1
"2106",1644430081,2016-05-09 04:00:00,1
"2107",1644430081,2016-05-09 05:00:00,1
"2108",1644430081,2016-05-09 06:00:00,1
"2109",1644430081,2016-05-09 07:00:00,1
"2110",1644430081,2016-05-09 08:00:00,611
"2111",1644430081,2016-05-09 09:00:00,15
"2112",1644430081,2016-05-09 10:00:00,14
"2113",1644430081,2016-05-09 11:00:00,97
"2114",1644430081,2016-05-09 12:00:00,163
"2115",1644430081,2016-05-09 13:00:00,218
"2116",1644430081,2016-05-09 14:00:00,19
"2117",1644430081,2016-05-09 15:00:00,18
"2118",1644430081,2016-05-09 16:00:00,19
"2119",1644430081,2016-05-09 17:00:00,19
"2120",1644430081,2016-05-09 18:00:00,710
"2121",1644430081,2016-05-09 19:00:00,4084
"2122",1644430081,2016-05-09 20:00:00,549
"2123",1644430081,2016-05-09 21:00:00,48
"2124",1644430081,2016-05-09 22:00:00,0
"2125",1644430081,2016-05-09 23:00:00,50
"2126",1644430081,2016-05-10 00:00:00,27
"2127",1644430081,2016-05-10 01:00:00,0
"2128",1644430081,2016-05-10 02:00:00,0
"2129",1644430081,2016-05-10 03:00:00,0
"2130",1644430081,2016-05-10 04:00:00,0
"2131",1644430081,2016-05-10 05:00:00,0
"2132",1644430081,2016-05-10 06:00:00,0
"2133",1644430081,2016-05-10 07:00:00,0
"2134",1644430081,2016-05-10 08:00:00,158
"2135",1644430081,2016-05-10 09:00:00,574
"2136",1644430081,2016-05-10 10:00:00,194
"2137",1644430081,2016-05-10 11:00:00,0
"2138",1644430081,2016-05-10 12:00:00,0
"2139",1644430081,2016-05-10 13:00:00,369
"2140",1644430081,2016-05-10 14:00:00,0
"2141",1644430081,2016-05-10 15:00:00,0
"2142",1644430081,2016-05-10 16:00:00,0
"2143",1644430081,2016-05-10 17:00:00,0
"2144",1644430081,2016-05-10 18:00:00,1803
"2145",1644430081,2016-05-10 19:00:00,1115
"2146",1644430081,2016-05-10 20:00:00,1474
"2147",1644430081,2016-05-10 21:00:00,2213
"2148",1644430081,2016-05-10 22:00:00,1227
"2149",1644430081,2016-05-10 23:00:00,13
"2150",1644430081,2016-05-11 00:00:00,8
"2151",1644430081,2016-05-11 01:00:00,0
"2152",1644430081,2016-05-11 02:00:00,0
"2153",1644430081,2016-05-11 03:00:00,0
"2154",1644430081,2016-05-11 04:00:00,0
"2155",1644430081,2016-05-11 05:00:00,0
"2156",1644430081,2016-05-11 06:00:00,0
"2157",1644430081,2016-05-11 07:00:00,166
"2158",1644430081,2016-05-11 08:00:00,463
"2159",1644430081,2016-05-11 09:00:00,179
"2160",1644430081,2016-05-11 10:00:00,70
"2161",1644430081,2016-05-11 11:00:00,103
"2162",1844505072,2016-04-12 00:00:00,0
"2163",1844505072,2016-04-12 01:00:00,0
"2164",1844505072,2016-04-12 02:00:00,0
"2165",1844505072,2016-04-12 03:00:00,0
"2166",1844505072,2016-04-12 04:00:00,0
"2167",1844505072,2016-04-12 05:00:00,0
"2168",1844505072,2016-04-12 06:00:00,0
"2169",1844505072,2016-04-12 07:00:00,0
"2170",1844505072,2016-04-12 08:00:00,114
"2171",1844505072,2016-04-12 09:00:00,682
"2172",1844505072,2016-04-12 10:00:00,582
"2173",1844505072,2016-04-12 11:00:00,429
"2174",1844505072,2016-04-12 12:00:00,814
"2175",1844505072,2016-04-12 13:00:00,377
"2176",1844505072,2016-04-12 14:00:00,301
"2177",1844505072,2016-04-12 15:00:00,643
"2178",1844505072,2016-04-12 16:00:00,456
"2179",1844505072,2016-04-12 17:00:00,410
"2180",1844505072,2016-04-12 18:00:00,533
"2181",1844505072,2016-04-12 19:00:00,228
"2182",1844505072,2016-04-12 20:00:00,489
"2183",1844505072,2016-04-12 21:00:00,166
"2184",1844505072,2016-04-12 22:00:00,436
"2185",1844505072,2016-04-12 23:00:00,37
"2186",1844505072,2016-04-13 00:00:00,0
"2187",1844505072,2016-04-13 01:00:00,0
"2188",1844505072,2016-04-13 02:00:00,0
"2189",1844505072,2016-04-13 03:00:00,0
"2190",1844505072,2016-04-13 04:00:00,0
"2191",1844505072,2016-04-13 05:00:00,0
"2192",1844505072,2016-04-13 06:00:00,0
"2193",1844505072,2016-04-13 07:00:00,0
"2194",1844505072,2016-04-13 08:00:00,0
"2195",1844505072,2016-04-13 09:00:00,0
"2196",1844505072,2016-04-13 10:00:00,744
"2197",1844505072,2016-04-13 11:00:00,281
"2198",1844505072,2016-04-13 12:00:00,347
"2199",1844505072,2016-04-13 13:00:00,43
"2200",1844505072,2016-04-13 14:00:00,175
"2201",1844505072,2016-04-13 15:00:00,139
"2202",1844505072,2016-04-13 16:00:00,452
"2203",1844505072,2016-04-13 17:00:00,234
"2204",1844505072,2016-04-13 18:00:00,608
"2205",1844505072,2016-04-13 19:00:00,401
"2206",1844505072,2016-04-13 20:00:00,323
"2207",1844505072,2016-04-13 21:00:00,561
"2208",1844505072,2016-04-13 22:00:00,168
"2209",1844505072,2016-04-13 23:00:00,453
"2210",1844505072,2016-04-14 00:00:00,189
"2211",1844505072,2016-04-14 01:00:00,87
"2212",1844505072,2016-04-14 02:00:00,0
"2213",1844505072,2016-04-14 03:00:00,0
"2214",1844505072,2016-04-14 04:00:00,0
"2215",1844505072,2016-04-14 05:00:00,0
"2216",1844505072,2016-04-14 06:00:00,0
"2217",1844505072,2016-04-14 07:00:00,48
"2218",1844505072,2016-04-14 08:00:00,638
"2219",1844505072,2016-04-14 09:00:00,613
"2220",1844505072,2016-04-14 10:00:00,836
"2221",1844505072,2016-04-14 11:00:00,555
"2222",1844505072,2016-04-14 12:00:00,288
"2223",1844505072,2016-04-14 13:00:00,505
"2224",1844505072,2016-04-14 14:00:00,284
"2225",1844505072,2016-04-14 15:00:00,188
"2226",1844505072,2016-04-14 16:00:00,222
"2227",1844505072,2016-04-14 17:00:00,688
"2228",1844505072,2016-04-14 18:00:00,315
"2229",1844505072,2016-04-14 19:00:00,1290
"2230",1844505072,2016-04-14 20:00:00,560
"2231",1844505072,2016-04-14 21:00:00,288
"2232",1844505072,2016-04-14 22:00:00,167
"2233",1844505072,2016-04-14 23:00:00,144
"2234",1844505072,2016-04-15 00:00:00,100
"2235",1844505072,2016-04-15 01:00:00,0
"2236",1844505072,2016-04-15 02:00:00,0
"2237",1844505072,2016-04-15 03:00:00,0
"2238",1844505072,2016-04-15 04:00:00,0
"2239",1844505072,2016-04-15 05:00:00,0
"2240",1844505072,2016-04-15 06:00:00,0
"2241",1844505072,2016-04-15 07:00:00,0
"2242",1844505072,2016-04-15 08:00:00,0
"2243",1844505072,2016-04-15 09:00:00,0
"2244",1844505072,2016-04-15 10:00:00,176
"2245",1844505072,2016-04-15 11:00:00,170
"2246",1844505072,2016-04-15 12:00:00,354
"2247",1844505072,2016-04-15 13:00:00,413
"2248",1844505072,2016-04-15 14:00:00,443
"2249",1844505072,2016-04-15 15:00:00,441
"2250",1844505072,2016-04-15 16:00:00,280
"2251",1844505072,2016-04-15 17:00:00,213
"2252",1844505072,2016-04-15 18:00:00,0
"2253",1844505072,2016-04-15 19:00:00,0
"2254",1844505072,2016-04-15 20:00:00,0
"2255",1844505072,2016-04-15 21:00:00,457
"2256",1844505072,2016-04-15 22:00:00,494
"2257",1844505072,2016-04-15 23:00:00,303
"2258",1844505072,2016-04-16 00:00:00,0
"2259",1844505072,2016-04-16 01:00:00,0
"2260",1844505072,2016-04-16 02:00:00,0
"2261",1844505072,2016-04-16 03:00:00,0
"2262",1844505072,2016-04-16 04:00:00,0
"2263",1844505072,2016-04-16 05:00:00,0
"2264",1844505072,2016-04-16 06:00:00,0
"2265",1844505072,2016-04-16 07:00:00,0
"2266",1844505072,2016-04-16 08:00:00,0
"2267",1844505072,2016-04-16 09:00:00,63
"2268",1844505072,2016-04-16 10:00:00,308
"2269",1844505072,2016-04-16 11:00:00,481
"2270",1844505072,2016-04-16 12:00:00,480
"2271",1844505072,2016-04-16 13:00:00,1150
"2272",1844505072,2016-04-16 14:00:00,787
"2273",1844505072,2016-04-16 15:00:00,134
"2274",1844505072,2016-04-16 16:00:00,11
"2275",1844505072,2016-04-16 17:00:00,0
"2276",1844505072,2016-04-16 18:00:00,0
"2277",1844505072,2016-04-16 19:00:00,0
"2278",1844505072,2016-04-16 20:00:00,0
"2279",1844505072,2016-04-16 21:00:00,0
"2280",1844505072,2016-04-16 22:00:00,0
"2281",1844505072,2016-04-16 23:00:00,0
"2282",1844505072,2016-04-17 00:00:00,0
"2283",1844505072,2016-04-17 01:00:00,0
"2284",1844505072,2016-04-17 02:00:00,0
"2285",1844505072,2016-04-17 03:00:00,0
"2286",1844505072,2016-04-17 04:00:00,0
"2287",1844505072,2016-04-17 05:00:00,0
"2288",1844505072,2016-04-17 06:00:00,0
"2289",1844505072,2016-04-17 07:00:00,0
"2290",1844505072,2016-04-17 08:00:00,0
"2291",1844505072,2016-04-17 09:00:00,0
"2292",1844505072,2016-04-17 10:00:00,0
"2293",1844505072,2016-04-17 11:00:00,0
"2294",1844505072,2016-04-17 12:00:00,0
"2295",1844505072,2016-04-17 13:00:00,0
"2296",1844505072,2016-04-17 14:00:00,391
"2297",1844505072,2016-04-17 15:00:00,815
"2298",1844505072,2016-04-17 16:00:00,1450
"2299",1844505072,2016-04-17 17:00:00,337
"2300",1844505072,2016-04-17 18:00:00,190
"2301",1844505072,2016-04-17 19:00:00,332
"2302",1844505072,2016-04-17 20:00:00,420
"2303",1844505072,2016-04-17 21:00:00,253
"2304",1844505072,2016-04-17 22:00:00,181
"2305",1844505072,2016-04-17 23:00:00,156
"2306",1844505072,2016-04-18 00:00:00,371
"2307",1844505072,2016-04-18 01:00:00,0
"2308",1844505072,2016-04-18 02:00:00,0
"2309",1844505072,2016-04-18 03:00:00,0
"2310",1844505072,2016-04-18 04:00:00,0
"2311",1844505072,2016-04-18 05:00:00,0
"2312",1844505072,2016-04-18 06:00:00,113
"2313",1844505072,2016-04-18 07:00:00,74
"2314",1844505072,2016-04-18 08:00:00,396
"2315",1844505072,2016-04-18 09:00:00,200
"2316",1844505072,2016-04-18 10:00:00,362
"2317",1844505072,2016-04-18 11:00:00,0
"2318",1844505072,2016-04-18 12:00:00,0
"2319",1844505072,2016-04-18 13:00:00,0
"2320",1844505072,2016-04-18 14:00:00,0
"2321",1844505072,2016-04-18 15:00:00,14
"2322",1844505072,2016-04-18 16:00:00,20
"2323",1844505072,2016-04-18 17:00:00,259
"2324",1844505072,2016-04-18 18:00:00,365
"2325",1844505072,2016-04-18 19:00:00,605
"2326",1844505072,2016-04-18 20:00:00,182
"2327",1844505072,2016-04-18 21:00:00,437
"2328",1844505072,2016-04-18 22:00:00,1104
"2329",1844505072,2016-04-18 23:00:00,95
"2330",1844505072,2016-04-19 00:00:00,138
"2331",1844505072,2016-04-19 01:00:00,0
"2332",1844505072,2016-04-19 02:00:00,0
"2333",1844505072,2016-04-19 03:00:00,0
"2334",1844505072,2016-04-19 04:00:00,0
"2335",1844505072,2016-04-19 05:00:00,0
"2336",1844505072,2016-04-19 06:00:00,0
"2337",1844505072,2016-04-19 07:00:00,0
"2338",1844505072,2016-04-19 08:00:00,0
"2339",1844505072,2016-04-19 09:00:00,0
"2340",1844505072,2016-04-19 10:00:00,59
"2341",1844505072,2016-04-19 11:00:00,0
"2342",1844505072,2016-04-19 12:00:00,0
"2343",1844505072,2016-04-19 13:00:00,0
"2344",1844505072,2016-04-19 14:00:00,0
"2345",1844505072,2016-04-19 15:00:00,0
"2346",1844505072,2016-04-19 16:00:00,0
"2347",1844505072,2016-04-19 17:00:00,0
"2348",1844505072,2016-04-19 18:00:00,0
"2349",1844505072,2016-04-19 19:00:00,0
"2350",1844505072,2016-04-19 20:00:00,0
"2351",1844505072,2016-04-19 21:00:00,0
"2352",1844505072,2016-04-19 22:00:00,0
"2353",1844505072,2016-04-19 23:00:00,0
"2354",1844505072,2016-04-20 00:00:00,0
"2355",1844505072,2016-04-20 01:00:00,0
"2356",1844505072,2016-04-20 02:00:00,0
"2357",1844505072,2016-04-20 03:00:00,0
"2358",1844505072,2016-04-20 04:00:00,0
"2359",1844505072,2016-04-20 05:00:00,0
"2360",1844505072,2016-04-20 06:00:00,0
"2361",1844505072,2016-04-20 07:00:00,0
"2362",1844505072,2016-04-20 08:00:00,0
"2363",1844505072,2016-04-20 09:00:00,0
"2364",1844505072,2016-04-20 10:00:00,0
"2365",1844505072,2016-04-20 11:00:00,0
"2366",1844505072,2016-04-20 12:00:00,0
"2367",1844505072,2016-04-20 13:00:00,0
"2368",1844505072,2016-04-20 14:00:00,0
"2369",1844505072,2016-04-20 15:00:00,0
"2370",1844505072,2016-04-20 16:00:00,0
"2371",1844505072,2016-04-20 17:00:00,0
"2372",1844505072,2016-04-20 18:00:00,0
"2373",1844505072,2016-04-20 19:00:00,0
"2374",1844505072,2016-04-20 20:00:00,0
"2375",1844505072,2016-04-20 21:00:00,0
"2376",1844505072,2016-04-20 22:00:00,8
"2377",1844505072,2016-04-20 23:00:00,0
"2378",1844505072,2016-04-21 00:00:00,0
"2379",1844505072,2016-04-21 01:00:00,0
"2380",1844505072,2016-04-21 02:00:00,0
"2381",1844505072,2016-04-21 03:00:00,0
"2382",1844505072,2016-04-21 04:00:00,0
"2383",1844505072,2016-04-21 05:00:00,0
"2384",1844505072,2016-04-21 06:00:00,0
"2385",1844505072,2016-04-21 07:00:00,0
"2386",1844505072,2016-04-21 08:00:00,325
"2387",1844505072,2016-04-21 09:00:00,817
"2388",1844505072,2016-04-21 10:00:00,622
"2389",1844505072,2016-04-21 11:00:00,482
"2390",1844505072,2016-04-21 12:00:00,252
"2391",1844505072,2016-04-21 13:00:00,298
"2392",1844505072,2016-04-21 14:00:00,452
"2393",1844505072,2016-04-21 15:00:00,263
"2394",1844505072,2016-04-21 16:00:00,396
"2395",1844505072,2016-04-21 17:00:00,850
"2396",1844505072,2016-04-21 18:00:00,192
"2397",1844505072,2016-04-21 19:00:00,547
"2398",1844505072,2016-04-21 20:00:00,2043
"2399",1844505072,2016-04-21 21:00:00,130
"2400",1844505072,2016-04-21 22:00:00,385
"2401",1844505072,2016-04-21 23:00:00,0
"2402",1844505072,2016-04-22 00:00:00,0
"2403",1844505072,2016-04-22 01:00:00,0
"2404",1844505072,2016-04-22 02:00:00,0
"2405",1844505072,2016-04-22 03:00:00,0
"2406",1844505072,2016-04-22 04:00:00,0
"2407",1844505072,2016-04-22 05:00:00,0
"2408",1844505072,2016-04-22 06:00:00,0
"2409",1844505072,2016-04-22 07:00:00,0
"2410",1844505072,2016-04-22 08:00:00,0
"2411",1844505072,2016-04-22 09:00:00,0
"2412",1844505072,2016-04-22 10:00:00,518
"2413",1844505072,2016-04-22 11:00:00,762
"2414",1844505072,2016-04-22 12:00:00,328
"2415",1844505072,2016-04-22 13:00:00,619
"2416",1844505072,2016-04-22 14:00:00,561
"2417",1844505072,2016-04-22 15:00:00,234
"2418",1844505072,2016-04-22 16:00:00,0
"2419",1844505072,2016-04-22 17:00:00,0
"2420",1844505072,2016-04-22 18:00:00,137
"2421",1844505072,2016-04-22 19:00:00,797
"2422",1844505072,2016-04-22 20:00:00,371
"2423",1844505072,2016-04-22 21:00:00,363
"2424",1844505072,2016-04-22 22:00:00,97
"2425",1844505072,2016-04-22 23:00:00,585
"2426",1844505072,2016-04-23 00:00:00,149
"2427",1844505072,2016-04-23 01:00:00,0
"2428",1844505072,2016-04-23 02:00:00,0
"2429",1844505072,2016-04-23 03:00:00,0
"2430",1844505072,2016-04-23 04:00:00,0
"2431",1844505072,2016-04-23 05:00:00,0
"2432",1844505072,2016-04-23 06:00:00,0
"2433",1844505072,2016-04-23 07:00:00,0
"2434",1844505072,2016-04-23 08:00:00,0
"2435",1844505072,2016-04-23 09:00:00,0
"2436",1844505072,2016-04-23 10:00:00,392
"2437",1844505072,2016-04-23 11:00:00,758
"2438",1844505072,2016-04-23 12:00:00,539
"2439",1844505072,2016-04-23 13:00:00,128
"2440",1844505072,2016-04-23 14:00:00,0
"2441",1844505072,2016-04-23 15:00:00,583
"2442",1844505072,2016-04-23 16:00:00,947
"2443",1844505072,2016-04-23 17:00:00,74
"2444",1844505072,2016-04-23 18:00:00,0
"2445",1844505072,2016-04-23 19:00:00,0
"2446",1844505072,2016-04-23 20:00:00,0
"2447",1844505072,2016-04-23 21:00:00,0
"2448",1844505072,2016-04-23 22:00:00,0
"2449",1844505072,2016-04-23 23:00:00,0
"2450",1844505072,2016-04-24 00:00:00,0
"2451",1844505072,2016-04-24 01:00:00,0
"2452",1844505072,2016-04-24 02:00:00,0
"2453",1844505072,2016-04-24 03:00:00,0
"2454",1844505072,2016-04-24 04:00:00,0
"2455",1844505072,2016-04-24 05:00:00,0
"2456",1844505072,2016-04-24 06:00:00,0
"2457",1844505072,2016-04-24 07:00:00,0
"2458",1844505072,2016-04-24 08:00:00,0
"2459",1844505072,2016-04-24 09:00:00,0
"2460",1844505072,2016-04-24 10:00:00,0
"2461",1844505072,2016-04-24 11:00:00,0
"2462",1844505072,2016-04-24 12:00:00,0
"2463",1844505072,2016-04-24 13:00:00,0
"2464",1844505072,2016-04-24 14:00:00,0
"2465",1844505072,2016-04-24 15:00:00,0
"2466",1844505072,2016-04-24 16:00:00,0
"2467",1844505072,2016-04-24 17:00:00,0
"2468",1844505072,2016-04-24 18:00:00,0
"2469",1844505072,2016-04-24 19:00:00,0
"2470",1844505072,2016-04-24 20:00:00,0
"2471",1844505072,2016-04-24 21:00:00,0
"2472",1844505072,2016-04-24 22:00:00,0
"2473",1844505072,2016-04-24 23:00:00,0
"2474",1844505072,2016-04-25 00:00:00,0
"2475",1844505072,2016-04-25 01:00:00,0
"2476",1844505072,2016-04-25 02:00:00,0
"2477",1844505072,2016-04-25 03:00:00,0
"2478",1844505072,2016-04-25 04:00:00,0
"2479",1844505072,2016-04-25 05:00:00,0
"2480",1844505072,2016-04-25 06:00:00,0
"2481",1844505072,2016-04-25 07:00:00,0
"2482",1844505072,2016-04-25 08:00:00,0
"2483",1844505072,2016-04-25 09:00:00,0
"2484",1844505072,2016-04-25 10:00:00,0
"2485",1844505072,2016-04-25 11:00:00,0
"2486",1844505072,2016-04-25 12:00:00,0
"2487",1844505072,2016-04-25 13:00:00,0
"2488",1844505072,2016-04-25 14:00:00,0
"2489",1844505072,2016-04-25 15:00:00,0
"2490",1844505072,2016-04-25 16:00:00,0
"2491",1844505072,2016-04-25 17:00:00,0
"2492",1844505072,2016-04-25 18:00:00,0
"2493",1844505072,2016-04-25 19:00:00,0
"2494",1844505072,2016-04-25 20:00:00,0
"2495",1844505072,2016-04-25 21:00:00,0
"2496",1844505072,2016-04-25 22:00:00,0
"2497",1844505072,2016-04-25 23:00:00,0
"2498",1844505072,2016-04-26 00:00:00,0
"2499",1844505072,2016-04-26 01:00:00,0
"2500",1844505072,2016-04-26 02:00:00,0
"2501",1844505072,2016-04-26 03:00:00,0
"2502",1844505072,2016-04-26 04:00:00,0
"2503",1844505072,2016-04-26 05:00:00,0
"2504",1844505072,2016-04-26 06:00:00,0
"2505",1844505072,2016-04-26 07:00:00,0
"2506",1844505072,2016-04-26 08:00:00,0
"2507",1844505072,2016-04-26 09:00:00,0
"2508",1844505072,2016-04-26 10:00:00,0
"2509",1844505072,2016-04-26 11:00:00,0
"2510",1844505072,2016-04-26 12:00:00,0
"2511",1844505072,2016-04-26 13:00:00,0
"2512",1844505072,2016-04-26 14:00:00,0
"2513",1844505072,2016-04-26 15:00:00,0
"2514",1844505072,2016-04-26 16:00:00,0
"2515",1844505072,2016-04-26 17:00:00,0
"2516",1844505072,2016-04-26 18:00:00,0
"2517",1844505072,2016-04-26 19:00:00,0
"2518",1844505072,2016-04-26 20:00:00,0
"2519",1844505072,2016-04-26 21:00:00,0
"2520",1844505072,2016-04-26 22:00:00,0
"2521",1844505072,2016-04-26 23:00:00,0
"2522",1844505072,2016-04-27 00:00:00,0
"2523",1844505072,2016-04-27 01:00:00,0
"2524",1844505072,2016-04-27 02:00:00,0
"2525",1844505072,2016-04-27 03:00:00,0
"2526",1844505072,2016-04-27 04:00:00,0
"2527",1844505072,2016-04-27 05:00:00,0
"2528",1844505072,2016-04-27 06:00:00,0
"2529",1844505072,2016-04-27 07:00:00,0
"2530",1844505072,2016-04-27 08:00:00,0
"2531",1844505072,2016-04-27 09:00:00,0
"2532",1844505072,2016-04-27 10:00:00,0
"2533",1844505072,2016-04-27 11:00:00,0
"2534",1844505072,2016-04-27 12:00:00,0
"2535",1844505072,2016-04-27 13:00:00,0
"2536",1844505072,2016-04-27 14:00:00,4
"2537",1844505072,2016-04-27 15:00:00,0
"2538",1844505072,2016-04-27 16:00:00,0
"2539",1844505072,2016-04-27 17:00:00,0
"2540",1844505072,2016-04-27 18:00:00,0
"2541",1844505072,2016-04-27 19:00:00,0
"2542",1844505072,2016-04-27 20:00:00,0
"2543",1844505072,2016-04-27 21:00:00,0
"2544",1844505072,2016-04-27 22:00:00,0
"2545",1844505072,2016-04-27 23:00:00,0
"2546",1844505072,2016-04-28 00:00:00,0
"2547",1844505072,2016-04-28 01:00:00,0
"2548",1844505072,2016-04-28 02:00:00,0
"2549",1844505072,2016-04-28 03:00:00,0
"2550",1844505072,2016-04-28 04:00:00,0
"2551",1844505072,2016-04-28 05:00:00,0
"2552",1844505072,2016-04-28 06:00:00,0
"2553",1844505072,2016-04-28 07:00:00,0
"2554",1844505072,2016-04-28 08:00:00,0
"2555",1844505072,2016-04-28 09:00:00,0
"2556",1844505072,2016-04-28 10:00:00,205
"2557",1844505072,2016-04-28 11:00:00,788
"2558",1844505072,2016-04-28 12:00:00,705
"2559",1844505072,2016-04-28 13:00:00,284
"2560",1844505072,2016-04-28 14:00:00,454
"2561",1844505072,2016-04-28 15:00:00,534
"2562",1844505072,2016-04-28 16:00:00,332
"2563",1844505072,2016-04-28 17:00:00,777
"2564",1844505072,2016-04-28 18:00:00,151
"2565",1844505072,2016-04-28 19:00:00,335
"2566",1844505072,2016-04-28 20:00:00,208
"2567",1844505072,2016-04-28 21:00:00,1001
"2568",1844505072,2016-04-28 22:00:00,861
"2569",1844505072,2016-04-28 23:00:00,264
"2570",1844505072,2016-04-29 00:00:00,68
"2571",1844505072,2016-04-29 01:00:00,184
"2572",1844505072,2016-04-29 02:00:00,0
"2573",1844505072,2016-04-29 03:00:00,0
"2574",1844505072,2016-04-29 04:00:00,0
"2575",1844505072,2016-04-29 05:00:00,0
"2576",1844505072,2016-04-29 06:00:00,0
"2577",1844505072,2016-04-29 07:00:00,0
"2578",1844505072,2016-04-29 08:00:00,0
"2579",1844505072,2016-04-29 09:00:00,232
"2580",1844505072,2016-04-29 10:00:00,431
"2581",1844505072,2016-04-29 11:00:00,845
"2582",1844505072,2016-04-29 12:00:00,53
"2583",1844505072,2016-04-29 13:00:00,0
"2584",1844505072,2016-04-29 14:00:00,542
"2585",1844505072,2016-04-29 15:00:00,57
"2586",1844505072,2016-04-29 16:00:00,114
"2587",1844505072,2016-04-29 17:00:00,196
"2588",1844505072,2016-04-29 18:00:00,405
"2589",1844505072,2016-04-29 19:00:00,322
"2590",1844505072,2016-04-29 20:00:00,665
"2591",1844505072,2016-04-29 21:00:00,133
"2592",1844505072,2016-04-29 22:00:00,538
"2593",1844505072,2016-04-29 23:00:00,135
"2594",1844505072,2016-04-30 00:00:00,0
"2595",1844505072,2016-04-30 01:00:00,0
"2596",1844505072,2016-04-30 02:00:00,0
"2597",1844505072,2016-04-30 03:00:00,0
"2598",1844505072,2016-04-30 04:00:00,0
"2599",1844505072,2016-04-30 05:00:00,0
"2600",1844505072,2016-04-30 06:00:00,0
"2601",1844505072,2016-04-30 07:00:00,0
"2602",1844505072,2016-04-30 08:00:00,0
"2603",1844505072,2016-04-30 09:00:00,0
"2604",1844505072,2016-04-30 10:00:00,612
"2605",1844505072,2016-04-30 11:00:00,517
"2606",1844505072,2016-04-30 12:00:00,551
"2607",1844505072,2016-04-30 13:00:00,0
"2608",1844505072,2016-04-30 14:00:00,166
"2609",1844505072,2016-04-30 15:00:00,314
"2610",1844505072,2016-04-30 16:00:00,191
"2611",1844505072,2016-04-30 17:00:00,217
"2612",1844505072,2016-04-30 18:00:00,276
"2613",1844505072,2016-04-30 19:00:00,107
"2614",1844505072,2016-04-30 20:00:00,154
"2615",1844505072,2016-04-30 21:00:00,203
"2616",1844505072,2016-04-30 22:00:00,258
"2617",1844505072,2016-04-30 23:00:00,448
"2618",1844505072,2016-05-01 00:00:00,1193
"2619",1844505072,2016-05-01 01:00:00,555
"2620",1844505072,2016-05-01 02:00:00,773
"2621",1844505072,2016-05-01 03:00:00,52
"2622",1844505072,2016-05-01 04:00:00,0
"2623",1844505072,2016-05-01 05:00:00,0
"2624",1844505072,2016-05-01 06:00:00,0
"2625",1844505072,2016-05-01 07:00:00,0
"2626",1844505072,2016-05-01 08:00:00,0
"2627",1844505072,2016-05-01 09:00:00,0
"2628",1844505072,2016-05-01 10:00:00,0
"2629",1844505072,2016-05-01 11:00:00,0
"2630",1844505072,2016-05-01 12:00:00,0
"2631",1844505072,2016-05-01 13:00:00,0
"2632",1844505072,2016-05-01 14:00:00,0
"2633",1844505072,2016-05-01 15:00:00,0
"2634",1844505072,2016-05-01 16:00:00,0
"2635",1844505072,2016-05-01 17:00:00,0
"2636",1844505072,2016-05-01 18:00:00,0
"2637",1844505072,2016-05-01 19:00:00,0
"2638",1844505072,2016-05-01 20:00:00,0
"2639",1844505072,2016-05-01 21:00:00,0
"2640",1844505072,2016-05-01 22:00:00,0
"2641",1844505072,2016-05-01 23:00:00,0
"2642",1844505072,2016-05-02 00:00:00,0
"2643",1844505072,2016-05-02 01:00:00,0
"2644",1844505072,2016-05-02 02:00:00,0
"2645",1844505072,2016-05-02 03:00:00,0
"2646",1844505072,2016-05-02 04:00:00,0
"2647",1844505072,2016-05-02 05:00:00,0
"2648",1844505072,2016-05-02 06:00:00,0
"2649",1844505072,2016-05-02 07:00:00,0
"2650",1844505072,2016-05-02 08:00:00,0
"2651",1844505072,2016-05-02 09:00:00,0
"2652",1844505072,2016-05-02 10:00:00,0
"2653",1844505072,2016-05-02 11:00:00,0
"2654",1844505072,2016-05-02 12:00:00,0
"2655",1844505072,2016-05-02 13:00:00,0
"2656",1844505072,2016-05-02 14:00:00,0
"2657",1844505072,2016-05-02 15:00:00,0
"2658",1844505072,2016-05-02 16:00:00,0
"2659",1844505072,2016-05-02 17:00:00,0
"2660",1844505072,2016-05-02 18:00:00,0
"2661",1844505072,2016-05-02 19:00:00,0
"2662",1844505072,2016-05-02 20:00:00,0
"2663",1844505072,2016-05-02 21:00:00,0
"2664",1844505072,2016-05-02 22:00:00,0
"2665",1844505072,2016-05-02 23:00:00,0
"2666",1844505072,2016-05-03 00:00:00,0
"2667",1844505072,2016-05-03 01:00:00,0
"2668",1844505072,2016-05-03 02:00:00,0
"2669",1844505072,2016-05-03 03:00:00,0
"2670",1844505072,2016-05-03 04:00:00,0
"2671",1844505072,2016-05-03 05:00:00,0
"2672",1844505072,2016-05-03 06:00:00,0
"2673",1844505072,2016-05-03 07:00:00,0
"2674",1844505072,2016-05-03 08:00:00,0
"2675",1844505072,2016-05-03 09:00:00,0
"2676",1844505072,2016-05-03 10:00:00,486
"2677",1844505072,2016-05-03 11:00:00,683
"2678",1844505072,2016-05-03 12:00:00,361
"2679",1844505072,2016-05-03 13:00:00,95
"2680",1844505072,2016-05-03 14:00:00,769
"2681",1844505072,2016-05-03 15:00:00,80
"2682",1844505072,2016-05-03 16:00:00,37
"2683",1844505072,2016-05-03 17:00:00,622
"2684",1844505072,2016-05-03 18:00:00,41
"2685",1844505072,2016-05-03 19:00:00,265
"2686",1844505072,2016-05-03 20:00:00,312
"2687",1844505072,2016-05-03 21:00:00,194
"2688",1844505072,2016-05-03 22:00:00,57
"2689",1844505072,2016-05-03 23:00:00,57
"2690",1844505072,2016-05-04 00:00:00,0
"2691",1844505072,2016-05-04 01:00:00,0
"2692",1844505072,2016-05-04 02:00:00,0
"2693",1844505072,2016-05-04 03:00:00,0
"2694",1844505072,2016-05-04 04:00:00,0
"2695",1844505072,2016-05-04 05:00:00,0
"2696",1844505072,2016-05-04 06:00:00,0
"2697",1844505072,2016-05-04 07:00:00,0
"2698",1844505072,2016-05-04 08:00:00,0
"2699",1844505072,2016-05-04 09:00:00,0
"2700",1844505072,2016-05-04 10:00:00,63
"2701",1844505072,2016-05-04 11:00:00,720
"2702",1844505072,2016-05-04 12:00:00,276
"2703",1844505072,2016-05-04 13:00:00,208
"2704",1844505072,2016-05-04 14:00:00,9
"2705",1844505072,2016-05-04 15:00:00,402
"2706",1844505072,2016-05-04 16:00:00,402
"2707",1844505072,2016-05-04 17:00:00,0
"2708",1844505072,2016-05-04 18:00:00,0
"2709",1844505072,2016-05-04 19:00:00,0
"2710",1844505072,2016-05-04 20:00:00,0
"2711",1844505072,2016-05-04 21:00:00,0
"2712",1844505072,2016-05-04 22:00:00,0
"2713",1844505072,2016-05-04 23:00:00,0
"2714",1844505072,2016-05-05 00:00:00,0
"2715",1844505072,2016-05-05 01:00:00,0
"2716",1844505072,2016-05-05 02:00:00,0
"2717",1844505072,2016-05-05 03:00:00,0
"2718",1844505072,2016-05-05 04:00:00,0
"2719",1844505072,2016-05-05 05:00:00,0
"2720",1844505072,2016-05-05 06:00:00,0
"2721",1844505072,2016-05-05 07:00:00,0
"2722",1844505072,2016-05-05 08:00:00,0
"2723",1844505072,2016-05-05 09:00:00,0
"2724",1844505072,2016-05-05 10:00:00,145
"2725",1844505072,2016-05-05 11:00:00,423
"2726",1844505072,2016-05-05 12:00:00,184
"2727",1844505072,2016-05-05 13:00:00,464
"2728",1844505072,2016-05-05 14:00:00,542
"2729",1844505072,2016-05-05 15:00:00,479
"2730",1844505072,2016-05-05 16:00:00,0
"2731",1844505072,2016-05-05 17:00:00,0
"2732",1844505072,2016-05-05 18:00:00,0
"2733",1844505072,2016-05-05 19:00:00,0
"2734",1844505072,2016-05-05 20:00:00,0
"2735",1844505072,2016-05-05 21:00:00,0
"2736",1844505072,2016-05-05 22:00:00,0
"2737",1844505072,2016-05-05 23:00:00,0
"2738",1844505072,2016-05-06 00:00:00,0
"2739",1844505072,2016-05-06 01:00:00,0
"2740",1844505072,2016-05-06 02:00:00,0
"2741",1844505072,2016-05-06 03:00:00,0
"2742",1844505072,2016-05-06 04:00:00,0
"2743",1844505072,2016-05-06 05:00:00,0
"2744",1844505072,2016-05-06 06:00:00,0
"2745",1844505072,2016-05-06 07:00:00,0
"2746",1844505072,2016-05-06 08:00:00,0
"2747",1844505072,2016-05-06 09:00:00,0
"2748",1844505072,2016-05-06 10:00:00,0
"2749",1844505072,2016-05-06 11:00:00,0
"2750",1844505072,2016-05-06 12:00:00,0
"2751",1844505072,2016-05-06 13:00:00,0
"2752",1844505072,2016-05-06 14:00:00,0
"2753",1844505072,2016-05-06 15:00:00,0
"2754",1844505072,2016-05-06 16:00:00,0
"2755",1844505072,2016-05-06 17:00:00,0
"2756",1844505072,2016-05-06 18:00:00,0
"2757",1844505072,2016-05-06 19:00:00,44
"2758",1844505072,2016-05-06 20:00:00,0
"2759",1844505072,2016-05-06 21:00:00,0
"2760",1844505072,2016-05-06 22:00:00,0
"2761",1844505072,2016-05-06 23:00:00,0
"2762",1844505072,2016-05-07 00:00:00,0
"2763",1844505072,2016-05-07 01:00:00,0
"2764",1844505072,2016-05-07 02:00:00,0
"2765",1844505072,2016-05-07 03:00:00,0
"2766",1844505072,2016-05-07 04:00:00,0
"2767",1844505072,2016-05-07 05:00:00,0
"2768",1844505072,2016-05-07 06:00:00,0
"2769",1844505072,2016-05-07 07:00:00,0
"2770",1844505072,2016-05-07 08:00:00,0
"2771",1844505072,2016-05-07 09:00:00,0
"2772",1844505072,2016-05-07 10:00:00,0
"2773",1844505072,2016-05-07 11:00:00,0
"2774",1844505072,2016-05-07 12:00:00,0
"2775",1844505072,2016-05-07 13:00:00,0
"2776",1844505072,2016-05-07 14:00:00,0
"2777",1844505072,2016-05-07 15:00:00,0
"2778",1844505072,2016-05-07 16:00:00,0
"2779",1844505072,2016-05-07 17:00:00,0
"2780",1844505072,2016-05-07 18:00:00,0
"2781",1844505072,2016-05-07 19:00:00,0
"2782",1844505072,2016-05-07 20:00:00,0
"2783",1844505072,2016-05-07 21:00:00,0
"2784",1844505072,2016-05-07 22:00:00,0
"2785",1844505072,2016-05-07 23:00:00,0
"2786",1844505072,2016-05-08 00:00:00,0
"2787",1844505072,2016-05-08 01:00:00,0
"2788",1844505072,2016-05-08 02:00:00,0
"2789",1844505072,2016-05-08 03:00:00,0
"2790",1844505072,2016-05-08 04:00:00,0
"2791",1844505072,2016-05-08 05:00:00,0
"2792",1844505072,2016-05-08 06:00:00,0
"2793",1844505072,2016-05-08 07:00:00,0
"2794",1844505072,2016-05-08 08:00:00,0
"2795",1844505072,2016-05-08 09:00:00,0
"2796",1844505072,2016-05-08 10:00:00,0
"2797",1844505072,2016-05-08 11:00:00,0
"2798",1844505072,2016-05-08 12:00:00,0
"2799",1844505072,2016-05-08 13:00:00,0
"2800",1844505072,2016-05-08 14:00:00,0
"2801",1844505072,2016-05-08 15:00:00,0
"2802",1844505072,2016-05-08 16:00:00,0
"2803",1844505072,2016-05-08 17:00:00,0
"2804",1844505072,2016-05-08 18:00:00,0
"2805",1844505072,2016-05-08 19:00:00,0
"2806",1844505072,2016-05-08 20:00:00,0
"2807",1844505072,2016-05-08 21:00:00,0
"2808",1844505072,2016-05-08 22:00:00,0
"2809",1844505072,2016-05-08 23:00:00,0
"2810",1844505072,2016-05-09 00:00:00,0
"2811",1844505072,2016-05-09 01:00:00,0
"2812",1844505072,2016-05-09 02:00:00,0
"2813",1844505072,2016-05-09 03:00:00,0
"2814",1844505072,2016-05-09 04:00:00,0
"2815",1844505072,2016-05-09 05:00:00,0
"2816",1844505072,2016-05-09 06:00:00,0
"2817",1844505072,2016-05-09 07:00:00,0
"2818",1844505072,2016-05-09 08:00:00,0
"2819",1844505072,2016-05-09 09:00:00,0
"2820",1844505072,2016-05-09 10:00:00,0
"2821",1844505072,2016-05-09 11:00:00,0
"2822",1844505072,2016-05-09 12:00:00,0
"2823",1844505072,2016-05-09 13:00:00,0
"2824",1844505072,2016-05-09 14:00:00,0
"2825",1844505072,2016-05-09 15:00:00,0
"2826",1844505072,2016-05-09 16:00:00,0
"2827",1844505072,2016-05-09 17:00:00,0
"2828",1844505072,2016-05-09 18:00:00,0
"2829",1844505072,2016-05-09 19:00:00,0
"2830",1844505072,2016-05-09 20:00:00,0
"2831",1844505072,2016-05-09 21:00:00,0
"2832",1844505072,2016-05-09 22:00:00,0
"2833",1844505072,2016-05-09 23:00:00,0
"2834",1844505072,2016-05-10 00:00:00,0
"2835",1844505072,2016-05-10 01:00:00,0
"2836",1844505072,2016-05-10 02:00:00,0
"2837",1844505072,2016-05-10 03:00:00,0
"2838",1844505072,2016-05-10 04:00:00,0
"2839",1844505072,2016-05-10 05:00:00,0
"2840",1844505072,2016-05-10 06:00:00,0
"2841",1844505072,2016-05-10 07:00:00,0
"2842",1844505072,2016-05-10 08:00:00,0
"2843",1844505072,2016-05-10 09:00:00,0
"2844",1844505072,2016-05-10 10:00:00,0
"2845",1844505072,2016-05-10 11:00:00,0
"2846",1844505072,2016-05-10 12:00:00,0
"2847",1844505072,2016-05-10 13:00:00,0
"2848",1844505072,2016-05-10 14:00:00,0
"2849",1844505072,2016-05-10 15:00:00,0
"2850",1844505072,2016-05-10 16:00:00,0
"2851",1844505072,2016-05-10 17:00:00,0
"2852",1844505072,2016-05-10 18:00:00,0
"2853",1844505072,2016-05-10 19:00:00,0
"2854",1844505072,2016-05-10 20:00:00,0
"2855",1844505072,2016-05-10 21:00:00,0
"2856",1844505072,2016-05-10 22:00:00,0
"2857",1844505072,2016-05-10 23:00:00,0
"2858",1844505072,2016-05-11 00:00:00,0
"2859",1844505072,2016-05-11 01:00:00,0
"2860",1844505072,2016-05-11 02:00:00,0
"2861",1844505072,2016-05-11 03:00:00,0
"2862",1844505072,2016-05-11 04:00:00,0
"2863",1844505072,2016-05-11 05:00:00,0
"2864",1844505072,2016-05-11 06:00:00,0
"2865",1844505072,2016-05-11 07:00:00,0
"2866",1844505072,2016-05-11 08:00:00,0
"2867",1844505072,2016-05-11 09:00:00,0
"2868",1844505072,2016-05-11 10:00:00,0
"2869",1844505072,2016-05-11 11:00:00,0
"2870",1844505072,2016-05-11 12:00:00,0
"2871",1844505072,2016-05-11 13:00:00,0
"2872",1844505072,2016-05-11 14:00:00,0
"2873",1844505072,2016-05-11 15:00:00,0
"2874",1844505072,2016-05-11 16:00:00,0
"2875",1844505072,2016-05-11 17:00:00,0
"2876",1844505072,2016-05-11 18:00:00,0
"2877",1844505072,2016-05-11 19:00:00,0
"2878",1844505072,2016-05-11 20:00:00,0
"2879",1844505072,2016-05-11 21:00:00,0
"2880",1844505072,2016-05-11 22:00:00,0
"2881",1844505072,2016-05-11 23:00:00,0
"2882",1844505072,2016-05-12 00:00:00,0
"2883",1844505072,2016-05-12 01:00:00,0
"2884",1844505072,2016-05-12 02:00:00,0
"2885",1844505072,2016-05-12 03:00:00,0
"2886",1844505072,2016-05-12 04:00:00,0
"2887",1844505072,2016-05-12 05:00:00,0
"2888",1844505072,2016-05-12 06:00:00,0
"2889",1844505072,2016-05-12 07:00:00,0
"2890",1844505072,2016-05-12 08:00:00,0
"2891",1844505072,2016-05-12 09:00:00,0
"2892",1844505072,2016-05-12 10:00:00,0
"2893",1927972279,2016-04-12 00:00:00,0
"2894",1927972279,2016-04-12 01:00:00,0
"2895",1927972279,2016-04-12 02:00:00,0
"2896",1927972279,2016-04-12 03:00:00,0
"2897",1927972279,2016-04-12 04:00:00,4
"2898",1927972279,2016-04-12 05:00:00,0
"2899",1927972279,2016-04-12 06:00:00,20
"2900",1927972279,2016-04-12 07:00:00,0
"2901",1927972279,2016-04-12 08:00:00,0
"2902",1927972279,2016-04-12 09:00:00,0
"2903",1927972279,2016-04-12 10:00:00,0
"2904",1927972279,2016-04-12 11:00:00,17
"2905",1927972279,2016-04-12 12:00:00,0
"2906",1927972279,2016-04-12 13:00:00,0
"2907",1927972279,2016-04-12 14:00:00,169
"2908",1927972279,2016-04-12 15:00:00,12
"2909",1927972279,2016-04-12 16:00:00,77
"2910",1927972279,2016-04-12 17:00:00,119
"2911",1927972279,2016-04-12 18:00:00,0
"2912",1927972279,2016-04-12 19:00:00,28
"2913",1927972279,2016-04-12 20:00:00,32
"2914",1927972279,2016-04-12 21:00:00,105
"2915",1927972279,2016-04-12 22:00:00,50
"2916",1927972279,2016-04-12 23:00:00,45
"2917",1927972279,2016-04-13 00:00:00,4
"2918",1927972279,2016-04-13 01:00:00,16
"2919",1927972279,2016-04-13 02:00:00,17
"2920",1927972279,2016-04-13 03:00:00,0
"2921",1927972279,2016-04-13 04:00:00,12
"2922",1927972279,2016-04-13 05:00:00,0
"2923",1927972279,2016-04-13 06:00:00,0
"2924",1927972279,2016-04-13 07:00:00,0
"2925",1927972279,2016-04-13 08:00:00,0
"2926",1927972279,2016-04-13 09:00:00,79
"2927",1927972279,2016-04-13 10:00:00,0
"2928",1927972279,2016-04-13 11:00:00,5
"2929",1927972279,2016-04-13 12:00:00,0
"2930",1927972279,2016-04-13 13:00:00,0
"2931",1927972279,2016-04-13 14:00:00,0
"2932",1927972279,2016-04-13 15:00:00,0
"2933",1927972279,2016-04-13 16:00:00,0
"2934",1927972279,2016-04-13 17:00:00,115
"2935",1927972279,2016-04-13 18:00:00,108
"2936",1927972279,2016-04-13 19:00:00,0
"2937",1927972279,2016-04-13 20:00:00,0
"2938",1927972279,2016-04-13 21:00:00,0
"2939",1927972279,2016-04-13 22:00:00,0
"2940",1927972279,2016-04-13 23:00:00,0
"2941",1927972279,2016-04-14 00:00:00,0
"2942",1927972279,2016-04-14 01:00:00,0
"2943",1927972279,2016-04-14 02:00:00,0
"2944",1927972279,2016-04-14 03:00:00,0
"2945",1927972279,2016-04-14 04:00:00,0
"2946",1927972279,2016-04-14 05:00:00,0
"2947",1927972279,2016-04-14 06:00:00,0
"2948",1927972279,2016-04-14 07:00:00,0
"2949",1927972279,2016-04-14 08:00:00,0
"2950",1927972279,2016-04-14 09:00:00,0
"2951",1927972279,2016-04-14 10:00:00,0
"2952",1927972279,2016-04-14 11:00:00,0
"2953",1927972279,2016-04-14 12:00:00,0
"2954",1927972279,2016-04-14 13:00:00,0
"2955",1927972279,2016-04-14 14:00:00,54
"2956",1927972279,2016-04-14 15:00:00,959
"2957",1927972279,2016-04-14 16:00:00,440
"2958",1927972279,2016-04-14 17:00:00,388
"2959",1927972279,2016-04-14 18:00:00,143
"2960",1927972279,2016-04-14 19:00:00,70
"2961",1927972279,2016-04-14 20:00:00,22
"2962",1927972279,2016-04-14 21:00:00,46
"2963",1927972279,2016-04-14 22:00:00,34
"2964",1927972279,2016-04-14 23:00:00,7
"2965",1927972279,2016-04-15 00:00:00,5
"2966",1927972279,2016-04-15 01:00:00,0
"2967",1927972279,2016-04-15 02:00:00,0
"2968",1927972279,2016-04-15 03:00:00,0
"2969",1927972279,2016-04-15 04:00:00,94
"2970",1927972279,2016-04-15 05:00:00,0
"2971",1927972279,2016-04-15 06:00:00,0
"2972",1927972279,2016-04-15 07:00:00,0
"2973",1927972279,2016-04-15 08:00:00,0
"2974",1927972279,2016-04-15 09:00:00,403
"2975",1927972279,2016-04-15 10:00:00,41
"2976",1927972279,2016-04-15 11:00:00,328
"2977",1927972279,2016-04-15 12:00:00,109
"2978",1927972279,2016-04-15 13:00:00,0
"2979",1927972279,2016-04-15 14:00:00,0
"2980",1927972279,2016-04-15 15:00:00,0
"2981",1927972279,2016-04-15 16:00:00,0
"2982",1927972279,2016-04-15 17:00:00,0
"2983",1927972279,2016-04-15 18:00:00,0
"2984",1927972279,2016-04-15 19:00:00,0
"2985",1927972279,2016-04-15 20:00:00,0
"2986",1927972279,2016-04-15 21:00:00,0
"2987",1927972279,2016-04-15 22:00:00,0
"2988",1927972279,2016-04-15 23:00:00,0
"2989",1927972279,2016-04-16 00:00:00,0
"2990",1927972279,2016-04-16 01:00:00,0
"2991",1927972279,2016-04-16 02:00:00,0
"2992",1927972279,2016-04-16 03:00:00,0
"2993",1927972279,2016-04-16 04:00:00,0
"2994",1927972279,2016-04-16 05:00:00,0
"2995",1927972279,2016-04-16 06:00:00,0
"2996",1927972279,2016-04-16 07:00:00,0
"2997",1927972279,2016-04-16 08:00:00,0
"2998",1927972279,2016-04-16 09:00:00,0
"2999",1927972279,2016-04-16 10:00:00,0
"3000",1927972279,2016-04-16 11:00:00,0
"3001",1927972279,2016-04-16 12:00:00,0
"3002",1927972279,2016-04-16 13:00:00,0
"3003",1927972279,2016-04-16 14:00:00,0
"3004",1927972279,2016-04-16 15:00:00,0
"3005",1927972279,2016-04-16 16:00:00,0
"3006",1927972279,2016-04-16 17:00:00,0
"3007",1927972279,2016-04-16 18:00:00,0
"3008",1927972279,2016-04-16 19:00:00,0
"3009",1927972279,2016-04-16 20:00:00,0
"3010",1927972279,2016-04-16 21:00:00,0
"3011",1927972279,2016-04-16 22:00:00,0
"3012",1927972279,2016-04-16 23:00:00,0
"3013",1927972279,2016-04-17 00:00:00,0
"3014",1927972279,2016-04-17 01:00:00,0
"3015",1927972279,2016-04-17 02:00:00,0
"3016",1927972279,2016-04-17 03:00:00,0
"3017",1927972279,2016-04-17 04:00:00,0
"3018",1927972279,2016-04-17 05:00:00,0
"3019",1927972279,2016-04-17 06:00:00,0
"3020",1927972279,2016-04-17 07:00:00,0
"3021",1927972279,2016-04-17 08:00:00,0
"3022",1927972279,2016-04-17 09:00:00,0
"3023",1927972279,2016-04-17 10:00:00,0
"3024",1927972279,2016-04-17 11:00:00,0
"3025",1927972279,2016-04-17 12:00:00,0
"3026",1927972279,2016-04-17 13:00:00,0
"3027",1927972279,2016-04-17 14:00:00,0
"3028",1927972279,2016-04-17 15:00:00,0
"3029",1927972279,2016-04-17 16:00:00,0
"3030",1927972279,2016-04-17 17:00:00,0
"3031",1927972279,2016-04-17 18:00:00,0
"3032",1927972279,2016-04-17 19:00:00,0
"3033",1927972279,2016-04-17 20:00:00,0
"3034",1927972279,2016-04-17 21:00:00,0
"3035",1927972279,2016-04-17 22:00:00,0
"3036",1927972279,2016-04-17 23:00:00,0
"3037",1927972279,2016-04-18 00:00:00,0
"3038",1927972279,2016-04-18 01:00:00,0
"3039",1927972279,2016-04-18 02:00:00,0
"3040",1927972279,2016-04-18 03:00:00,0
"3041",1927972279,2016-04-18 04:00:00,0
"3042",1927972279,2016-04-18 05:00:00,0
"3043",1927972279,2016-04-18 06:00:00,0
"3044",1927972279,2016-04-18 07:00:00,0
"3045",1927972279,2016-04-18 08:00:00,0
"3046",1927972279,2016-04-18 09:00:00,0
"3047",1927972279,2016-04-18 10:00:00,0
"3048",1927972279,2016-04-18 11:00:00,158
"3049",1927972279,2016-04-18 12:00:00,86
"3050",1927972279,2016-04-18 13:00:00,0
"3051",1927972279,2016-04-18 14:00:00,0
"3052",1927972279,2016-04-18 15:00:00,0
"3053",1927972279,2016-04-18 16:00:00,0
"3054",1927972279,2016-04-18 17:00:00,0
"3055",1927972279,2016-04-18 18:00:00,0
"3056",1927972279,2016-04-18 19:00:00,0
"3057",1927972279,2016-04-18 20:00:00,0
"3058",1927972279,2016-04-18 21:00:00,0
"3059",1927972279,2016-04-18 22:00:00,0
"3060",1927972279,2016-04-18 23:00:00,0
"3061",1927972279,2016-04-19 00:00:00,0
"3062",1927972279,2016-04-19 01:00:00,0
"3063",1927972279,2016-04-19 02:00:00,0
"3064",1927972279,2016-04-19 03:00:00,0
"3065",1927972279,2016-04-19 04:00:00,0
"3066",1927972279,2016-04-19 05:00:00,0
"3067",1927972279,2016-04-19 06:00:00,0
"3068",1927972279,2016-04-19 07:00:00,0
"3069",1927972279,2016-04-19 08:00:00,0
"3070",1927972279,2016-04-19 09:00:00,0
"3071",1927972279,2016-04-19 10:00:00,0
"3072",1927972279,2016-04-19 11:00:00,0
"3073",1927972279,2016-04-19 12:00:00,0
"3074",1927972279,2016-04-19 13:00:00,0
"3075",1927972279,2016-04-19 14:00:00,0
"3076",1927972279,2016-04-19 15:00:00,0
"3077",1927972279,2016-04-19 16:00:00,0
"3078",1927972279,2016-04-19 17:00:00,0
"3079",1927972279,2016-04-19 18:00:00,0
"3080",1927972279,2016-04-19 19:00:00,0
"3081",1927972279,2016-04-19 20:00:00,0
"3082",1927972279,2016-04-19 21:00:00,0
"3083",1927972279,2016-04-19 22:00:00,0
"3084",1927972279,2016-04-19 23:00:00,0
"3085",1927972279,2016-04-20 00:00:00,0
"3086",1927972279,2016-04-20 01:00:00,0
"3087",1927972279,2016-04-20 02:00:00,0
"3088",1927972279,2016-04-20 03:00:00,0
"3089",1927972279,2016-04-20 04:00:00,0
"3090",1927972279,2016-04-20 05:00:00,0
"3091",1927972279,2016-04-20 06:00:00,0
"3092",1927972279,2016-04-20 07:00:00,0
"3093",1927972279,2016-04-20 08:00:00,0
"3094",1927972279,2016-04-20 09:00:00,0
"3095",1927972279,2016-04-20 10:00:00,0
"3096",1927972279,2016-04-20 11:00:00,0
"3097",1927972279,2016-04-20 12:00:00,0
"3098",1927972279,2016-04-20 13:00:00,0
"3099",1927972279,2016-04-20 14:00:00,0
"3100",1927972279,2016-04-20 15:00:00,0
"3101",1927972279,2016-04-20 16:00:00,0
"3102",1927972279,2016-04-20 17:00:00,0
"3103",1927972279,2016-04-20 18:00:00,0
"3104",1927972279,2016-04-20 19:00:00,0
"3105",1927972279,2016-04-20 20:00:00,0
"3106",1927972279,2016-04-20 21:00:00,0
"3107",1927972279,2016-04-20 22:00:00,0
"3108",1927972279,2016-04-20 23:00:00,0
"3109",1927972279,2016-04-21 00:00:00,0
"3110",1927972279,2016-04-21 01:00:00,0
"3111",1927972279,2016-04-21 02:00:00,0
"3112",1927972279,2016-04-21 03:00:00,0
"3113",1927972279,2016-04-21 04:00:00,0
"3114",1927972279,2016-04-21 05:00:00,0
"3115",1927972279,2016-04-21 06:00:00,0
"3116",1927972279,2016-04-21 07:00:00,0
"3117",1927972279,2016-04-21 08:00:00,0
"3118",1927972279,2016-04-21 09:00:00,0
"3119",1927972279,2016-04-21 10:00:00,0
"3120",1927972279,2016-04-21 11:00:00,0
"3121",1927972279,2016-04-21 12:00:00,0
"3122",1927972279,2016-04-21 13:00:00,0
"3123",1927972279,2016-04-21 14:00:00,0
"3124",1927972279,2016-04-21 15:00:00,0
"3125",1927972279,2016-04-21 16:00:00,0
"3126",1927972279,2016-04-21 17:00:00,0
"3127",1927972279,2016-04-21 18:00:00,0
"3128",1927972279,2016-04-21 19:00:00,0
"3129",1927972279,2016-04-21 20:00:00,0
"3130",1927972279,2016-04-21 21:00:00,0
"3131",1927972279,2016-04-21 22:00:00,0
"3132",1927972279,2016-04-21 23:00:00,0
"3133",1927972279,2016-04-22 00:00:00,0
"3134",1927972279,2016-04-22 01:00:00,0
"3135",1927972279,2016-04-22 02:00:00,0
"3136",1927972279,2016-04-22 03:00:00,0
"3137",1927972279,2016-04-22 04:00:00,0
"3138",1927972279,2016-04-22 05:00:00,0
"3139",1927972279,2016-04-22 06:00:00,0
"3140",1927972279,2016-04-22 07:00:00,0
"3141",1927972279,2016-04-22 08:00:00,0
"3142",1927972279,2016-04-22 09:00:00,0
"3143",1927972279,2016-04-22 10:00:00,0
"3144",1927972279,2016-04-22 11:00:00,0
"3145",1927972279,2016-04-22 12:00:00,133
"3146",1927972279,2016-04-22 13:00:00,8
"3147",1927972279,2016-04-22 14:00:00,0
"3148",1927972279,2016-04-22 15:00:00,8
"3149",1927972279,2016-04-22 16:00:00,0
"3150",1927972279,2016-04-22 17:00:00,0
"3151",1927972279,2016-04-22 18:00:00,0
"3152",1927972279,2016-04-22 19:00:00,0
"3153",1927972279,2016-04-22 20:00:00,0
"3154",1927972279,2016-04-22 21:00:00,0
"3155",1927972279,2016-04-22 22:00:00,0
"3156",1927972279,2016-04-22 23:00:00,0
"3157",1927972279,2016-04-23 00:00:00,0
"3158",1927972279,2016-04-23 01:00:00,0
"3159",1927972279,2016-04-23 02:00:00,0
"3160",1927972279,2016-04-23 03:00:00,0
"3161",1927972279,2016-04-23 04:00:00,0
"3162",1927972279,2016-04-23 05:00:00,0
"3163",1927972279,2016-04-23 06:00:00,0
"3164",1927972279,2016-04-23 07:00:00,0
"3165",1927972279,2016-04-23 08:00:00,967
"3166",1927972279,2016-04-23 09:00:00,171
"3167",1927972279,2016-04-23 10:00:00,15
"3168",1927972279,2016-04-23 11:00:00,246
"3169",1927972279,2016-04-23 12:00:00,423
"3170",1927972279,2016-04-23 13:00:00,484
"3171",1927972279,2016-04-23 14:00:00,0
"3172",1927972279,2016-04-23 15:00:00,0
"3173",1927972279,2016-04-23 16:00:00,42
"3174",1927972279,2016-04-23 17:00:00,82
"3175",1927972279,2016-04-23 18:00:00,286
"3176",1927972279,2016-04-23 19:00:00,123
"3177",1927972279,2016-04-23 20:00:00,77
"3178",1927972279,2016-04-23 21:00:00,29
"3179",1927972279,2016-04-23 22:00:00,0
"3180",1927972279,2016-04-23 23:00:00,0
"3181",1927972279,2016-04-24 00:00:00,0
"3182",1927972279,2016-04-24 01:00:00,0
"3183",1927972279,2016-04-24 02:00:00,0
"3184",1927972279,2016-04-24 03:00:00,0
"3185",1927972279,2016-04-24 04:00:00,0
"3186",1927972279,2016-04-24 05:00:00,0
"3187",1927972279,2016-04-24 06:00:00,0
"3188",1927972279,2016-04-24 07:00:00,0
"3189",1927972279,2016-04-24 08:00:00,0
"3190",1927972279,2016-04-24 09:00:00,0
"3191",1927972279,2016-04-24 10:00:00,1038
"3192",1927972279,2016-04-24 11:00:00,422
"3193",1927972279,2016-04-24 12:00:00,259
"3194",1927972279,2016-04-24 13:00:00,371
"3195",1927972279,2016-04-24 14:00:00,0
"3196",1927972279,2016-04-24 15:00:00,0
"3197",1927972279,2016-04-24 16:00:00,0
"3198",1927972279,2016-04-24 17:00:00,0
"3199",1927972279,2016-04-24 18:00:00,0
"3200",1927972279,2016-04-24 19:00:00,0
"3201",1927972279,2016-04-24 20:00:00,0
"3202",1927972279,2016-04-24 21:00:00,0
"3203",1927972279,2016-04-24 22:00:00,0
"3204",1927972279,2016-04-24 23:00:00,0
"3205",1927972279,2016-04-25 00:00:00,0
"3206",1927972279,2016-04-25 01:00:00,0
"3207",1927972279,2016-04-25 02:00:00,0
"3208",1927972279,2016-04-25 03:00:00,0
"3209",1927972279,2016-04-25 04:00:00,0
"3210",1927972279,2016-04-25 05:00:00,0
"3211",1927972279,2016-04-25 06:00:00,0
"3212",1927972279,2016-04-25 07:00:00,0
"3213",1927972279,2016-04-25 08:00:00,0
"3214",1927972279,2016-04-25 09:00:00,0
"3215",1927972279,2016-04-25 10:00:00,0
"3216",1927972279,2016-04-25 11:00:00,0
"3217",1927972279,2016-04-25 12:00:00,0
"3218",1927972279,2016-04-25 13:00:00,0
"3219",1927972279,2016-04-25 14:00:00,0
"3220",1927972279,2016-04-25 15:00:00,0
"3221",1927972279,2016-04-25 16:00:00,0
"3222",1927972279,2016-04-25 17:00:00,0
"3223",1927972279,2016-04-25 18:00:00,0
"3224",1927972279,2016-04-25 19:00:00,0
"3225",1927972279,2016-04-25 20:00:00,29
"3226",1927972279,2016-04-25 21:00:00,123
"3227",1927972279,2016-04-25 22:00:00,0
"3228",1927972279,2016-04-25 23:00:00,0
"3229",1927972279,2016-04-26 00:00:00,11
"3230",1927972279,2016-04-26 01:00:00,7
"3231",1927972279,2016-04-26 02:00:00,0
"3232",1927972279,2016-04-26 03:00:00,22
"3233",1927972279,2016-04-26 04:00:00,0
"3234",1927972279,2016-04-26 05:00:00,0
"3235",1927972279,2016-04-26 06:00:00,8
"3236",1927972279,2016-04-26 07:00:00,0
"3237",1927972279,2016-04-26 08:00:00,0
"3238",1927972279,2016-04-26 09:00:00,0
"3239",1927972279,2016-04-26 10:00:00,65
"3240",1927972279,2016-04-26 11:00:00,378
"3241",1927972279,2016-04-26 12:00:00,60
"3242",1927972279,2016-04-26 13:00:00,370
"3243",1927972279,2016-04-26 14:00:00,205
"3244",1927972279,2016-04-26 15:00:00,202
"3245",1927972279,2016-04-26 16:00:00,977
"3246",1927972279,2016-04-26 17:00:00,307
"3247",1927972279,2016-04-26 18:00:00,516
"3248",1927972279,2016-04-26 19:00:00,346
"3249",1927972279,2016-04-26 20:00:00,100
"3250",1927972279,2016-04-26 21:00:00,69
"3251",1927972279,2016-04-26 22:00:00,74
"3252",1927972279,2016-04-26 23:00:00,44
"3253",1927972279,2016-04-27 00:00:00,0
"3254",1927972279,2016-04-27 01:00:00,0
"3255",1927972279,2016-04-27 02:00:00,0
"3256",1927972279,2016-04-27 03:00:00,0
"3257",1927972279,2016-04-27 04:00:00,0
"3258",1927972279,2016-04-27 05:00:00,0
"3259",1927972279,2016-04-27 06:00:00,0
"3260",1927972279,2016-04-27 07:00:00,0
"3261",1927972279,2016-04-27 08:00:00,0
"3262",1927972279,2016-04-27 09:00:00,0
"3263",1927972279,2016-04-27 10:00:00,0
"3264",1927972279,2016-04-27 11:00:00,0
"3265",1927972279,2016-04-27 12:00:00,0
"3266",1927972279,2016-04-27 13:00:00,0
"3267",1927972279,2016-04-27 14:00:00,0
"3268",1927972279,2016-04-27 15:00:00,0
"3269",1927972279,2016-04-27 16:00:00,0
"3270",1927972279,2016-04-27 17:00:00,0
"3271",1927972279,2016-04-27 18:00:00,0
"3272",1927972279,2016-04-27 19:00:00,0
"3273",1927972279,2016-04-27 20:00:00,0
"3274",1927972279,2016-04-27 21:00:00,0
"3275",1927972279,2016-04-27 22:00:00,0
"3276",1927972279,2016-04-27 23:00:00,0
"3277",1927972279,2016-04-28 00:00:00,0
"3278",1927972279,2016-04-28 01:00:00,0
"3279",1927972279,2016-04-28 02:00:00,0
"3280",1927972279,2016-04-28 03:00:00,0
"3281",1927972279,2016-04-28 04:00:00,0
"3282",1927972279,2016-04-28 05:00:00,0
"3283",1927972279,2016-04-28 06:00:00,0
"3284",1927972279,2016-04-28 07:00:00,0
"3285",1927972279,2016-04-28 08:00:00,437
"3286",1927972279,2016-04-28 09:00:00,99
"3287",1927972279,2016-04-28 10:00:00,273
"3288",1927972279,2016-04-28 11:00:00,133
"3289",1927972279,2016-04-28 12:00:00,4
"3290",1927972279,2016-04-28 13:00:00,13
"3291",1927972279,2016-04-28 14:00:00,74
"3292",1927972279,2016-04-28 15:00:00,39
"3293",1927972279,2016-04-28 16:00:00,100
"3294",1927972279,2016-04-28 17:00:00,78
"3295",1927972279,2016-04-28 18:00:00,362
"3296",1927972279,2016-04-28 19:00:00,24
"3297",1927972279,2016-04-28 20:00:00,39
"3298",1927972279,2016-04-28 21:00:00,0
"3299",1927972279,2016-04-28 22:00:00,0
"3300",1927972279,2016-04-28 23:00:00,0
"3301",1927972279,2016-04-29 00:00:00,0
"3302",1927972279,2016-04-29 01:00:00,0
"3303",1927972279,2016-04-29 02:00:00,0
"3304",1927972279,2016-04-29 03:00:00,0
"3305",1927972279,2016-04-29 04:00:00,0
"3306",1927972279,2016-04-29 05:00:00,0
"3307",1927972279,2016-04-29 06:00:00,0
"3308",1927972279,2016-04-29 07:00:00,0
"3309",1927972279,2016-04-29 08:00:00,0
"3310",1927972279,2016-04-29 09:00:00,0
"3311",1927972279,2016-04-29 10:00:00,0
"3312",1927972279,2016-04-29 11:00:00,0
"3313",1927972279,2016-04-29 12:00:00,0
"3314",1927972279,2016-04-29 13:00:00,0
"3315",1927972279,2016-04-29 14:00:00,0
"3316",1927972279,2016-04-29 15:00:00,0
"3317",1927972279,2016-04-29 16:00:00,0
"3318",1927972279,2016-04-29 17:00:00,0
"3319",1927972279,2016-04-29 18:00:00,0
"3320",1927972279,2016-04-29 19:00:00,0
"3321",1927972279,2016-04-29 20:00:00,0
"3322",1927972279,2016-04-29 21:00:00,0
"3323",1927972279,2016-04-29 22:00:00,0
"3324",1927972279,2016-04-29 23:00:00,0
"3325",1927972279,2016-04-30 00:00:00,0
"3326",1927972279,2016-04-30 01:00:00,0
"3327",1927972279,2016-04-30 02:00:00,0
"3328",1927972279,2016-04-30 03:00:00,0
"3329",1927972279,2016-04-30 04:00:00,0
"3330",1927972279,2016-04-30 05:00:00,0
"3331",1927972279,2016-04-30 06:00:00,0
"3332",1927972279,2016-04-30 07:00:00,0
"3333",1927972279,2016-04-30 08:00:00,0
"3334",1927972279,2016-04-30 09:00:00,0
"3335",1927972279,2016-04-30 10:00:00,0
"3336",1927972279,2016-04-30 11:00:00,0
"3337",1927972279,2016-04-30 12:00:00,0
"3338",1927972279,2016-04-30 13:00:00,0
"3339",1927972279,2016-04-30 14:00:00,0
"3340",1927972279,2016-04-30 15:00:00,0
"3341",1927972279,2016-04-30 16:00:00,0
"3342",1927972279,2016-04-30 17:00:00,0
"3343",1927972279,2016-04-30 18:00:00,0
"3344",1927972279,2016-04-30 19:00:00,0
"3345",1927972279,2016-04-30 20:00:00,0
"3346",1927972279,2016-04-30 21:00:00,0
"3347",1927972279,2016-04-30 22:00:00,0
"3348",1927972279,2016-04-30 23:00:00,0
"3349",1927972279,2016-05-01 00:00:00,0
"3350",1927972279,2016-05-01 01:00:00,0
"3351",1927972279,2016-05-01 02:00:00,0
"3352",1927972279,2016-05-01 03:00:00,0
"3353",1927972279,2016-05-01 04:00:00,0
"3354",1927972279,2016-05-01 05:00:00,0
"3355",1927972279,2016-05-01 06:00:00,0
"3356",1927972279,2016-05-01 07:00:00,0
"3357",1927972279,2016-05-01 08:00:00,27
"3358",1927972279,2016-05-01 09:00:00,0
"3359",1927972279,2016-05-01 10:00:00,79
"3360",1927972279,2016-05-01 11:00:00,151
"3361",1927972279,2016-05-01 12:00:00,84
"3362",1927972279,2016-05-01 13:00:00,1783
"3363",1927972279,2016-05-01 14:00:00,232
"3364",1927972279,2016-05-01 15:00:00,15
"3365",1927972279,2016-05-01 16:00:00,12
"3366",1927972279,2016-05-01 17:00:00,13
"3367",1927972279,2016-05-01 18:00:00,35
"3368",1927972279,2016-05-01 19:00:00,190
"3369",1927972279,2016-05-01 20:00:00,11
"3370",1927972279,2016-05-01 21:00:00,72
"3371",1927972279,2016-05-01 22:00:00,0
"3372",1927972279,2016-05-01 23:00:00,0
"3373",1927972279,2016-05-02 00:00:00,0
"3374",1927972279,2016-05-02 01:00:00,0
"3375",1927972279,2016-05-02 02:00:00,0
"3376",1927972279,2016-05-02 03:00:00,0
"3377",1927972279,2016-05-02 04:00:00,0
"3378",1927972279,2016-05-02 05:00:00,0
"3379",1927972279,2016-05-02 06:00:00,0
"3380",1927972279,2016-05-02 07:00:00,0
"3381",1927972279,2016-05-02 08:00:00,0
"3382",1927972279,2016-05-02 09:00:00,0
"3383",1927972279,2016-05-02 10:00:00,0
"3384",1927972279,2016-05-02 11:00:00,2109
"3385",1927972279,2016-05-02 12:00:00,78
"3386",1927972279,2016-05-02 13:00:00,25
"3387",1927972279,2016-05-02 14:00:00,147
"3388",1927972279,2016-05-02 15:00:00,132
"3389",1927972279,2016-05-02 16:00:00,190
"3390",1927972279,2016-05-02 17:00:00,249
"3391",1927972279,2016-05-02 18:00:00,207
"3392",1927972279,2016-05-02 19:00:00,653
"3393",1927972279,2016-05-02 20:00:00,0
"3394",1927972279,2016-05-02 21:00:00,0
"3395",1927972279,2016-05-02 22:00:00,0
"3396",1927972279,2016-05-02 23:00:00,0
"3397",1927972279,2016-05-03 00:00:00,0
"3398",1927972279,2016-05-03 01:00:00,0
"3399",1927972279,2016-05-03 02:00:00,0
"3400",1927972279,2016-05-03 03:00:00,0
"3401",1927972279,2016-05-03 04:00:00,0
"3402",1927972279,2016-05-03 05:00:00,0
"3403",1927972279,2016-05-03 06:00:00,0
"3404",1927972279,2016-05-03 07:00:00,0
"3405",1927972279,2016-05-03 08:00:00,1245
"3406",1927972279,2016-05-03 09:00:00,0
"3407",1927972279,2016-05-03 10:00:00,74
"3408",1927972279,2016-05-03 11:00:00,0
"3409",1927972279,2016-05-03 12:00:00,0
"3410",1927972279,2016-05-03 13:00:00,7
"3411",1927972279,2016-05-03 14:00:00,0
"3412",1927972279,2016-05-03 15:00:00,0
"3413",1927972279,2016-05-03 16:00:00,0
"3414",1927972279,2016-05-03 17:00:00,0
"3415",1927972279,2016-05-03 18:00:00,0
"3416",1927972279,2016-05-03 19:00:00,0
"3417",1927972279,2016-05-03 20:00:00,0
"3418",1927972279,2016-05-03 21:00:00,0
"3419",1927972279,2016-05-03 22:00:00,0
"3420",1927972279,2016-05-03 23:00:00,0
"3421",1927972279,2016-05-04 00:00:00,0
"3422",1927972279,2016-05-04 01:00:00,0
"3423",1927972279,2016-05-04 02:00:00,0
"3424",1927972279,2016-05-04 03:00:00,0
"3425",1927972279,2016-05-04 04:00:00,0
"3426",1927972279,2016-05-04 05:00:00,0
"3427",1927972279,2016-05-04 06:00:00,0
"3428",1927972279,2016-05-04 07:00:00,0
"3429",1927972279,2016-05-04 08:00:00,0
"3430",1927972279,2016-05-04 09:00:00,0
"3431",1927972279,2016-05-04 10:00:00,926
"3432",1927972279,2016-05-04 11:00:00,35
"3433",1927972279,2016-05-04 12:00:00,76
"3434",1927972279,2016-05-04 13:00:00,87
"3435",1927972279,2016-05-04 14:00:00,35
"3436",1927972279,2016-05-04 15:00:00,123
"3437",1927972279,2016-05-04 16:00:00,217
"3438",1927972279,2016-05-04 17:00:00,120
"3439",1927972279,2016-05-04 18:00:00,5
"3440",1927972279,2016-05-04 19:00:00,61
"3441",1927972279,2016-05-04 20:00:00,101
"3442",1927972279,2016-05-04 21:00:00,0
"3443",1927972279,2016-05-04 22:00:00,0
"3444",1927972279,2016-05-04 23:00:00,0
"3445",1927972279,2016-05-05 00:00:00,0
"3446",1927972279,2016-05-05 01:00:00,0
"3447",1927972279,2016-05-05 02:00:00,0
"3448",1927972279,2016-05-05 03:00:00,0
"3449",1927972279,2016-05-05 04:00:00,0
"3450",1927972279,2016-05-05 05:00:00,0
"3451",1927972279,2016-05-05 06:00:00,0
"3452",1927972279,2016-05-05 07:00:00,0
"3453",1927972279,2016-05-05 08:00:00,0
"3454",1927972279,2016-05-05 09:00:00,0
"3455",1927972279,2016-05-05 10:00:00,0
"3456",1927972279,2016-05-05 11:00:00,0
"3457",1927972279,2016-05-05 12:00:00,0
"3458",1927972279,2016-05-05 13:00:00,0
"3459",1927972279,2016-05-05 14:00:00,0
"3460",1927972279,2016-05-05 15:00:00,0
"3461",1927972279,2016-05-05 16:00:00,0
"3462",1927972279,2016-05-05 17:00:00,0
"3463",1927972279,2016-05-05 18:00:00,0
"3464",1927972279,2016-05-05 19:00:00,0
"3465",1927972279,2016-05-05 20:00:00,0
"3466",1927972279,2016-05-05 21:00:00,0
"3467",1927972279,2016-05-05 22:00:00,0
"3468",1927972279,2016-05-05 23:00:00,0
"3469",1927972279,2016-05-06 00:00:00,0
"3470",1927972279,2016-05-06 01:00:00,0
"3471",1927972279,2016-05-06 02:00:00,0
"3472",1927972279,2016-05-06 03:00:00,0
"3473",1927972279,2016-05-06 04:00:00,0
"3474",1927972279,2016-05-06 05:00:00,0
"3475",1927972279,2016-05-06 06:00:00,0
"3476",1927972279,2016-05-06 07:00:00,0
"3477",1927972279,2016-05-06 08:00:00,0
"3478",1927972279,2016-05-06 09:00:00,0
"3479",1927972279,2016-05-06 10:00:00,0
"3480",1927972279,2016-05-06 11:00:00,0
"3481",1927972279,2016-05-06 12:00:00,0
"3482",1927972279,2016-05-06 13:00:00,0
"3483",1927972279,2016-05-06 14:00:00,0
"3484",1927972279,2016-05-06 15:00:00,0
"3485",1927972279,2016-05-06 16:00:00,72
"3486",1927972279,2016-05-06 17:00:00,288
"3487",1927972279,2016-05-06 18:00:00,181
"3488",1927972279,2016-05-06 19:00:00,1215
"3489",1927972279,2016-05-06 20:00:00,187
"3490",1927972279,2016-05-06 21:00:00,98
"3491",1927972279,2016-05-06 22:00:00,50
"3492",1927972279,2016-05-06 23:00:00,0
"3493",1927972279,2016-05-07 00:00:00,0
"3494",1927972279,2016-05-07 01:00:00,0
"3495",1927972279,2016-05-07 02:00:00,0
"3496",1927972279,2016-05-07 03:00:00,0
"3497",1927972279,2016-05-07 04:00:00,0
"3498",1927972279,2016-05-07 05:00:00,0
"3499",1927972279,2016-05-07 06:00:00,0
"3500",1927972279,2016-05-07 07:00:00,0
"3501",1927972279,2016-05-07 08:00:00,0
"3502",1927972279,2016-05-07 09:00:00,0
"3503",1927972279,2016-05-07 10:00:00,1061
"3504",1927972279,2016-05-07 11:00:00,449
"3505",1927972279,2016-05-07 12:00:00,0
"3506",1927972279,2016-05-07 13:00:00,0
"3507",1927972279,2016-05-07 14:00:00,0
"3508",1927972279,2016-05-07 15:00:00,0
"3509",1927972279,2016-05-07 16:00:00,0
"3510",1927972279,2016-05-07 17:00:00,0
"3511",1927972279,2016-05-07 18:00:00,0
"3512",1927972279,2016-05-07 19:00:00,0
"3513",1927972279,2016-05-07 20:00:00,0
"3514",1927972279,2016-05-07 21:00:00,0
"3515",1927972279,2016-05-07 22:00:00,0
"3516",1927972279,2016-05-07 23:00:00,0
"3517",1927972279,2016-05-08 00:00:00,0
"3518",1927972279,2016-05-08 01:00:00,0
"3519",1927972279,2016-05-08 02:00:00,0
"3520",1927972279,2016-05-08 03:00:00,0
"3521",1927972279,2016-05-08 04:00:00,0
"3522",1927972279,2016-05-08 05:00:00,0
"3523",1927972279,2016-05-08 06:00:00,0
"3524",1927972279,2016-05-08 07:00:00,0
"3525",1927972279,2016-05-08 08:00:00,0
"3526",1927972279,2016-05-08 09:00:00,0
"3527",1927972279,2016-05-08 10:00:00,0
"3528",1927972279,2016-05-08 11:00:00,0
"3529",1927972279,2016-05-08 12:00:00,0
"3530",1927972279,2016-05-08 13:00:00,0
"3531",1927972279,2016-05-08 14:00:00,0
"3532",1927972279,2016-05-08 15:00:00,0
"3533",1927972279,2016-05-08 16:00:00,0
"3534",1927972279,2016-05-08 17:00:00,0
"3535",1927972279,2016-05-08 18:00:00,0
"3536",1927972279,2016-05-08 19:00:00,0
"3537",1927972279,2016-05-08 20:00:00,0
"3538",1927972279,2016-05-08 21:00:00,0
"3539",1927972279,2016-05-08 22:00:00,0
"3540",1927972279,2016-05-08 23:00:00,0
"3541",1927972279,2016-05-09 00:00:00,0
"3542",1927972279,2016-05-09 01:00:00,0
"3543",1927972279,2016-05-09 02:00:00,0
"3544",1927972279,2016-05-09 03:00:00,0
"3545",1927972279,2016-05-09 04:00:00,0
"3546",1927972279,2016-05-09 05:00:00,0
"3547",1927972279,2016-05-09 06:00:00,0
"3548",1927972279,2016-05-09 07:00:00,0
"3549",1927972279,2016-05-09 08:00:00,0
"3550",1927972279,2016-05-09 09:00:00,0
"3551",1927972279,2016-05-09 10:00:00,0
"3552",1927972279,2016-05-09 11:00:00,0
"3553",1927972279,2016-05-09 12:00:00,0
"3554",1927972279,2016-05-09 13:00:00,0
"3555",1927972279,2016-05-09 14:00:00,0
"3556",1927972279,2016-05-09 15:00:00,0
"3557",1927972279,2016-05-09 16:00:00,0
"3558",1927972279,2016-05-09 17:00:00,0
"3559",1927972279,2016-05-09 18:00:00,0
"3560",1927972279,2016-05-09 19:00:00,0
"3561",1927972279,2016-05-09 20:00:00,0
"3562",1927972279,2016-05-09 21:00:00,0
"3563",1927972279,2016-05-09 22:00:00,0
"3564",1927972279,2016-05-09 23:00:00,0
"3565",1927972279,2016-05-10 00:00:00,0
"3566",1927972279,2016-05-10 01:00:00,0
"3567",1927972279,2016-05-10 02:00:00,0
"3568",1927972279,2016-05-10 03:00:00,0
"3569",1927972279,2016-05-10 04:00:00,0
"3570",1927972279,2016-05-10 05:00:00,0
"3571",1927972279,2016-05-10 06:00:00,0
"3572",1927972279,2016-05-10 07:00:00,0
"3573",1927972279,2016-05-10 08:00:00,0
"3574",1927972279,2016-05-10 09:00:00,0
"3575",1927972279,2016-05-10 10:00:00,0
"3576",1927972279,2016-05-10 11:00:00,0
"3577",1927972279,2016-05-10 12:00:00,0
"3578",1927972279,2016-05-10 13:00:00,0
"3579",1927972279,2016-05-10 14:00:00,0
"3580",1927972279,2016-05-10 15:00:00,0
"3581",1927972279,2016-05-10 16:00:00,0
"3582",1927972279,2016-05-10 17:00:00,0
"3583",1927972279,2016-05-10 18:00:00,0
"3584",1927972279,2016-05-10 19:00:00,0
"3585",1927972279,2016-05-10 20:00:00,0
"3586",1927972279,2016-05-10 21:00:00,0
"3587",1927972279,2016-05-10 22:00:00,0
"3588",1927972279,2016-05-10 23:00:00,0
"3589",1927972279,2016-05-11 00:00:00,0
"3590",1927972279,2016-05-11 01:00:00,0
"3591",1927972279,2016-05-11 02:00:00,0
"3592",1927972279,2016-05-11 03:00:00,0
"3593",1927972279,2016-05-11 04:00:00,0
"3594",1927972279,2016-05-11 05:00:00,0
"3595",1927972279,2016-05-11 06:00:00,0
"3596",1927972279,2016-05-11 07:00:00,0
"3597",1927972279,2016-05-11 08:00:00,0
"3598",1927972279,2016-05-11 09:00:00,0
"3599",1927972279,2016-05-11 10:00:00,0
"3600",1927972279,2016-05-11 11:00:00,0
"3601",1927972279,2016-05-11 12:00:00,0
"3602",1927972279,2016-05-11 13:00:00,0
"3603",1927972279,2016-05-11 14:00:00,0
"3604",1927972279,2016-05-11 15:00:00,0
"3605",1927972279,2016-05-11 16:00:00,0
"3606",1927972279,2016-05-11 17:00:00,0
"3607",1927972279,2016-05-11 18:00:00,0
"3608",1927972279,2016-05-11 19:00:00,0
"3609",1927972279,2016-05-11 20:00:00,0
"3610",1927972279,2016-05-11 21:00:00,0
"3611",1927972279,2016-05-11 22:00:00,0
"3612",1927972279,2016-05-11 23:00:00,0
"3613",1927972279,2016-05-12 00:00:00,0
"3614",1927972279,2016-05-12 01:00:00,0
"3615",1927972279,2016-05-12 02:00:00,0
"3616",1927972279,2016-05-12 03:00:00,0
"3617",1927972279,2016-05-12 04:00:00,0
"3618",1927972279,2016-05-12 05:00:00,0
"3619",1927972279,2016-05-12 06:00:00,0
"3620",1927972279,2016-05-12 07:00:00,0
"3621",1927972279,2016-05-12 08:00:00,0
"3622",1927972279,2016-05-12 09:00:00,0
"3623",1927972279,2016-05-12 10:00:00,0
"3624",1927972279,2016-05-12 11:00:00,0
"3625",1927972279,2016-05-12 12:00:00,0
"3626",1927972279,2016-05-12 13:00:00,0
"3627",1927972279,2016-05-12 14:00:00,0
"3628",1927972279,2016-05-12 15:00:00,0
"3629",2022484408,2016-04-12 00:00:00,0
"3630",2022484408,2016-04-12 01:00:00,0
"3631",2022484408,2016-04-12 02:00:00,0
"3632",2022484408,2016-04-12 03:00:00,0
"3633",2022484408,2016-04-12 04:00:00,0
"3634",2022484408,2016-04-12 05:00:00,0
"3635",2022484408,2016-04-12 06:00:00,0
"3636",2022484408,2016-04-12 07:00:00,847
"3637",2022484408,2016-04-12 08:00:00,334
"3638",2022484408,2016-04-12 09:00:00,243
"3639",2022484408,2016-04-12 10:00:00,5243
"3640",2022484408,2016-04-12 11:00:00,323
"3641",2022484408,2016-04-12 12:00:00,184
"3642",2022484408,2016-04-12 13:00:00,658
"3643",2022484408,2016-04-12 14:00:00,2168
"3644",2022484408,2016-04-12 15:00:00,327
"3645",2022484408,2016-04-12 16:00:00,539
"3646",2022484408,2016-04-12 17:00:00,509
"3647",2022484408,2016-04-12 18:00:00,304
"3648",2022484408,2016-04-12 19:00:00,196
"3649",2022484408,2016-04-12 20:00:00,0
"3650",2022484408,2016-04-12 21:00:00,0
"3651",2022484408,2016-04-12 22:00:00,0
"3652",2022484408,2016-04-12 23:00:00,0
"3653",2022484408,2016-04-13 00:00:00,0
"3654",2022484408,2016-04-13 01:00:00,0
"3655",2022484408,2016-04-13 02:00:00,0
"3656",2022484408,2016-04-13 03:00:00,0
"3657",2022484408,2016-04-13 04:00:00,0
"3658",2022484408,2016-04-13 05:00:00,0
"3659",2022484408,2016-04-13 06:00:00,0
"3660",2022484408,2016-04-13 07:00:00,619
"3661",2022484408,2016-04-13 08:00:00,609
"3662",2022484408,2016-04-13 09:00:00,4453
"3663",2022484408,2016-04-13 10:00:00,198
"3664",2022484408,2016-04-13 11:00:00,399
"3665",2022484408,2016-04-13 12:00:00,687
"3666",2022484408,2016-04-13 13:00:00,247
"3667",2022484408,2016-04-13 14:00:00,1803
"3668",2022484408,2016-04-13 15:00:00,635
"3669",2022484408,2016-04-13 16:00:00,589
"3670",2022484408,2016-04-13 17:00:00,643
"3671",2022484408,2016-04-13 18:00:00,556
"3672",2022484408,2016-04-13 19:00:00,581
"3673",2022484408,2016-04-13 20:00:00,5
"3674",2022484408,2016-04-13 21:00:00,0
"3675",2022484408,2016-04-13 22:00:00,0
"3676",2022484408,2016-04-13 23:00:00,0
"3677",2022484408,2016-04-14 00:00:00,0
"3678",2022484408,2016-04-14 01:00:00,0
"3679",2022484408,2016-04-14 02:00:00,0
"3680",2022484408,2016-04-14 03:00:00,0
"3681",2022484408,2016-04-14 04:00:00,0
"3682",2022484408,2016-04-14 05:00:00,0
"3683",2022484408,2016-04-14 06:00:00,0
"3684",2022484408,2016-04-14 07:00:00,235
"3685",2022484408,2016-04-14 08:00:00,283
"3686",2022484408,2016-04-14 09:00:00,328
"3687",2022484408,2016-04-14 10:00:00,393
"3688",2022484408,2016-04-14 11:00:00,175
"3689",2022484408,2016-04-14 12:00:00,71
"3690",2022484408,2016-04-14 13:00:00,236
"3691",2022484408,2016-04-14 14:00:00,1913
"3692",2022484408,2016-04-14 15:00:00,399
"3693",2022484408,2016-04-14 16:00:00,767
"3694",2022484408,2016-04-14 17:00:00,893
"3695",2022484408,2016-04-14 18:00:00,3833
"3696",2022484408,2016-04-14 19:00:00,852
"3697",2022484408,2016-04-14 20:00:00,312
"3698",2022484408,2016-04-14 21:00:00,0
"3699",2022484408,2016-04-14 22:00:00,0
"3700",2022484408,2016-04-14 23:00:00,0
"3701",2022484408,2016-04-15 00:00:00,0
"3702",2022484408,2016-04-15 01:00:00,0
"3703",2022484408,2016-04-15 02:00:00,0
"3704",2022484408,2016-04-15 03:00:00,0
"3705",2022484408,2016-04-15 04:00:00,0
"3706",2022484408,2016-04-15 05:00:00,0
"3707",2022484408,2016-04-15 06:00:00,0
"3708",2022484408,2016-04-15 07:00:00,531
"3709",2022484408,2016-04-15 08:00:00,728
"3710",2022484408,2016-04-15 09:00:00,3853
"3711",2022484408,2016-04-15 10:00:00,643
"3712",2022484408,2016-04-15 11:00:00,486
"3713",2022484408,2016-04-15 12:00:00,103
"3714",2022484408,2016-04-15 13:00:00,1171
"3715",2022484408,2016-04-15 14:00:00,791
"3716",2022484408,2016-04-15 15:00:00,481
"3717",2022484408,2016-04-15 16:00:00,1233
"3718",2022484408,2016-04-15 17:00:00,582
"3719",2022484408,2016-04-15 18:00:00,227
"3720",2022484408,2016-04-15 19:00:00,205
"3721",2022484408,2016-04-15 20:00:00,0
"3722",2022484408,2016-04-15 21:00:00,0
"3723",2022484408,2016-04-15 22:00:00,0
"3724",2022484408,2016-04-15 23:00:00,0
"3725",2022484408,2016-04-16 00:00:00,0
"3726",2022484408,2016-04-16 01:00:00,0
"3727",2022484408,2016-04-16 02:00:00,0
"3728",2022484408,2016-04-16 03:00:00,0
"3729",2022484408,2016-04-16 04:00:00,0
"3730",2022484408,2016-04-16 05:00:00,0
"3731",2022484408,2016-04-16 06:00:00,0
"3732",2022484408,2016-04-16 07:00:00,126
"3733",2022484408,2016-04-16 08:00:00,904
"3734",2022484408,2016-04-16 09:00:00,4833
"3735",2022484408,2016-04-16 10:00:00,732
"3736",2022484408,2016-04-16 11:00:00,678
"3737",2022484408,2016-04-16 12:00:00,469
"3738",2022484408,2016-04-16 13:00:00,1229
"3739",2022484408,2016-04-16 14:00:00,623
"3740",2022484408,2016-04-16 15:00:00,506
"3741",2022484408,2016-04-16 16:00:00,0
"3742",2022484408,2016-04-16 17:00:00,0
"3743",2022484408,2016-04-16 18:00:00,0
"3744",2022484408,2016-04-16 19:00:00,0
"3745",2022484408,2016-04-16 20:00:00,0
"3746",2022484408,2016-04-16 21:00:00,0
"3747",2022484408,2016-04-16 22:00:00,0
"3748",2022484408,2016-04-16 23:00:00,0
"3749",2022484408,2016-04-17 00:00:00,0
"3750",2022484408,2016-04-17 01:00:00,0
"3751",2022484408,2016-04-17 02:00:00,0
"3752",2022484408,2016-04-17 03:00:00,0
"3753",2022484408,2016-04-17 04:00:00,0
"3754",2022484408,2016-04-17 05:00:00,0
"3755",2022484408,2016-04-17 06:00:00,0
"3756",2022484408,2016-04-17 07:00:00,0
"3757",2022484408,2016-04-17 08:00:00,567
"3758",2022484408,2016-04-17 09:00:00,5317
"3759",2022484408,2016-04-17 10:00:00,1567
"3760",2022484408,2016-04-17 11:00:00,1194
"3761",2022484408,2016-04-17 12:00:00,64
"3762",2022484408,2016-04-17 13:00:00,292
"3763",2022484408,2016-04-17 14:00:00,1404
"3764",2022484408,2016-04-17 15:00:00,1147
"3765",2022484408,2016-04-17 16:00:00,1151
"3766",2022484408,2016-04-17 17:00:00,1351
"3767",2022484408,2016-04-17 18:00:00,644
"3768",2022484408,2016-04-17 19:00:00,247
"3769",2022484408,2016-04-17 20:00:00,167
"3770",2022484408,2016-04-17 21:00:00,0
"3771",2022484408,2016-04-17 22:00:00,0
"3772",2022484408,2016-04-17 23:00:00,0
"3773",2022484408,2016-04-18 00:00:00,0
"3774",2022484408,2016-04-18 01:00:00,0
"3775",2022484408,2016-04-18 02:00:00,0
"3776",2022484408,2016-04-18 03:00:00,0
"3777",2022484408,2016-04-18 04:00:00,0
"3778",2022484408,2016-04-18 05:00:00,0
"3779",2022484408,2016-04-18 06:00:00,69
"3780",2022484408,2016-04-18 07:00:00,1073
"3781",2022484408,2016-04-18 08:00:00,712
"3782",2022484408,2016-04-18 09:00:00,5400
"3783",2022484408,2016-04-18 10:00:00,796
"3784",2022484408,2016-04-18 11:00:00,46
"3785",2022484408,2016-04-18 12:00:00,306
"3786",2022484408,2016-04-18 13:00:00,404
"3787",2022484408,2016-04-18 14:00:00,1706
"3788",2022484408,2016-04-18 15:00:00,658
"3789",2022484408,2016-04-18 16:00:00,570
"3790",2022484408,2016-04-18 17:00:00,849
"3791",2022484408,2016-04-18 18:00:00,899
"3792",2022484408,2016-04-18 19:00:00,567
"3793",2022484408,2016-04-18 20:00:00,76
"3794",2022484408,2016-04-18 21:00:00,0
"3795",2022484408,2016-04-18 22:00:00,0
"3796",2022484408,2016-04-18 23:00:00,0
"3797",2022484408,2016-04-19 00:00:00,0
"3798",2022484408,2016-04-19 01:00:00,0
"3799",2022484408,2016-04-19 02:00:00,0
"3800",2022484408,2016-04-19 03:00:00,0
"3801",2022484408,2016-04-19 04:00:00,0
"3802",2022484408,2016-04-19 05:00:00,0
"3803",2022484408,2016-04-19 06:00:00,0
"3804",2022484408,2016-04-19 07:00:00,0
"3805",2022484408,2016-04-19 08:00:00,0
"3806",2022484408,2016-04-19 09:00:00,671
"3807",2022484408,2016-04-19 10:00:00,466
"3808",2022484408,2016-04-19 11:00:00,621
"3809",2022484408,2016-04-19 12:00:00,479
"3810",2022484408,2016-04-19 13:00:00,794
"3811",2022484408,2016-04-19 14:00:00,1437
"3812",2022484408,2016-04-19 15:00:00,1081
"3813",2022484408,2016-04-19 16:00:00,4709
"3814",2022484408,2016-04-19 17:00:00,459
"3815",2022484408,2016-04-19 18:00:00,548
"3816",2022484408,2016-04-19 19:00:00,283
"3817",2022484408,2016-04-19 20:00:00,0
"3818",2022484408,2016-04-19 21:00:00,0
"3819",2022484408,2016-04-19 22:00:00,0
"3820",2022484408,2016-04-19 23:00:00,0
"3821",2022484408,2016-04-20 00:00:00,0
"3822",2022484408,2016-04-20 01:00:00,0
"3823",2022484408,2016-04-20 02:00:00,0
"3824",2022484408,2016-04-20 03:00:00,0
"3825",2022484408,2016-04-20 04:00:00,0
"3826",2022484408,2016-04-20 05:00:00,0
"3827",2022484408,2016-04-20 06:00:00,129
"3828",2022484408,2016-04-20 07:00:00,661
"3829",2022484408,2016-04-20 08:00:00,1272
"3830",2022484408,2016-04-20 09:00:00,4293
"3831",2022484408,2016-04-20 10:00:00,172
"3832",2022484408,2016-04-20 11:00:00,410
"3833",2022484408,2016-04-20 12:00:00,1314
"3834",2022484408,2016-04-20 13:00:00,664
"3835",2022484408,2016-04-20 14:00:00,1780
"3836",2022484408,2016-04-20 15:00:00,924
"3837",2022484408,2016-04-20 16:00:00,854
"3838",2022484408,2016-04-20 17:00:00,944
"3839",2022484408,2016-04-20 18:00:00,541
"3840",2022484408,2016-04-20 19:00:00,839
"3841",2022484408,2016-04-20 20:00:00,315
"3842",2022484408,2016-04-20 21:00:00,0
"3843",2022484408,2016-04-20 22:00:00,0
"3844",2022484408,2016-04-20 23:00:00,0
"3845",2022484408,2016-04-21 00:00:00,0
"3846",2022484408,2016-04-21 01:00:00,0
"3847",2022484408,2016-04-21 02:00:00,0
"3848",2022484408,2016-04-21 03:00:00,0
"3849",2022484408,2016-04-21 04:00:00,0
"3850",2022484408,2016-04-21 05:00:00,0
"3851",2022484408,2016-04-21 06:00:00,0
"3852",2022484408,2016-04-21 07:00:00,955
"3853",2022484408,2016-04-21 08:00:00,168
"3854",2022484408,2016-04-21 09:00:00,481
"3855",2022484408,2016-04-21 10:00:00,1272
"3856",2022484408,2016-04-21 11:00:00,968
"3857",2022484408,2016-04-21 12:00:00,3571
"3858",2022484408,2016-04-21 13:00:00,13
"3859",2022484408,2016-04-21 14:00:00,1357
"3860",2022484408,2016-04-21 15:00:00,1248
"3861",2022484408,2016-04-21 16:00:00,506
"3862",2022484408,2016-04-21 17:00:00,427
"3863",2022484408,2016-04-21 18:00:00,955
"3864",2022484408,2016-04-21 19:00:00,370
"3865",2022484408,2016-04-21 20:00:00,162
"3866",2022484408,2016-04-21 21:00:00,0
"3867",2022484408,2016-04-21 22:00:00,0
"3868",2022484408,2016-04-21 23:00:00,0
"3869",2022484408,2016-04-22 00:00:00,0
"3870",2022484408,2016-04-22 01:00:00,0
"3871",2022484408,2016-04-22 02:00:00,0
"3872",2022484408,2016-04-22 03:00:00,0
"3873",2022484408,2016-04-22 04:00:00,0
"3874",2022484408,2016-04-22 05:00:00,0
"3875",2022484408,2016-04-22 06:00:00,60
"3876",2022484408,2016-04-22 07:00:00,715
"3877",2022484408,2016-04-22 08:00:00,473
"3878",2022484408,2016-04-22 09:00:00,5596
"3879",2022484408,2016-04-22 10:00:00,1439
"3880",2022484408,2016-04-22 11:00:00,548
"3881",2022484408,2016-04-22 12:00:00,735
"3882",2022484408,2016-04-22 13:00:00,920
"3883",2022484408,2016-04-22 14:00:00,907
"3884",2022484408,2016-04-22 15:00:00,333
"3885",2022484408,2016-04-22 16:00:00,92
"3886",2022484408,2016-04-22 17:00:00,106
"3887",2022484408,2016-04-22 18:00:00,296
"3888",2022484408,2016-04-22 19:00:00,560
"3889",2022484408,2016-04-22 20:00:00,174
"3890",2022484408,2016-04-22 21:00:00,0
"3891",2022484408,2016-04-22 22:00:00,0
"3892",2022484408,2016-04-22 23:00:00,0
"3893",2022484408,2016-04-23 00:00:00,0
"3894",2022484408,2016-04-23 01:00:00,0
"3895",2022484408,2016-04-23 02:00:00,0
"3896",2022484408,2016-04-23 03:00:00,0
"3897",2022484408,2016-04-23 04:00:00,0
"3898",2022484408,2016-04-23 05:00:00,0
"3899",2022484408,2016-04-23 06:00:00,0
"3900",2022484408,2016-04-23 07:00:00,0
"3901",2022484408,2016-04-23 08:00:00,0
"3902",2022484408,2016-04-23 09:00:00,0
"3903",2022484408,2016-04-23 10:00:00,0
"3904",2022484408,2016-04-23 11:00:00,0
"3905",2022484408,2016-04-23 12:00:00,289
"3906",2022484408,2016-04-23 13:00:00,1008
"3907",2022484408,2016-04-23 14:00:00,595
"3908",2022484408,2016-04-23 15:00:00,1232
"3909",2022484408,2016-04-23 16:00:00,729
"3910",2022484408,2016-04-23 17:00:00,459
"3911",2022484408,2016-04-23 18:00:00,618
"3912",2022484408,2016-04-23 19:00:00,483
"3913",2022484408,2016-04-23 20:00:00,267
"3914",2022484408,2016-04-23 21:00:00,139
"3915",2022484408,2016-04-23 22:00:00,182
"3916",2022484408,2016-04-23 23:00:00,0
"3917",2022484408,2016-04-24 00:00:00,0
"3918",2022484408,2016-04-24 01:00:00,0
"3919",2022484408,2016-04-24 02:00:00,0
"3920",2022484408,2016-04-24 03:00:00,0
"3921",2022484408,2016-04-24 04:00:00,0
"3922",2022484408,2016-04-24 05:00:00,0
"3923",2022484408,2016-04-24 06:00:00,0
"3924",2022484408,2016-04-24 07:00:00,0
"3925",2022484408,2016-04-24 08:00:00,3056
"3926",2022484408,2016-04-24 09:00:00,3130
"3927",2022484408,2016-04-24 10:00:00,496
"3928",2022484408,2016-04-24 11:00:00,708
"3929",2022484408,2016-04-24 12:00:00,699
"3930",2022484408,2016-04-24 13:00:00,1305
"3931",2022484408,2016-04-24 14:00:00,519
"3932",2022484408,2016-04-24 15:00:00,1963
"3933",2022484408,2016-04-24 16:00:00,85
"3934",2022484408,2016-04-24 17:00:00,573
"3935",2022484408,2016-04-24 18:00:00,947
"3936",2022484408,2016-04-24 19:00:00,0
"3937",2022484408,2016-04-24 20:00:00,0
"3938",2022484408,2016-04-24 21:00:00,0
"3939",2022484408,2016-04-24 22:00:00,0
"3940",2022484408,2016-04-24 23:00:00,0
"3941",2022484408,2016-04-25 00:00:00,0
"3942",2022484408,2016-04-25 01:00:00,0
"3943",2022484408,2016-04-25 02:00:00,0
"3944",2022484408,2016-04-25 03:00:00,0
"3945",2022484408,2016-04-25 04:00:00,0
"3946",2022484408,2016-04-25 05:00:00,0
"3947",2022484408,2016-04-25 06:00:00,0
"3948",2022484408,2016-04-25 07:00:00,718
"3949",2022484408,2016-04-25 08:00:00,380
"3950",2022484408,2016-04-25 09:00:00,5257
"3951",2022484408,2016-04-25 10:00:00,289
"3952",2022484408,2016-04-25 11:00:00,0
"3953",2022484408,2016-04-25 12:00:00,0
"3954",2022484408,2016-04-25 13:00:00,157
"3955",2022484408,2016-04-25 14:00:00,1507
"3956",2022484408,2016-04-25 15:00:00,281
"3957",2022484408,2016-04-25 16:00:00,696
"3958",2022484408,2016-04-25 17:00:00,645
"3959",2022484408,2016-04-25 18:00:00,250
"3960",2022484408,2016-04-25 19:00:00,1122
"3961",2022484408,2016-04-25 20:00:00,67
"3962",2022484408,2016-04-25 21:00:00,0
"3963",2022484408,2016-04-25 22:00:00,0
"3964",2022484408,2016-04-25 23:00:00,0
"3965",2022484408,2016-04-26 00:00:00,0
"3966",2022484408,2016-04-26 01:00:00,0
"3967",2022484408,2016-04-26 02:00:00,0
"3968",2022484408,2016-04-26 03:00:00,0
"3969",2022484408,2016-04-26 04:00:00,0
"3970",2022484408,2016-04-26 05:00:00,0
"3971",2022484408,2016-04-26 06:00:00,0
"3972",2022484408,2016-04-26 07:00:00,908
"3973",2022484408,2016-04-26 08:00:00,67
"3974",2022484408,2016-04-26 09:00:00,977
"3975",2022484408,2016-04-26 10:00:00,1967
"3976",2022484408,2016-04-26 11:00:00,1005
"3977",2022484408,2016-04-26 12:00:00,1040
"3978",2022484408,2016-04-26 13:00:00,31
"3979",2022484408,2016-04-26 14:00:00,965
"3980",2022484408,2016-04-26 15:00:00,1112
"3981",2022484408,2016-04-26 16:00:00,675
"3982",2022484408,2016-04-26 17:00:00,531
"3983",2022484408,2016-04-26 18:00:00,357
"3984",2022484408,2016-04-26 19:00:00,425
"3985",2022484408,2016-04-26 20:00:00,59
"3986",2022484408,2016-04-26 21:00:00,0
"3987",2022484408,2016-04-26 22:00:00,0
"3988",2022484408,2016-04-26 23:00:00,0
"3989",2022484408,2016-04-27 00:00:00,0
"3990",2022484408,2016-04-27 01:00:00,0
"3991",2022484408,2016-04-27 02:00:00,0
"3992",2022484408,2016-04-27 03:00:00,0
"3993",2022484408,2016-04-27 04:00:00,0
"3994",2022484408,2016-04-27 05:00:00,0
"3995",2022484408,2016-04-27 06:00:00,0
"3996",2022484408,2016-04-27 07:00:00,0
"3997",2022484408,2016-04-27 08:00:00,0
"3998",2022484408,2016-04-27 09:00:00,1388
"3999",2022484408,2016-04-27 10:00:00,967
"4000",2022484408,2016-04-27 11:00:00,149
"4001",2022484408,2016-04-27 12:00:00,973
"4002",2022484408,2016-04-27 13:00:00,1313
"4003",2022484408,2016-04-27 14:00:00,688
"4004",2022484408,2016-04-27 15:00:00,303
"4005",2022484408,2016-04-27 16:00:00,702
"4006",2022484408,2016-04-27 17:00:00,600
"4007",2022484408,2016-04-27 18:00:00,2917
"4008",2022484408,2016-04-27 19:00:00,159
"4009",2022484408,2016-04-27 20:00:00,0
"4010",2022484408,2016-04-27 21:00:00,0
"4011",2022484408,2016-04-27 22:00:00,0
"4012",2022484408,2016-04-27 23:00:00,0
"4013",2022484408,2016-04-28 00:00:00,0
"4014",2022484408,2016-04-28 01:00:00,0
"4015",2022484408,2016-04-28 02:00:00,0
"4016",2022484408,2016-04-28 03:00:00,0
"4017",2022484408,2016-04-28 04:00:00,0
"4018",2022484408,2016-04-28 05:00:00,0
"4019",2022484408,2016-04-28 06:00:00,0
"4020",2022484408,2016-04-28 07:00:00,368
"4021",2022484408,2016-04-28 08:00:00,912
"4022",2022484408,2016-04-28 09:00:00,787
"4023",2022484408,2016-04-28 10:00:00,1567
"4024",2022484408,2016-04-28 11:00:00,858
"4025",2022484408,2016-04-28 12:00:00,2735
"4026",2022484408,2016-04-28 13:00:00,197
"4027",2022484408,2016-04-28 14:00:00,1198
"4028",2022484408,2016-04-28 15:00:00,101
"4029",2022484408,2016-04-28 16:00:00,487
"4030",2022484408,2016-04-28 17:00:00,516
"4031",2022484408,2016-04-28 18:00:00,166
"4032",2022484408,2016-04-28 19:00:00,64
"4033",2022484408,2016-04-28 20:00:00,184
"4034",2022484408,2016-04-28 21:00:00,0
"4035",2022484408,2016-04-28 22:00:00,0
"4036",2022484408,2016-04-28 23:00:00,0
"4037",2022484408,2016-04-29 00:00:00,0
"4038",2022484408,2016-04-29 01:00:00,0
"4039",2022484408,2016-04-29 02:00:00,0
"4040",2022484408,2016-04-29 03:00:00,0
"4041",2022484408,2016-04-29 04:00:00,0
"4042",2022484408,2016-04-29 05:00:00,0
"4043",2022484408,2016-04-29 06:00:00,0
"4044",2022484408,2016-04-29 07:00:00,0
"4045",2022484408,2016-04-29 08:00:00,662
"4046",2022484408,2016-04-29 09:00:00,1457
"4047",2022484408,2016-04-29 10:00:00,1012
"4048",2022484408,2016-04-29 11:00:00,1452
"4049",2022484408,2016-04-29 12:00:00,530
"4050",2022484408,2016-04-29 13:00:00,1163
"4051",2022484408,2016-04-29 14:00:00,1655
"4052",2022484408,2016-04-29 15:00:00,175
"4053",2022484408,2016-04-29 16:00:00,1035
"4054",2022484408,2016-04-29 17:00:00,437
"4055",2022484408,2016-04-29 18:00:00,315
"4056",2022484408,2016-04-29 19:00:00,352
"4057",2022484408,2016-04-29 20:00:00,0
"4058",2022484408,2016-04-29 21:00:00,0
"4059",2022484408,2016-04-29 22:00:00,0
"4060",2022484408,2016-04-29 23:00:00,0
"4061",2022484408,2016-04-30 00:00:00,0
"4062",2022484408,2016-04-30 01:00:00,0
"4063",2022484408,2016-04-30 02:00:00,0
"4064",2022484408,2016-04-30 03:00:00,0
"4065",2022484408,2016-04-30 04:00:00,0
"4066",2022484408,2016-04-30 05:00:00,0
"4067",2022484408,2016-04-30 06:00:00,437
"4068",2022484408,2016-04-30 07:00:00,347
"4069",2022484408,2016-04-30 08:00:00,52
"4070",2022484408,2016-04-30 09:00:00,127
"4071",2022484408,2016-04-30 10:00:00,2094
"4072",2022484408,2016-04-30 11:00:00,1112
"4073",2022484408,2016-04-30 12:00:00,1372
"4074",2022484408,2016-04-30 13:00:00,2418
"4075",2022484408,2016-04-30 14:00:00,1564
"4076",2022484408,2016-04-30 15:00:00,2742
"4077",2022484408,2016-04-30 16:00:00,3286
"4078",2022484408,2016-04-30 17:00:00,1288
"4079",2022484408,2016-04-30 18:00:00,869
"4080",2022484408,2016-04-30 19:00:00,577
"4081",2022484408,2016-04-30 20:00:00,102
"4082",2022484408,2016-04-30 21:00:00,0
"4083",2022484408,2016-04-30 22:00:00,0
"4084",2022484408,2016-04-30 23:00:00,0
"4085",2022484408,2016-05-01 00:00:00,0
"4086",2022484408,2016-05-01 01:00:00,0
"4087",2022484408,2016-05-01 02:00:00,0
"4088",2022484408,2016-05-01 03:00:00,0
"4089",2022484408,2016-05-01 04:00:00,0
"4090",2022484408,2016-05-01 05:00:00,0
"4091",2022484408,2016-05-01 06:00:00,660
"4092",2022484408,2016-05-01 07:00:00,360
"4093",2022484408,2016-05-01 08:00:00,28
"4094",2022484408,2016-05-01 09:00:00,305
"4095",2022484408,2016-05-01 10:00:00,3757
"4096",2022484408,2016-05-01 11:00:00,716
"4097",2022484408,2016-05-01 12:00:00,132
"4098",2022484408,2016-05-01 13:00:00,61
"4099",2022484408,2016-05-01 14:00:00,314
"4100",2022484408,2016-05-01 15:00:00,882
"4101",2022484408,2016-05-01 16:00:00,555
"4102",2022484408,2016-05-01 17:00:00,1088
"4103",2022484408,2016-05-01 18:00:00,866
"4104",2022484408,2016-05-01 19:00:00,814
"4105",2022484408,2016-05-01 20:00:00,0
"4106",2022484408,2016-05-01 21:00:00,0
"4107",2022484408,2016-05-01 22:00:00,0
"4108",2022484408,2016-05-01 23:00:00,0
"4109",2022484408,2016-05-02 00:00:00,0
"4110",2022484408,2016-05-02 01:00:00,0
"4111",2022484408,2016-05-02 02:00:00,0
"4112",2022484408,2016-05-02 03:00:00,0
"4113",2022484408,2016-05-02 04:00:00,0
"4114",2022484408,2016-05-02 05:00:00,0
"4115",2022484408,2016-05-02 06:00:00,0
"4116",2022484408,2016-05-02 07:00:00,590
"4117",2022484408,2016-05-02 08:00:00,385
"4118",2022484408,2016-05-02 09:00:00,1116
"4119",2022484408,2016-05-02 10:00:00,737
"4120",2022484408,2016-05-02 11:00:00,153
"4121",2022484408,2016-05-02 12:00:00,805
"4122",2022484408,2016-05-02 13:00:00,610
"4123",2022484408,2016-05-02 14:00:00,4178
"4124",2022484408,2016-05-02 15:00:00,255
"4125",2022484408,2016-05-02 16:00:00,864
"4126",2022484408,2016-05-02 17:00:00,182
"4127",2022484408,2016-05-02 18:00:00,271
"4128",2022484408,2016-05-02 19:00:00,233
"4129",2022484408,2016-05-02 20:00:00,0
"4130",2022484408,2016-05-02 21:00:00,0
"4131",2022484408,2016-05-02 22:00:00,0
"4132",2022484408,2016-05-02 23:00:00,0
"4133",2022484408,2016-05-03 00:00:00,0
"4134",2022484408,2016-05-03 01:00:00,0
"4135",2022484408,2016-05-03 02:00:00,0
"4136",2022484408,2016-05-03 03:00:00,0
"4137",2022484408,2016-05-03 04:00:00,0
"4138",2022484408,2016-05-03 05:00:00,0
"4139",2022484408,2016-05-03 06:00:00,0
"4140",2022484408,2016-05-03 07:00:00,218
"4141",2022484408,2016-05-03 08:00:00,442
"4142",2022484408,2016-05-03 09:00:00,412
"4143",2022484408,2016-05-03 10:00:00,2451
"4144",2022484408,2016-05-03 11:00:00,526
"4145",2022484408,2016-05-03 12:00:00,287
"4146",2022484408,2016-05-03 13:00:00,337
"4147",2022484408,2016-05-03 14:00:00,2179
"4148",2022484408,2016-05-03 15:00:00,495
"4149",2022484408,2016-05-03 16:00:00,3398
"4150",2022484408,2016-05-03 17:00:00,557
"4151",2022484408,2016-05-03 18:00:00,105
"4152",2022484408,2016-05-03 19:00:00,211
"4153",2022484408,2016-05-03 20:00:00,497
"4154",2022484408,2016-05-03 21:00:00,68
"4155",2022484408,2016-05-03 22:00:00,0
"4156",2022484408,2016-05-03 23:00:00,0
"4157",2022484408,2016-05-04 00:00:00,0
"4158",2022484408,2016-05-04 01:00:00,0
"4159",2022484408,2016-05-04 02:00:00,0
"4160",2022484408,2016-05-04 03:00:00,0
"4161",2022484408,2016-05-04 04:00:00,0
"4162",2022484408,2016-05-04 05:00:00,0
"4163",2022484408,2016-05-04 06:00:00,112
"4164",2022484408,2016-05-04 07:00:00,719
"4165",2022484408,2016-05-04 08:00:00,385
"4166",2022484408,2016-05-04 09:00:00,1634
"4167",2022484408,2016-05-04 10:00:00,944
"4168",2022484408,2016-05-04 11:00:00,602
"4169",2022484408,2016-05-04 12:00:00,499
"4170",2022484408,2016-05-04 13:00:00,683
"4171",2022484408,2016-05-04 14:00:00,3647
"4172",2022484408,2016-05-04 15:00:00,175
"4173",2022484408,2016-05-04 16:00:00,701
"4174",2022484408,2016-05-04 17:00:00,214
"4175",2022484408,2016-05-04 18:00:00,698
"4176",2022484408,2016-05-04 19:00:00,630
"4177",2022484408,2016-05-04 20:00:00,125
"4178",2022484408,2016-05-04 21:00:00,0
"4179",2022484408,2016-05-04 22:00:00,0
"4180",2022484408,2016-05-04 23:00:00,0
"4181",2022484408,2016-05-05 00:00:00,0
"4182",2022484408,2016-05-05 01:00:00,0
"4183",2022484408,2016-05-05 02:00:00,0
"4184",2022484408,2016-05-05 03:00:00,0
"4185",2022484408,2016-05-05 04:00:00,0
"4186",2022484408,2016-05-05 05:00:00,0
"4187",2022484408,2016-05-05 06:00:00,0
"4188",2022484408,2016-05-05 07:00:00,0
"4189",2022484408,2016-05-05 08:00:00,309
"4190",2022484408,2016-05-05 09:00:00,2327
"4191",2022484408,2016-05-05 10:00:00,1305
"4192",2022484408,2016-05-05 11:00:00,666
"4193",2022484408,2016-05-05 12:00:00,255
"4194",2022484408,2016-05-05 13:00:00,190
"4195",2022484408,2016-05-05 14:00:00,1723
"4196",2022484408,2016-05-05 15:00:00,2384
"4197",2022484408,2016-05-05 16:00:00,1175
"4198",2022484408,2016-05-05 17:00:00,414
"4199",2022484408,2016-05-05 18:00:00,375
"4200",2022484408,2016-05-05 19:00:00,322
"4201",2022484408,2016-05-05 20:00:00,450
"4202",2022484408,2016-05-05 21:00:00,0
"4203",2022484408,2016-05-05 22:00:00,0
"4204",2022484408,2016-05-05 23:00:00,0
"4205",2022484408,2016-05-06 00:00:00,0
"4206",2022484408,2016-05-06 01:00:00,0
"4207",2022484408,2016-05-06 02:00:00,0
"4208",2022484408,2016-05-06 03:00:00,0
"4209",2022484408,2016-05-06 04:00:00,0
"4210",2022484408,2016-05-06 05:00:00,0
"4211",2022484408,2016-05-06 06:00:00,0
"4212",2022484408,2016-05-06 07:00:00,0
"4213",2022484408,2016-05-06 08:00:00,0
"4214",2022484408,2016-05-06 09:00:00,809
"4215",2022484408,2016-05-06 10:00:00,1107
"4216",2022484408,2016-05-06 11:00:00,1025
"4217",2022484408,2016-05-06 12:00:00,226
"4218",2022484408,2016-05-06 13:00:00,455
"4219",2022484408,2016-05-06 14:00:00,4084
"4220",2022484408,2016-05-06 15:00:00,487
"4221",2022484408,2016-05-06 16:00:00,445
"4222",2022484408,2016-05-06 17:00:00,374
"4223",2022484408,2016-05-06 18:00:00,355
"4224",2022484408,2016-05-06 19:00:00,271
"4225",2022484408,2016-05-06 20:00:00,164
"4226",2022484408,2016-05-06 21:00:00,425
"4227",2022484408,2016-05-06 22:00:00,0
"4228",2022484408,2016-05-06 23:00:00,0
"4229",2022484408,2016-05-07 00:00:00,0
"4230",2022484408,2016-05-07 01:00:00,0
"4231",2022484408,2016-05-07 02:00:00,0
"4232",2022484408,2016-05-07 03:00:00,0
"4233",2022484408,2016-05-07 04:00:00,0
"4234",2022484408,2016-05-07 05:00:00,0
"4235",2022484408,2016-05-07 06:00:00,0
"4236",2022484408,2016-05-07 07:00:00,0
"4237",2022484408,2016-05-07 08:00:00,7
"4238",2022484408,2016-05-07 09:00:00,1132
"4239",2022484408,2016-05-07 10:00:00,2617
"4240",2022484408,2016-05-07 11:00:00,873
"4241",2022484408,2016-05-07 12:00:00,412
"4242",2022484408,2016-05-07 13:00:00,545
"4243",2022484408,2016-05-07 14:00:00,0
"4244",2022484408,2016-05-07 15:00:00,0
"4245",2022484408,2016-05-07 16:00:00,0
"4246",2022484408,2016-05-07 17:00:00,0
"4247",2022484408,2016-05-07 18:00:00,0
"4248",2022484408,2016-05-07 19:00:00,740
"4249",2022484408,2016-05-07 20:00:00,382
"4250",2022484408,2016-05-07 21:00:00,0
"4251",2022484408,2016-05-07 22:00:00,0
"4252",2022484408,2016-05-07 23:00:00,0
"4253",2022484408,2016-05-08 00:00:00,0
"4254",2022484408,2016-05-08 01:00:00,0
"4255",2022484408,2016-05-08 02:00:00,0
"4256",2022484408,2016-05-08 03:00:00,0
"4257",2022484408,2016-05-08 04:00:00,0
"4258",2022484408,2016-05-08 05:00:00,0
"4259",2022484408,2016-05-08 06:00:00,0
"4260",2022484408,2016-05-08 07:00:00,0
"4261",2022484408,2016-05-08 08:00:00,14
"4262",2022484408,2016-05-08 09:00:00,187
"4263",2022484408,2016-05-08 10:00:00,729
"4264",2022484408,2016-05-08 11:00:00,1127
"4265",2022484408,2016-05-08 12:00:00,584
"4266",2022484408,2016-05-08 13:00:00,457
"4267",2022484408,2016-05-08 14:00:00,194
"4268",2022484408,2016-05-08 15:00:00,0
"4269",2022484408,2016-05-08 16:00:00,0
"4270",2022484408,2016-05-08 17:00:00,0
"4271",2022484408,2016-05-08 18:00:00,0
"4272",2022484408,2016-05-08 19:00:00,0
"4273",2022484408,2016-05-08 20:00:00,0
"4274",2022484408,2016-05-08 21:00:00,0
"4275",2022484408,2016-05-08 22:00:00,0
"4276",2022484408,2016-05-08 23:00:00,0
"4277",2022484408,2016-05-09 00:00:00,0
"4278",2022484408,2016-05-09 01:00:00,0
"4279",2022484408,2016-05-09 02:00:00,0
"4280",2022484408,2016-05-09 03:00:00,0
"4281",2022484408,2016-05-09 04:00:00,0
"4282",2022484408,2016-05-09 05:00:00,0
"4283",2022484408,2016-05-09 06:00:00,250
"4284",2022484408,2016-05-09 07:00:00,661
"4285",2022484408,2016-05-09 08:00:00,1225
"4286",2022484408,2016-05-09 09:00:00,1516
"4287",2022484408,2016-05-09 10:00:00,2174
"4288",2022484408,2016-05-09 11:00:00,164
"4289",2022484408,2016-05-09 12:00:00,325
"4290",2022484408,2016-05-09 13:00:00,165
"4291",2022484408,2016-05-09 14:00:00,3804
"4292",2022484408,2016-05-09 15:00:00,946
"4293",2022484408,2016-05-09 16:00:00,595
"4294",2022484408,2016-05-09 17:00:00,564
"4295",2022484408,2016-05-09 18:00:00,436
"4296",2022484408,2016-05-09 19:00:00,343
"4297",2022484408,2016-05-09 20:00:00,211
"4298",2022484408,2016-05-09 21:00:00,0
"4299",2022484408,2016-05-09 22:00:00,0
"4300",2022484408,2016-05-09 23:00:00,0
"4301",2022484408,2016-05-10 00:00:00,0
"4302",2022484408,2016-05-10 01:00:00,0
"4303",2022484408,2016-05-10 02:00:00,0
"4304",2022484408,2016-05-10 03:00:00,0
"4305",2022484408,2016-05-10 04:00:00,0
"4306",2022484408,2016-05-10 05:00:00,0
"4307",2022484408,2016-05-10 06:00:00,0
"4308",2022484408,2016-05-10 07:00:00,0
"4309",2022484408,2016-05-10 08:00:00,163
"4310",2022484408,2016-05-10 09:00:00,522
"4311",2022484408,2016-05-10 10:00:00,1910
"4312",2022484408,2016-05-10 11:00:00,1536
"4313",2022484408,2016-05-10 12:00:00,589
"4314",2022484408,2016-05-10 13:00:00,1164
"4315",2022484408,2016-05-10 14:00:00,3553
"4316",2022484408,2016-05-10 15:00:00,699
"4317",2022484408,2016-05-10 16:00:00,386
"4318",2022484408,2016-05-10 17:00:00,1264
"4319",2022484408,2016-05-10 18:00:00,424
"4320",2022484408,2016-05-10 19:00:00,588
"4321",2022484408,2016-05-10 20:00:00,0
"4322",2022484408,2016-05-10 21:00:00,0
"4323",2022484408,2016-05-10 22:00:00,0
"4324",2022484408,2016-05-10 23:00:00,0
"4325",2022484408,2016-05-11 00:00:00,0
"4326",2022484408,2016-05-11 01:00:00,0
"4327",2022484408,2016-05-11 02:00:00,0
"4328",2022484408,2016-05-11 03:00:00,0
"4329",2022484408,2016-05-11 04:00:00,0
"4330",2022484408,2016-05-11 05:00:00,0
"4331",2022484408,2016-05-11 06:00:00,0
"4332",2022484408,2016-05-11 07:00:00,0
"4333",2022484408,2016-05-11 08:00:00,0
"4334",2022484408,2016-05-11 09:00:00,38
"4335",2022484408,2016-05-11 10:00:00,329
"4336",2022484408,2016-05-11 11:00:00,4838
"4337",2022484408,2016-05-11 12:00:00,607
"4338",2022484408,2016-05-11 13:00:00,225
"4339",2022484408,2016-05-11 14:00:00,3294
"4340",2022484408,2016-05-11 15:00:00,698
"4341",2022484408,2016-05-11 16:00:00,1116
"4342",2022484408,2016-05-11 17:00:00,1045
"4343",2022484408,2016-05-11 18:00:00,673
"4344",2022484408,2016-05-11 19:00:00,409
"4345",2022484408,2016-05-11 20:00:00,0
"4346",2022484408,2016-05-11 21:00:00,0
"4347",2022484408,2016-05-11 22:00:00,0
"4348",2022484408,2016-05-11 23:00:00,0
"4349",2022484408,2016-05-12 00:00:00,0
"4350",2022484408,2016-05-12 01:00:00,0
"4351",2022484408,2016-05-12 02:00:00,0
"4352",2022484408,2016-05-12 03:00:00,0
"4353",2022484408,2016-05-12 04:00:00,0
"4354",2022484408,2016-05-12 05:00:00,0
"4355",2022484408,2016-05-12 06:00:00,0
"4356",2022484408,2016-05-12 07:00:00,490
"4357",2022484408,2016-05-12 08:00:00,418
"4358",2022484408,2016-05-12 09:00:00,812
"4359",2022484408,2016-05-12 10:00:00,2689
"4360",2022484408,2016-05-12 11:00:00,378
"4361",2022484408,2016-05-12 12:00:00,507
"4362",2022484408,2016-05-12 13:00:00,997
"4363",2022484408,2016-05-12 14:00:00,1383
"4364",2022484408,2016-05-12 15:00:00,665
"4365",2026352035,2016-04-12 00:00:00,29
"4366",2026352035,2016-04-12 01:00:00,0
"4367",2026352035,2016-04-12 02:00:00,0
"4368",2026352035,2016-04-12 03:00:00,0
"4369",2026352035,2016-04-12 04:00:00,0
"4370",2026352035,2016-04-12 05:00:00,0
"4371",2026352035,2016-04-12 06:00:00,319
"4372",2026352035,2016-04-12 07:00:00,225
"4373",2026352035,2016-04-12 08:00:00,154
"4374",2026352035,2016-04-12 09:00:00,230
"4375",2026352035,2016-04-12 10:00:00,73
"4376",2026352035,2016-04-12 11:00:00,1174
"4377",2026352035,2016-04-12 12:00:00,977
"4378",2026352035,2016-04-12 13:00:00,38
"4379",2026352035,2016-04-12 14:00:00,27
"4380",2026352035,2016-04-12 15:00:00,231
"4381",2026352035,2016-04-12 16:00:00,20
"4382",2026352035,2016-04-12 17:00:00,288
"4383",2026352035,2016-04-12 18:00:00,242
"4384",2026352035,2016-04-12 19:00:00,144
"4385",2026352035,2016-04-12 20:00:00,237
"4386",2026352035,2016-04-12 21:00:00,0
"4387",2026352035,2016-04-12 22:00:00,0
"4388",2026352035,2016-04-12 23:00:00,6
"4389",2026352035,2016-04-13 00:00:00,0
"4390",2026352035,2016-04-13 01:00:00,12
"4391",2026352035,2016-04-13 02:00:00,0
"4392",2026352035,2016-04-13 03:00:00,6
"4393",2026352035,2016-04-13 04:00:00,0
"4394",2026352035,2016-04-13 05:00:00,8
"4395",2026352035,2016-04-13 06:00:00,355
"4396",2026352035,2016-04-13 07:00:00,319
"4397",2026352035,2016-04-13 08:00:00,160
"4398",2026352035,2016-04-13 09:00:00,302
"4399",2026352035,2016-04-13 10:00:00,14
"4400",2026352035,2016-04-13 11:00:00,178
"4401",2026352035,2016-04-13 12:00:00,185
"4402",2026352035,2016-04-13 13:00:00,93
"4403",2026352035,2016-04-13 14:00:00,125
"4404",2026352035,2016-04-13 15:00:00,861
"4405",2026352035,2016-04-13 16:00:00,531
"4406",2026352035,2016-04-13 17:00:00,585
"4407",2026352035,2016-04-13 18:00:00,48
"4408",2026352035,2016-04-13 19:00:00,507
"4409",2026352035,2016-04-13 20:00:00,431
"4410",2026352035,2016-04-13 21:00:00,247
"4411",2026352035,2016-04-13 22:00:00,26
"4412",2026352035,2016-04-13 23:00:00,0
"4413",2026352035,2016-04-14 00:00:00,0
"4414",2026352035,2016-04-14 01:00:00,0
"4415",2026352035,2016-04-14 02:00:00,0
"4416",2026352035,2016-04-14 03:00:00,0
"4417",2026352035,2016-04-14 04:00:00,0
"4418",2026352035,2016-04-14 05:00:00,0
"4419",2026352035,2016-04-14 06:00:00,290
"4420",2026352035,2016-04-14 07:00:00,717
"4421",2026352035,2016-04-14 08:00:00,268
"4422",2026352035,2016-04-14 09:00:00,48
"4423",2026352035,2016-04-14 10:00:00,36
"4424",2026352035,2016-04-14 11:00:00,135
"4425",2026352035,2016-04-14 12:00:00,106
"4426",2026352035,2016-04-14 13:00:00,74
"4427",2026352035,2016-04-14 14:00:00,235
"4428",2026352035,2016-04-14 15:00:00,91
"4429",2026352035,2016-04-14 16:00:00,104
"4430",2026352035,2016-04-14 17:00:00,426
"4431",2026352035,2016-04-14 18:00:00,282
"4432",2026352035,2016-04-14 19:00:00,227
"4433",2026352035,2016-04-14 20:00:00,236
"4434",2026352035,2016-04-14 21:00:00,4
"4435",2026352035,2016-04-14 22:00:00,26
"4436",2026352035,2016-04-14 23:00:00,0
"4437",2026352035,2016-04-15 00:00:00,5
"4438",2026352035,2016-04-15 01:00:00,0
"4439",2026352035,2016-04-15 02:00:00,0
"4440",2026352035,2016-04-15 03:00:00,43
"4441",2026352035,2016-04-15 04:00:00,8
"4442",2026352035,2016-04-15 05:00:00,0
"4443",2026352035,2016-04-15 06:00:00,529
"4444",2026352035,2016-04-15 07:00:00,272
"4445",2026352035,2016-04-15 08:00:00,173
"4446",2026352035,2016-04-15 09:00:00,95
"4447",2026352035,2016-04-15 10:00:00,291
"4448",2026352035,2016-04-15 11:00:00,40
"4449",2026352035,2016-04-15 12:00:00,146
"4450",2026352035,2016-04-15 13:00:00,50
"4451",2026352035,2016-04-15 14:00:00,250
"4452",2026352035,2016-04-15 15:00:00,758
"4453",2026352035,2016-04-15 16:00:00,142
"4454",2026352035,2016-04-15 17:00:00,218
"4455",2026352035,2016-04-15 18:00:00,351
"4456",2026352035,2016-04-15 19:00:00,153
"4457",2026352035,2016-04-15 20:00:00,246
"4458",2026352035,2016-04-15 21:00:00,34
"4459",2026352035,2016-04-15 22:00:00,12
"4460",2026352035,2016-04-15 23:00:00,5
"4461",2026352035,2016-04-16 00:00:00,0
"4462",2026352035,2016-04-16 01:00:00,20
"4463",2026352035,2016-04-16 02:00:00,7
"4464",2026352035,2016-04-16 03:00:00,0
"4465",2026352035,2016-04-16 04:00:00,23
"4466",2026352035,2016-04-16 05:00:00,0
"4467",2026352035,2016-04-16 06:00:00,499
"4468",2026352035,2016-04-16 07:00:00,90
"4469",2026352035,2016-04-16 08:00:00,184
"4470",2026352035,2016-04-16 09:00:00,235
"4471",2026352035,2016-04-16 10:00:00,60
"4472",2026352035,2016-04-16 11:00:00,47
"4473",2026352035,2016-04-16 12:00:00,128
"4474",2026352035,2016-04-16 13:00:00,60
"4475",2026352035,2016-04-16 14:00:00,224
"4476",2026352035,2016-04-16 15:00:00,19
"4477",2026352035,2016-04-16 16:00:00,131
"4478",2026352035,2016-04-16 17:00:00,271
"4479",2026352035,2016-04-16 18:00:00,82
"4480",2026352035,2016-04-16 19:00:00,181
"4481",2026352035,2016-04-16 20:00:00,175
"4482",2026352035,2016-04-16 21:00:00,56
"4483",2026352035,2016-04-16 22:00:00,45
"4484",2026352035,2016-04-16 23:00:00,10
"4485",2026352035,2016-04-17 00:00:00,0
"4486",2026352035,2016-04-17 01:00:00,0
"4487",2026352035,2016-04-17 02:00:00,0
"4488",2026352035,2016-04-17 03:00:00,0
"4489",2026352035,2016-04-17 04:00:00,0
"4490",2026352035,2016-04-17 05:00:00,36
"4491",2026352035,2016-04-17 06:00:00,214
"4492",2026352035,2016-04-17 07:00:00,116
"4493",2026352035,2016-04-17 08:00:00,130
"4494",2026352035,2016-04-17 09:00:00,119
"4495",2026352035,2016-04-17 10:00:00,72
"4496",2026352035,2016-04-17 11:00:00,144
"4497",2026352035,2016-04-17 12:00:00,7
"4498",2026352035,2016-04-17 13:00:00,0
"4499",2026352035,2016-04-17 14:00:00,0
"4500",2026352035,2016-04-17 15:00:00,0
"4501",2026352035,2016-04-17 16:00:00,0
"4502",2026352035,2016-04-17 17:00:00,0
"4503",2026352035,2016-04-17 18:00:00,0
"4504",2026352035,2016-04-17 19:00:00,0
"4505",2026352035,2016-04-17 20:00:00,0
"4506",2026352035,2016-04-17 21:00:00,0
"4507",2026352035,2016-04-17 22:00:00,0
"4508",2026352035,2016-04-17 23:00:00,0
"4509",2026352035,2016-04-18 00:00:00,0
"4510",2026352035,2016-04-18 01:00:00,0
"4511",2026352035,2016-04-18 02:00:00,0
"4512",2026352035,2016-04-18 03:00:00,0
"4513",2026352035,2016-04-18 04:00:00,0
"4514",2026352035,2016-04-18 05:00:00,0
"4515",2026352035,2016-04-18 06:00:00,404
"4516",2026352035,2016-04-18 07:00:00,109
"4517",2026352035,2016-04-18 08:00:00,29
"4518",2026352035,2016-04-18 09:00:00,41
"4519",2026352035,2016-04-18 10:00:00,569
"4520",2026352035,2016-04-18 11:00:00,96
"4521",2026352035,2016-04-18 12:00:00,18
"4522",2026352035,2016-04-18 13:00:00,256
"4523",2026352035,2016-04-18 14:00:00,245
"4524",2026352035,2016-04-18 15:00:00,204
"4525",2026352035,2016-04-18 16:00:00,150
"4526",2026352035,2016-04-18 17:00:00,277
"4527",2026352035,2016-04-18 18:00:00,305
"4528",2026352035,2016-04-18 19:00:00,291
"4529",2026352035,2016-04-18 20:00:00,259
"4530",2026352035,2016-04-18 21:00:00,15
"4531",2026352035,2016-04-18 22:00:00,34
"4532",2026352035,2016-04-18 23:00:00,23
"4533",2026352035,2016-04-19 00:00:00,0
"4534",2026352035,2016-04-19 01:00:00,0
"4535",2026352035,2016-04-19 02:00:00,0
"4536",2026352035,2016-04-19 03:00:00,0
"4537",2026352035,2016-04-19 04:00:00,0
"4538",2026352035,2016-04-19 05:00:00,0
"4539",2026352035,2016-04-19 06:00:00,247
"4540",2026352035,2016-04-19 07:00:00,136
"4541",2026352035,2016-04-19 08:00:00,216
"4542",2026352035,2016-04-19 09:00:00,108
"4543",2026352035,2016-04-19 10:00:00,130
"4544",2026352035,2016-04-19 11:00:00,116
"4545",2026352035,2016-04-19 12:00:00,113
"4546",2026352035,2016-04-19 13:00:00,20
"4547",2026352035,2016-04-19 14:00:00,252
"4548",2026352035,2016-04-19 15:00:00,13
"4549",2026352035,2016-04-19 16:00:00,94
"4550",2026352035,2016-04-19 17:00:00,76
"4551",2026352035,2016-04-19 18:00:00,477
"4552",2026352035,2016-04-19 19:00:00,107
"4553",2026352035,2016-04-19 20:00:00,135
"4554",2026352035,2016-04-19 21:00:00,136
"4555",2026352035,2016-04-19 22:00:00,14
"4556",2026352035,2016-04-19 23:00:00,34
"4557",2026352035,2016-04-20 00:00:00,23
"4558",2026352035,2016-04-20 01:00:00,0
"4559",2026352035,2016-04-20 02:00:00,4
"4560",2026352035,2016-04-20 03:00:00,0
"4561",2026352035,2016-04-20 04:00:00,0
"4562",2026352035,2016-04-20 05:00:00,203
"4563",2026352035,2016-04-20 06:00:00,311
"4564",2026352035,2016-04-20 07:00:00,105
"4565",2026352035,2016-04-20 08:00:00,218
"4566",2026352035,2016-04-20 09:00:00,197
"4567",2026352035,2016-04-20 10:00:00,410
"4568",2026352035,2016-04-20 11:00:00,794
"4569",2026352035,2016-04-20 12:00:00,293
"4570",2026352035,2016-04-20 13:00:00,1001
"4571",2026352035,2016-04-20 14:00:00,617
"4572",2026352035,2016-04-20 15:00:00,533
"4573",2026352035,2016-04-20 16:00:00,713
"4574",2026352035,2016-04-20 17:00:00,260
"4575",2026352035,2016-04-20 18:00:00,892
"4576",2026352035,2016-04-20 19:00:00,222
"4577",2026352035,2016-04-20 20:00:00,138
"4578",2026352035,2016-04-20 21:00:00,256
"4579",2026352035,2016-04-20 22:00:00,16
"4580",2026352035,2016-04-20 23:00:00,16
"4581",2026352035,2016-04-21 00:00:00,0
"4582",2026352035,2016-04-21 01:00:00,12
"4583",2026352035,2016-04-21 02:00:00,0
"4584",2026352035,2016-04-21 03:00:00,0
"4585",2026352035,2016-04-21 04:00:00,0
"4586",2026352035,2016-04-21 05:00:00,0
"4587",2026352035,2016-04-21 06:00:00,363
"4588",2026352035,2016-04-21 07:00:00,115
"4589",2026352035,2016-04-21 08:00:00,15
"4590",2026352035,2016-04-21 09:00:00,175
"4591",2026352035,2016-04-21 10:00:00,6
"4592",2026352035,2016-04-21 11:00:00,117
"4593",2026352035,2016-04-21 12:00:00,154
"4594",2026352035,2016-04-21 13:00:00,89
"4595",2026352035,2016-04-21 14:00:00,115
"4596",2026352035,2016-04-21 15:00:00,154
"4597",2026352035,2016-04-21 16:00:00,138
"4598",2026352035,2016-04-21 17:00:00,440
"4599",2026352035,2016-04-21 18:00:00,133
"4600",2026352035,2016-04-21 19:00:00,102
"4601",2026352035,2016-04-21 20:00:00,295
"4602",2026352035,2016-04-21 21:00:00,16
"4603",2026352035,2016-04-21 22:00:00,9
"4604",2026352035,2016-04-21 23:00:00,19
"4605",2026352035,2016-04-22 00:00:00,0
"4606",2026352035,2016-04-22 01:00:00,0
"4607",2026352035,2016-04-22 02:00:00,0
"4608",2026352035,2016-04-22 03:00:00,0
"4609",2026352035,2016-04-22 04:00:00,0
"4610",2026352035,2016-04-22 05:00:00,0
"4611",2026352035,2016-04-22 06:00:00,335
"4612",2026352035,2016-04-22 07:00:00,14
"4613",2026352035,2016-04-22 08:00:00,117
"4614",2026352035,2016-04-22 09:00:00,108
"4615",2026352035,2016-04-22 10:00:00,220
"4616",2026352035,2016-04-22 11:00:00,274
"4617",2026352035,2016-04-22 12:00:00,109
"4618",2026352035,2016-04-22 13:00:00,75
"4619",2026352035,2016-04-22 14:00:00,10
"4620",2026352035,2016-04-22 15:00:00,838
"4621",2026352035,2016-04-22 16:00:00,88
"4622",2026352035,2016-04-22 17:00:00,216
"4623",2026352035,2016-04-22 18:00:00,170
"4624",2026352035,2016-04-22 19:00:00,115
"4625",2026352035,2016-04-22 20:00:00,186
"4626",2026352035,2016-04-22 21:00:00,0
"4627",2026352035,2016-04-22 22:00:00,18
"4628",2026352035,2016-04-22 23:00:00,22
"4629",2026352035,2016-04-23 00:00:00,5
"4630",2026352035,2016-04-23 01:00:00,0
"4631",2026352035,2016-04-23 02:00:00,0
"4632",2026352035,2016-04-23 03:00:00,0
"4633",2026352035,2016-04-23 04:00:00,0
"4634",2026352035,2016-04-23 05:00:00,0
"4635",2026352035,2016-04-23 06:00:00,521
"4636",2026352035,2016-04-23 07:00:00,154
"4637",2026352035,2016-04-23 08:00:00,957
"4638",2026352035,2016-04-23 09:00:00,602
"4639",2026352035,2016-04-23 10:00:00,1049
"4640",2026352035,2016-04-23 11:00:00,2315
"4641",2026352035,2016-04-23 12:00:00,1236
"4642",2026352035,2016-04-23 13:00:00,692
"4643",2026352035,2016-04-23 14:00:00,1742
"4644",2026352035,2016-04-23 15:00:00,1153
"4645",2026352035,2016-04-23 16:00:00,308
"4646",2026352035,2016-04-23 17:00:00,785
"4647",2026352035,2016-04-23 18:00:00,367
"4648",2026352035,2016-04-23 19:00:00,243
"4649",2026352035,2016-04-23 20:00:00,198
"4650",2026352035,2016-04-23 21:00:00,0
"4651",2026352035,2016-04-23 22:00:00,9
"4652",2026352035,2016-04-23 23:00:00,21
"4653",2026352035,2016-04-24 00:00:00,0
"4654",2026352035,2016-04-24 01:00:00,0
"4655",2026352035,2016-04-24 02:00:00,0
"4656",2026352035,2016-04-24 03:00:00,0
"4657",2026352035,2016-04-24 04:00:00,0
"4658",2026352035,2016-04-24 05:00:00,0
"4659",2026352035,2016-04-24 06:00:00,320
"4660",2026352035,2016-04-24 07:00:00,227
"4661",2026352035,2016-04-24 08:00:00,101
"4662",2026352035,2016-04-24 09:00:00,416
"4663",2026352035,2016-04-24 10:00:00,63
"4664",2026352035,2016-04-24 11:00:00,236
"4665",2026352035,2016-04-24 12:00:00,17
"4666",2026352035,2016-04-24 13:00:00,178
"4667",2026352035,2016-04-24 14:00:00,196
"4668",2026352035,2016-04-24 15:00:00,169
"4669",2026352035,2016-04-24 16:00:00,187
"4670",2026352035,2016-04-24 17:00:00,432
"4671",2026352035,2016-04-24 18:00:00,287
"4672",2026352035,2016-04-24 19:00:00,170
"4673",2026352035,2016-04-24 20:00:00,334
"4674",2026352035,2016-04-24 21:00:00,129
"4675",2026352035,2016-04-24 22:00:00,12
"4676",2026352035,2016-04-24 23:00:00,16
"4677",2026352035,2016-04-25 00:00:00,0
"4678",2026352035,2016-04-25 01:00:00,0
"4679",2026352035,2016-04-25 02:00:00,0
"4680",2026352035,2016-04-25 03:00:00,0
"4681",2026352035,2016-04-25 04:00:00,0
"4682",2026352035,2016-04-25 05:00:00,0
"4683",2026352035,2016-04-25 06:00:00,523
"4684",2026352035,2016-04-25 07:00:00,562
"4685",2026352035,2016-04-25 08:00:00,643
"4686",2026352035,2016-04-25 09:00:00,672
"4687",2026352035,2016-04-25 10:00:00,120
"4688",2026352035,2016-04-25 11:00:00,484
"4689",2026352035,2016-04-25 12:00:00,636
"4690",2026352035,2016-04-25 13:00:00,305
"4691",2026352035,2016-04-25 14:00:00,962
"4692",2026352035,2016-04-25 15:00:00,559
"4693",2026352035,2016-04-25 16:00:00,551
"4694",2026352035,2016-04-25 17:00:00,0
"4695",2026352035,2016-04-25 18:00:00,0
"4696",2026352035,2016-04-25 19:00:00,0
"4697",2026352035,2016-04-25 20:00:00,0
"4698",2026352035,2016-04-25 21:00:00,0
"4699",2026352035,2016-04-25 22:00:00,0
"4700",2026352035,2016-04-25 23:00:00,0
"4701",2026352035,2016-04-26 00:00:00,0
"4702",2026352035,2016-04-26 01:00:00,0
"4703",2026352035,2016-04-26 02:00:00,0
"4704",2026352035,2016-04-26 03:00:00,0
"4705",2026352035,2016-04-26 04:00:00,0
"4706",2026352035,2016-04-26 05:00:00,0
"4707",2026352035,2016-04-26 06:00:00,37
"4708",2026352035,2016-04-26 07:00:00,198
"4709",2026352035,2016-04-26 08:00:00,170
"4710",2026352035,2016-04-26 09:00:00,159
"4711",2026352035,2016-04-26 10:00:00,383
"4712",2026352035,2016-04-26 11:00:00,194
"4713",2026352035,2016-04-26 12:00:00,639
"4714",2026352035,2016-04-26 13:00:00,1224
"4715",2026352035,2016-04-26 14:00:00,611
"4716",2026352035,2016-04-26 15:00:00,319
"4717",2026352035,2016-04-26 16:00:00,311
"4718",2026352035,2016-04-26 17:00:00,255
"4719",2026352035,2016-04-26 18:00:00,303
"4720",2026352035,2016-04-26 19:00:00,482
"4721",2026352035,2016-04-26 20:00:00,350
"4722",2026352035,2016-04-26 21:00:00,263
"4723",2026352035,2016-04-26 22:00:00,25
"4724",2026352035,2016-04-26 23:00:00,10
"4725",2026352035,2016-04-27 00:00:00,5
"4726",2026352035,2016-04-27 01:00:00,52
"4727",2026352035,2016-04-27 02:00:00,0
"4728",2026352035,2016-04-27 03:00:00,4
"4729",2026352035,2016-04-27 04:00:00,0
"4730",2026352035,2016-04-27 05:00:00,0
"4731",2026352035,2016-04-27 06:00:00,166
"4732",2026352035,2016-04-27 07:00:00,179
"4733",2026352035,2016-04-27 08:00:00,54
"4734",2026352035,2016-04-27 09:00:00,70
"4735",2026352035,2016-04-27 10:00:00,100
"4736",2026352035,2016-04-27 11:00:00,133
"4737",2026352035,2016-04-27 12:00:00,106
"4738",2026352035,2016-04-27 13:00:00,807
"4739",2026352035,2016-04-27 14:00:00,652
"4740",2026352035,2016-04-27 15:00:00,469
"4741",2026352035,2016-04-27 16:00:00,604
"4742",2026352035,2016-04-27 17:00:00,895
"4743",2026352035,2016-04-27 18:00:00,419
"4744",2026352035,2016-04-27 19:00:00,799
"4745",2026352035,2016-04-27 20:00:00,313
"4746",2026352035,2016-04-27 21:00:00,229
"4747",2026352035,2016-04-27 22:00:00,16
"4748",2026352035,2016-04-27 23:00:00,16
"4749",2026352035,2016-04-28 00:00:00,9
"4750",2026352035,2016-04-28 01:00:00,0
"4751",2026352035,2016-04-28 02:00:00,0
"4752",2026352035,2016-04-28 03:00:00,5
"4753",2026352035,2016-04-28 04:00:00,0
"4754",2026352035,2016-04-28 05:00:00,0
"4755",2026352035,2016-04-28 06:00:00,330
"4756",2026352035,2016-04-28 07:00:00,180
"4757",2026352035,2016-04-28 08:00:00,36
"4758",2026352035,2016-04-28 09:00:00,65
"4759",2026352035,2016-04-28 10:00:00,201
"4760",2026352035,2016-04-28 11:00:00,230
"4761",2026352035,2016-04-28 12:00:00,67
"4762",2026352035,2016-04-28 13:00:00,710
"4763",2026352035,2016-04-28 14:00:00,221
"4764",2026352035,2016-04-28 15:00:00,1049
"4765",2026352035,2016-04-28 16:00:00,960
"4766",2026352035,2016-04-28 17:00:00,633
"4767",2026352035,2016-04-28 18:00:00,150
"4768",2026352035,2016-04-28 19:00:00,342
"4769",2026352035,2016-04-28 20:00:00,476
"4770",2026352035,2016-04-28 21:00:00,469
"4771",2026352035,2016-04-28 22:00:00,219
"4772",2026352035,2016-04-28 23:00:00,23
"4773",2026352035,2016-04-29 00:00:00,6
"4774",2026352035,2016-04-29 01:00:00,0
"4775",2026352035,2016-04-29 02:00:00,0
"4776",2026352035,2016-04-29 03:00:00,0
"4777",2026352035,2016-04-29 04:00:00,0
"4778",2026352035,2016-04-29 05:00:00,6
"4779",2026352035,2016-04-29 06:00:00,4
"4780",2026352035,2016-04-29 07:00:00,587
"4781",2026352035,2016-04-29 08:00:00,289
"4782",2026352035,2016-04-29 09:00:00,182
"4783",2026352035,2016-04-29 10:00:00,531
"4784",2026352035,2016-04-29 11:00:00,718
"4785",2026352035,2016-04-29 12:00:00,472
"4786",2026352035,2016-04-29 13:00:00,912
"4787",2026352035,2016-04-29 14:00:00,602
"4788",2026352035,2016-04-29 15:00:00,1052
"4789",2026352035,2016-04-29 16:00:00,466
"4790",2026352035,2016-04-29 17:00:00,489
"4791",2026352035,2016-04-29 18:00:00,799
"4792",2026352035,2016-04-29 19:00:00,170
"4793",2026352035,2016-04-29 20:00:00,240
"4794",2026352035,2016-04-29 21:00:00,64
"4795",2026352035,2016-04-29 22:00:00,15
"4796",2026352035,2016-04-29 23:00:00,0
"4797",2026352035,2016-04-30 00:00:00,0
"4798",2026352035,2016-04-30 01:00:00,0
"4799",2026352035,2016-04-30 02:00:00,0
"4800",2026352035,2016-04-30 03:00:00,0
"4801",2026352035,2016-04-30 04:00:00,0
"4802",2026352035,2016-04-30 05:00:00,0
"4803",2026352035,2016-04-30 06:00:00,0
"4804",2026352035,2016-04-30 07:00:00,689
"4805",2026352035,2016-04-30 08:00:00,239
"4806",2026352035,2016-04-30 09:00:00,59
"4807",2026352035,2016-04-30 10:00:00,296
"4808",2026352035,2016-04-30 11:00:00,63
"4809",2026352035,2016-04-30 12:00:00,1102
"4810",2026352035,2016-04-30 13:00:00,815
"4811",2026352035,2016-04-30 14:00:00,373
"4812",2026352035,2016-04-30 15:00:00,116
"4813",2026352035,2016-04-30 16:00:00,139
"4814",2026352035,2016-04-30 17:00:00,233
"4815",2026352035,2016-04-30 18:00:00,153
"4816",2026352035,2016-04-30 19:00:00,199
"4817",2026352035,2016-04-30 20:00:00,226
"4818",2026352035,2016-04-30 21:00:00,0
"4819",2026352035,2016-04-30 22:00:00,27
"4820",2026352035,2016-04-30 23:00:00,0
"4821",2026352035,2016-05-01 00:00:00,0
"4822",2026352035,2016-05-01 01:00:00,0
"4823",2026352035,2016-05-01 02:00:00,0
"4824",2026352035,2016-05-01 03:00:00,0
"4825",2026352035,2016-05-01 04:00:00,0
"4826",2026352035,2016-05-01 05:00:00,0
"4827",2026352035,2016-05-01 06:00:00,391
"4828",2026352035,2016-05-01 07:00:00,234
"4829",2026352035,2016-05-01 08:00:00,166
"4830",2026352035,2016-05-01 09:00:00,94
"4831",2026352035,2016-05-01 10:00:00,1116
"4832",2026352035,2016-05-01 11:00:00,121
"4833",2026352035,2016-05-01 12:00:00,128
"4834",2026352035,2016-05-01 13:00:00,125
"4835",2026352035,2016-05-01 14:00:00,190
"4836",2026352035,2016-05-01 15:00:00,67
"4837",2026352035,2016-05-01 16:00:00,166
"4838",2026352035,2016-05-01 17:00:00,234
"4839",2026352035,2016-05-01 18:00:00,139
"4840",2026352035,2016-05-01 19:00:00,138
"4841",2026352035,2016-05-01 20:00:00,149
"4842",2026352035,2016-05-01 21:00:00,128
"4843",2026352035,2016-05-01 22:00:00,4
"4844",2026352035,2016-05-01 23:00:00,19
"4845",2026352035,2016-05-02 00:00:00,0
"4846",2026352035,2016-05-02 01:00:00,0
"4847",2026352035,2016-05-02 02:00:00,0
"4848",2026352035,2016-05-02 03:00:00,0
"4849",2026352035,2016-05-02 04:00:00,5
"4850",2026352035,2016-05-02 05:00:00,0
"4851",2026352035,2016-05-02 06:00:00,370
"4852",2026352035,2016-05-02 07:00:00,74
"4853",2026352035,2016-05-02 08:00:00,65
"4854",2026352035,2016-05-02 09:00:00,199
"4855",2026352035,2016-05-02 10:00:00,136
"4856",2026352035,2016-05-02 11:00:00,293
"4857",2026352035,2016-05-02 12:00:00,322
"4858",2026352035,2016-05-02 13:00:00,866
"4859",2026352035,2016-05-02 14:00:00,569
"4860",2026352035,2016-05-02 15:00:00,250
"4861",2026352035,2016-05-02 16:00:00,690
"4862",2026352035,2016-05-02 17:00:00,779
"4863",2026352035,2016-05-02 18:00:00,1038
"4864",2026352035,2016-05-02 19:00:00,121
"4865",2026352035,2016-05-02 20:00:00,448
"4866",2026352035,2016-05-02 21:00:00,611
"4867",2026352035,2016-05-02 22:00:00,182
"4868",2026352035,2016-05-02 23:00:00,0
"4869",2026352035,2016-05-03 00:00:00,0
"4870",2026352035,2016-05-03 01:00:00,0
"4871",2026352035,2016-05-03 02:00:00,0
"4872",2026352035,2016-05-03 03:00:00,0
"4873",2026352035,2016-05-03 04:00:00,0
"4874",2026352035,2016-05-03 05:00:00,0
"4875",2026352035,2016-05-03 06:00:00,0
"4876",2026352035,2016-05-03 07:00:00,251
"4877",2026352035,2016-05-03 08:00:00,201
"4878",2026352035,2016-05-03 09:00:00,167
"4879",2026352035,2016-05-03 10:00:00,167
"4880",2026352035,2016-05-03 11:00:00,381
"4881",2026352035,2016-05-03 12:00:00,55
"4882",2026352035,2016-05-03 13:00:00,623
"4883",2026352035,2016-05-03 14:00:00,758
"4884",2026352035,2016-05-03 15:00:00,815
"4885",2026352035,2016-05-03 16:00:00,544
"4886",2026352035,2016-05-03 17:00:00,344
"4887",2026352035,2016-05-03 18:00:00,647
"4888",2026352035,2016-05-03 19:00:00,617
"4889",2026352035,2016-05-03 20:00:00,244
"4890",2026352035,2016-05-03 21:00:00,162
"4891",2026352035,2016-05-03 22:00:00,0
"4892",2026352035,2016-05-03 23:00:00,16
"4893",2026352035,2016-05-04 00:00:00,0
"4894",2026352035,2016-05-04 01:00:00,0
"4895",2026352035,2016-05-04 02:00:00,0
"4896",2026352035,2016-05-04 03:00:00,0
"4897",2026352035,2016-05-04 04:00:00,6
"4898",2026352035,2016-05-04 05:00:00,9
"4899",2026352035,2016-05-04 06:00:00,86
"4900",2026352035,2016-05-04 07:00:00,420
"4901",2026352035,2016-05-04 08:00:00,223
"4902",2026352035,2016-05-04 09:00:00,395
"4903",2026352035,2016-05-04 10:00:00,127
"4904",2026352035,2016-05-04 11:00:00,214
"4905",2026352035,2016-05-04 12:00:00,47
"4906",2026352035,2016-05-04 13:00:00,396
"4907",2026352035,2016-05-04 14:00:00,762
"4908",2026352035,2016-05-04 15:00:00,681
"4909",2026352035,2016-05-04 16:00:00,575
"4910",2026352035,2016-05-04 17:00:00,572
"4911",2026352035,2016-05-04 18:00:00,623
"4912",2026352035,2016-05-04 19:00:00,421
"4913",2026352035,2016-05-04 20:00:00,860
"4914",2026352035,2016-05-04 21:00:00,117
"4915",2026352035,2016-05-04 22:00:00,9
"4916",2026352035,2016-05-04 23:00:00,21
"4917",2026352035,2016-05-05 00:00:00,0
"4918",2026352035,2016-05-05 01:00:00,0
"4919",2026352035,2016-05-05 02:00:00,0
"4920",2026352035,2016-05-05 03:00:00,0
"4921",2026352035,2016-05-05 04:00:00,0
"4922",2026352035,2016-05-05 05:00:00,651
"4923",2026352035,2016-05-05 06:00:00,669
"4924",2026352035,2016-05-05 07:00:00,580
"4925",2026352035,2016-05-05 08:00:00,709
"4926",2026352035,2016-05-05 09:00:00,857
"4927",2026352035,2016-05-05 10:00:00,578
"4928",2026352035,2016-05-05 11:00:00,468
"4929",2026352035,2016-05-05 12:00:00,1196
"4930",2026352035,2016-05-05 13:00:00,1494
"4931",2026352035,2016-05-05 14:00:00,379
"4932",2026352035,2016-05-05 15:00:00,936
"4933",2026352035,2016-05-05 16:00:00,1472
"4934",2026352035,2016-05-05 17:00:00,299
"4935",2026352035,2016-05-05 18:00:00,815
"4936",2026352035,2016-05-05 19:00:00,347
"4937",2026352035,2016-05-05 20:00:00,377
"4938",2026352035,2016-05-05 21:00:00,314
"4939",2026352035,2016-05-05 22:00:00,22
"4940",2026352035,2016-05-05 23:00:00,4
"4941",2026352035,2016-05-06 00:00:00,0
"4942",2026352035,2016-05-06 01:00:00,0
"4943",2026352035,2016-05-06 02:00:00,0
"4944",2026352035,2016-05-06 03:00:00,4
"4945",2026352035,2016-05-06 04:00:00,0
"4946",2026352035,2016-05-06 05:00:00,0
"4947",2026352035,2016-05-06 06:00:00,279
"4948",2026352035,2016-05-06 07:00:00,282
"4949",2026352035,2016-05-06 08:00:00,427
"4950",2026352035,2016-05-06 09:00:00,287
"4951",2026352035,2016-05-06 10:00:00,772
"4952",2026352035,2016-05-06 11:00:00,547
"4953",2026352035,2016-05-06 12:00:00,626
"4954",2026352035,2016-05-06 13:00:00,673
"4955",2026352035,2016-05-06 14:00:00,438
"4956",2026352035,2016-05-06 15:00:00,698
"4957",2026352035,2016-05-06 16:00:00,669
"4958",2026352035,2016-05-06 17:00:00,568
"4959",2026352035,2016-05-06 18:00:00,1008
"4960",2026352035,2016-05-06 19:00:00,243
"4961",2026352035,2016-05-06 20:00:00,383
"4962",2026352035,2016-05-06 21:00:00,279
"4963",2026352035,2016-05-06 22:00:00,15
"4964",2026352035,2016-05-06 23:00:00,0
"4965",2026352035,2016-05-07 00:00:00,0
"4966",2026352035,2016-05-07 01:00:00,0
"4967",2026352035,2016-05-07 02:00:00,0
"4968",2026352035,2016-05-07 03:00:00,0
"4969",2026352035,2016-05-07 04:00:00,0
"4970",2026352035,2016-05-07 05:00:00,0
"4971",2026352035,2016-05-07 06:00:00,632
"4972",2026352035,2016-05-07 07:00:00,362
"4973",2026352035,2016-05-07 08:00:00,238
"4974",2026352035,2016-05-07 09:00:00,237
"4975",2026352035,2016-05-07 10:00:00,326
"4976",2026352035,2016-05-07 11:00:00,216
"4977",2026352035,2016-05-07 12:00:00,503
"4978",2026352035,2016-05-07 13:00:00,88
"4979",2026352035,2016-05-07 14:00:00,187
"4980",2026352035,2016-05-07 15:00:00,77
"4981",2026352035,2016-05-07 16:00:00,147
"4982",2026352035,2016-05-07 17:00:00,284
"4983",2026352035,2016-05-07 18:00:00,226
"4984",2026352035,2016-05-07 19:00:00,189
"4985",2026352035,2016-05-07 20:00:00,424
"4986",2026352035,2016-05-07 21:00:00,19
"4987",2026352035,2016-05-07 22:00:00,14
"4988",2026352035,2016-05-07 23:00:00,24
"4989",2026352035,2016-05-08 00:00:00,9
"4990",2026352035,2016-05-08 01:00:00,0
"4991",2026352035,2016-05-08 02:00:00,0
"4992",2026352035,2016-05-08 03:00:00,0
"4993",2026352035,2016-05-08 04:00:00,0
"4994",2026352035,2016-05-08 05:00:00,0
"4995",2026352035,2016-05-08 06:00:00,441
"4996",2026352035,2016-05-08 07:00:00,211
"4997",2026352035,2016-05-08 08:00:00,649
"4998",2026352035,2016-05-08 09:00:00,1338
"4999",2026352035,2016-05-08 10:00:00,415
"5000",2026352035,2016-05-08 11:00:00,508
"5001",2026352035,2016-05-08 12:00:00,261
"5002",2026352035,2016-05-08 13:00:00,170
"5003",2026352035,2016-05-08 14:00:00,117
"5004",2026352035,2016-05-08 15:00:00,117
"5005",2026352035,2016-05-08 16:00:00,12
"5006",2026352035,2016-05-08 17:00:00,251
"5007",2026352035,2016-05-08 18:00:00,322
"5008",2026352035,2016-05-08 19:00:00,217
"5009",2026352035,2016-05-08 20:00:00,475
"5010",2026352035,2016-05-08 21:00:00,0
"5011",2026352035,2016-05-08 22:00:00,9
"5012",2026352035,2016-05-08 23:00:00,6
"5013",2026352035,2016-05-09 00:00:00,0
"5014",2026352035,2016-05-09 01:00:00,9
"5015",2026352035,2016-05-09 02:00:00,0
"5016",2026352035,2016-05-09 03:00:00,0
"5017",2026352035,2016-05-09 04:00:00,0
"5018",2026352035,2016-05-09 05:00:00,0
"5019",2026352035,2016-05-09 06:00:00,527
"5020",2026352035,2016-05-09 07:00:00,707
"5021",2026352035,2016-05-09 08:00:00,460
"5022",2026352035,2016-05-09 09:00:00,147
"5023",2026352035,2016-05-09 10:00:00,130
"5024",2026352035,2016-05-09 11:00:00,179
"5025",2026352035,2016-05-09 12:00:00,109
"5026",2026352035,2016-05-09 13:00:00,658
"5027",2026352035,2016-05-09 14:00:00,505
"5028",2026352035,2016-05-09 15:00:00,1058
"5029",2026352035,2016-05-09 16:00:00,1960
"5030",2026352035,2016-05-09 17:00:00,1848
"5031",2026352035,2016-05-09 18:00:00,606
"5032",2026352035,2016-05-09 19:00:00,754
"5033",2026352035,2016-05-09 20:00:00,666
"5034",2026352035,2016-05-09 21:00:00,323
"5035",2026352035,2016-05-09 22:00:00,0
"5036",2026352035,2016-05-09 23:00:00,6
"5037",2026352035,2016-05-10 00:00:00,50
"5038",2026352035,2016-05-10 01:00:00,0
"5039",2026352035,2016-05-10 02:00:00,0
"5040",2026352035,2016-05-10 03:00:00,0
"5041",2026352035,2016-05-10 04:00:00,0
"5042",2026352035,2016-05-10 05:00:00,0
"5043",2026352035,2016-05-10 06:00:00,0
"5044",2026352035,2016-05-10 07:00:00,0
"5045",2026352035,2016-05-10 08:00:00,0
"5046",2026352035,2016-05-10 09:00:00,0
"5047",2026352035,2016-05-10 10:00:00,0
"5048",2026352035,2016-05-10 11:00:00,0
"5049",2026352035,2016-05-10 12:00:00,0
"5050",2026352035,2016-05-10 13:00:00,0
"5051",2026352035,2016-05-10 14:00:00,0
"5052",2026352035,2016-05-10 15:00:00,0
"5053",2026352035,2016-05-10 16:00:00,0
"5054",2026352035,2016-05-10 17:00:00,0
"5055",2026352035,2016-05-10 18:00:00,0
"5056",2026352035,2016-05-10 19:00:00,0
"5057",2026352035,2016-05-10 20:00:00,33
"5058",2026352035,2016-05-10 21:00:00,118
"5059",2026352035,2016-05-10 22:00:00,23
"5060",2026352035,2016-05-10 23:00:00,30
"5061",2026352035,2016-05-11 00:00:00,9
"5062",2026352035,2016-05-11 01:00:00,0
"5063",2026352035,2016-05-11 02:00:00,0
"5064",2026352035,2016-05-11 03:00:00,8
"5065",2026352035,2016-05-11 04:00:00,0
"5066",2026352035,2016-05-11 05:00:00,0
"5067",2026352035,2016-05-11 06:00:00,364
"5068",2026352035,2016-05-11 07:00:00,322
"5069",2026352035,2016-05-11 08:00:00,216
"5070",2026352035,2016-05-11 09:00:00,102
"5071",2026352035,2016-05-11 10:00:00,342
"5072",2026352035,2016-05-11 11:00:00,163
"5073",2026352035,2016-05-11 12:00:00,53
"5074",2026352035,2016-05-11 13:00:00,536
"5075",2026352035,2016-05-11 14:00:00,582
"5076",2026352035,2016-05-11 15:00:00,883
"5077",2026352035,2016-05-11 16:00:00,2375
"5078",2026352035,2016-05-11 17:00:00,820
"5079",2026352035,2016-05-11 18:00:00,331
"5080",2026352035,2016-05-11 19:00:00,552
"5081",2026352035,2016-05-11 20:00:00,759
"5082",2026352035,2016-05-11 21:00:00,150
"5083",2026352035,2016-05-11 22:00:00,8
"5084",2026352035,2016-05-11 23:00:00,5
"5085",2026352035,2016-05-12 00:00:00,0
"5086",2026352035,2016-05-12 01:00:00,0
"5087",2026352035,2016-05-12 02:00:00,8
"5088",2026352035,2016-05-12 03:00:00,0
"5089",2026352035,2016-05-12 04:00:00,0
"5090",2026352035,2016-05-12 05:00:00,370
"5091",2026352035,2016-05-12 06:00:00,652
"5092",2026352035,2016-05-12 07:00:00,598
"5093",2026352035,2016-05-12 08:00:00,724
"5094",2026352035,2016-05-12 09:00:00,493
"5095",2026352035,2016-05-12 10:00:00,1261
"5096",2026352035,2016-05-12 11:00:00,744
"5097",2026352035,2016-05-12 12:00:00,976
"5098",2026352035,2016-05-12 13:00:00,882
"5099",2026352035,2016-05-12 14:00:00,618
"5100",2026352035,2016-05-12 15:00:00,1123
"5101",2320127002,2016-04-12 00:00:00,0
"5102",2320127002,2016-04-12 01:00:00,0
"5103",2320127002,2016-04-12 02:00:00,0
"5104",2320127002,2016-04-12 03:00:00,0
"5105",2320127002,2016-04-12 04:00:00,0
"5106",2320127002,2016-04-12 05:00:00,0
"5107",2320127002,2016-04-12 06:00:00,0
"5108",2320127002,2016-04-12 07:00:00,497
"5109",2320127002,2016-04-12 08:00:00,461
"5110",2320127002,2016-04-12 09:00:00,470
"5111",2320127002,2016-04-12 10:00:00,164
"5112",2320127002,2016-04-12 11:00:00,654
"5113",2320127002,2016-04-12 12:00:00,1140
"5114",2320127002,2016-04-12 13:00:00,408
"5115",2320127002,2016-04-12 14:00:00,1372
"5116",2320127002,2016-04-12 15:00:00,2208
"5117",2320127002,2016-04-12 16:00:00,771
"5118",2320127002,2016-04-12 17:00:00,557
"5119",2320127002,2016-04-12 18:00:00,415
"5120",2320127002,2016-04-12 19:00:00,459
"5121",2320127002,2016-04-12 20:00:00,348
"5122",2320127002,2016-04-12 21:00:00,197
"5123",2320127002,2016-04-12 22:00:00,296
"5124",2320127002,2016-04-12 23:00:00,308
"5125",2320127002,2016-04-13 00:00:00,178
"5126",2320127002,2016-04-13 01:00:00,421
"5127",2320127002,2016-04-13 02:00:00,218
"5128",2320127002,2016-04-13 03:00:00,45
"5129",2320127002,2016-04-13 04:00:00,234
"5130",2320127002,2016-04-13 05:00:00,83
"5131",2320127002,2016-04-13 06:00:00,370
"5132",2320127002,2016-04-13 07:00:00,959
"5133",2320127002,2016-04-13 08:00:00,541
"5134",2320127002,2016-04-13 09:00:00,198
"5135",2320127002,2016-04-13 10:00:00,166
"5136",2320127002,2016-04-13 11:00:00,350
"5137",2320127002,2016-04-13 12:00:00,414
"5138",2320127002,2016-04-13 13:00:00,148
"5139",2320127002,2016-04-13 14:00:00,365
"5140",2320127002,2016-04-13 15:00:00,283
"5141",2320127002,2016-04-13 16:00:00,396
"5142",2320127002,2016-04-13 17:00:00,456
"5143",2320127002,2016-04-13 18:00:00,117
"5144",2320127002,2016-04-13 19:00:00,168
"5145",2320127002,2016-04-13 20:00:00,284
"5146",2320127002,2016-04-13 21:00:00,305
"5147",2320127002,2016-04-13 22:00:00,422
"5148",2320127002,2016-04-13 23:00:00,154
"5149",2320127002,2016-04-14 00:00:00,191
"5150",2320127002,2016-04-14 01:00:00,0
"5151",2320127002,2016-04-14 02:00:00,0
"5152",2320127002,2016-04-14 03:00:00,0
"5153",2320127002,2016-04-14 04:00:00,0
"5154",2320127002,2016-04-14 05:00:00,0
"5155",2320127002,2016-04-14 06:00:00,168
"5156",2320127002,2016-04-14 07:00:00,368
"5157",2320127002,2016-04-14 08:00:00,189
"5158",2320127002,2016-04-14 09:00:00,525
"5159",2320127002,2016-04-14 10:00:00,300
"5160",2320127002,2016-04-14 11:00:00,19
"5161",2320127002,2016-04-14 12:00:00,0
"5162",2320127002,2016-04-14 13:00:00,0
"5163",2320127002,2016-04-14 14:00:00,35
"5164",2320127002,2016-04-14 15:00:00,243
"5165",2320127002,2016-04-14 16:00:00,638
"5166",2320127002,2016-04-14 17:00:00,465
"5167",2320127002,2016-04-14 18:00:00,355
"5168",2320127002,2016-04-14 19:00:00,338
"5169",2320127002,2016-04-14 20:00:00,139
"5170",2320127002,2016-04-14 21:00:00,0
"5171",2320127002,2016-04-14 22:00:00,0
"5172",2320127002,2016-04-14 23:00:00,0
"5173",2320127002,2016-04-15 00:00:00,0
"5174",2320127002,2016-04-15 01:00:00,0
"5175",2320127002,2016-04-15 02:00:00,0
"5176",2320127002,2016-04-15 03:00:00,0
"5177",2320127002,2016-04-15 04:00:00,0
"5178",2320127002,2016-04-15 05:00:00,0
"5179",2320127002,2016-04-15 06:00:00,0
"5180",2320127002,2016-04-15 07:00:00,569
"5181",2320127002,2016-04-15 08:00:00,234
"5182",2320127002,2016-04-15 09:00:00,405
"5183",2320127002,2016-04-15 10:00:00,177
"5184",2320127002,2016-04-15 11:00:00,223
"5185",2320127002,2016-04-15 12:00:00,564
"5186",2320127002,2016-04-15 13:00:00,126
"5187",2320127002,2016-04-15 14:00:00,0
"5188",2320127002,2016-04-15 15:00:00,275
"5189",2320127002,2016-04-15 16:00:00,258
"5190",2320127002,2016-04-15 17:00:00,498
"5191",2320127002,2016-04-15 18:00:00,312
"5192",2320127002,2016-04-15 19:00:00,570
"5193",2320127002,2016-04-15 20:00:00,571
"5194",2320127002,2016-04-15 21:00:00,306
"5195",2320127002,2016-04-15 22:00:00,117
"5196",2320127002,2016-04-15 23:00:00,0
"5197",2320127002,2016-04-16 00:00:00,0
"5198",2320127002,2016-04-16 01:00:00,0
"5199",2320127002,2016-04-16 02:00:00,0
"5200",2320127002,2016-04-16 03:00:00,0
"5201",2320127002,2016-04-16 04:00:00,0
"5202",2320127002,2016-04-16 05:00:00,0
"5203",2320127002,2016-04-16 06:00:00,0
"5204",2320127002,2016-04-16 07:00:00,0
"5205",2320127002,2016-04-16 08:00:00,0
"5206",2320127002,2016-04-16 09:00:00,0
"5207",2320127002,2016-04-16 10:00:00,317
"5208",2320127002,2016-04-16 11:00:00,513
"5209",2320127002,2016-04-16 12:00:00,520
"5210",2320127002,2016-04-16 13:00:00,203
"5211",2320127002,2016-04-16 14:00:00,219
"5212",2320127002,2016-04-16 15:00:00,398
"5213",2320127002,2016-04-16 16:00:00,306
"5214",2320127002,2016-04-16 17:00:00,0
"5215",2320127002,2016-04-16 18:00:00,0
"5216",2320127002,2016-04-16 19:00:00,220
"5217",2320127002,2016-04-16 20:00:00,490
"5218",2320127002,2016-04-16 21:00:00,634
"5219",2320127002,2016-04-16 22:00:00,510
"5220",2320127002,2016-04-16 23:00:00,714
"5221",2320127002,2016-04-17 00:00:00,330
"5222",2320127002,2016-04-17 01:00:00,94
"5223",2320127002,2016-04-17 02:00:00,0
"5224",2320127002,2016-04-17 03:00:00,0
"5225",2320127002,2016-04-17 04:00:00,0
"5226",2320127002,2016-04-17 05:00:00,0
"5227",2320127002,2016-04-17 06:00:00,0
"5228",2320127002,2016-04-17 07:00:00,0
"5229",2320127002,2016-04-17 08:00:00,0
"5230",2320127002,2016-04-17 09:00:00,232
"5231",2320127002,2016-04-17 10:00:00,256
"5232",2320127002,2016-04-17 11:00:00,484
"5233",2320127002,2016-04-17 12:00:00,507
"5234",2320127002,2016-04-17 13:00:00,567
"5235",2320127002,2016-04-17 14:00:00,661
"5236",2320127002,2016-04-17 15:00:00,242
"5237",2320127002,2016-04-17 16:00:00,286
"5238",2320127002,2016-04-17 17:00:00,431
"5239",2320127002,2016-04-17 18:00:00,749
"5240",2320127002,2016-04-17 19:00:00,579
"5241",2320127002,2016-04-17 20:00:00,474
"5242",2320127002,2016-04-17 21:00:00,220
"5243",2320127002,2016-04-17 22:00:00,86
"5244",2320127002,2016-04-17 23:00:00,0
"5245",2320127002,2016-04-18 00:00:00,0
"5246",2320127002,2016-04-18 01:00:00,0
"5247",2320127002,2016-04-18 02:00:00,0
"5248",2320127002,2016-04-18 03:00:00,0
"5249",2320127002,2016-04-18 04:00:00,0
"5250",2320127002,2016-04-18 05:00:00,0
"5251",2320127002,2016-04-18 06:00:00,183
"5252",2320127002,2016-04-18 07:00:00,589
"5253",2320127002,2016-04-18 08:00:00,287
"5254",2320127002,2016-04-18 09:00:00,486
"5255",2320127002,2016-04-18 10:00:00,103
"5256",2320127002,2016-04-18 11:00:00,347
"5257",2320127002,2016-04-18 12:00:00,479
"5258",2320127002,2016-04-18 13:00:00,852
"5259",2320127002,2016-04-18 14:00:00,633
"5260",2320127002,2016-04-18 15:00:00,228
"5261",2320127002,2016-04-18 16:00:00,332
"5262",2320127002,2016-04-18 17:00:00,324
"5263",2320127002,2016-04-18 18:00:00,260
"5264",2320127002,2016-04-18 19:00:00,427
"5265",2320127002,2016-04-18 20:00:00,306
"5266",2320127002,2016-04-18 21:00:00,377
"5267",2320127002,2016-04-18 22:00:00,82
"5268",2320127002,2016-04-18 23:00:00,243
"5269",2320127002,2016-04-19 00:00:00,62
"5270",2320127002,2016-04-19 01:00:00,0
"5271",2320127002,2016-04-19 02:00:00,0
"5272",2320127002,2016-04-19 03:00:00,0
"5273",2320127002,2016-04-19 04:00:00,0
"5274",2320127002,2016-04-19 05:00:00,0
"5275",2320127002,2016-04-19 06:00:00,0
"5276",2320127002,2016-04-19 07:00:00,0
"5277",2320127002,2016-04-19 08:00:00,0
"5278",2320127002,2016-04-19 09:00:00,0
"5279",2320127002,2016-04-19 10:00:00,0
"5280",2320127002,2016-04-19 11:00:00,0
"5281",2320127002,2016-04-19 12:00:00,821
"5282",2320127002,2016-04-19 13:00:00,272
"5283",2320127002,2016-04-19 14:00:00,244
"5284",2320127002,2016-04-19 15:00:00,332
"5285",2320127002,2016-04-19 16:00:00,413
"5286",2320127002,2016-04-19 17:00:00,328
"5287",2320127002,2016-04-19 18:00:00,0
"5288",2320127002,2016-04-19 19:00:00,76
"5289",2320127002,2016-04-19 20:00:00,645
"5290",2320127002,2016-04-19 21:00:00,625
"5291",2320127002,2016-04-19 22:00:00,1025
"5292",2320127002,2016-04-19 23:00:00,1154
"5293",2320127002,2016-04-20 00:00:00,220
"5294",2320127002,2016-04-20 01:00:00,0
"5295",2320127002,2016-04-20 02:00:00,0
"5296",2320127002,2016-04-20 03:00:00,0
"5297",2320127002,2016-04-20 04:00:00,0
"5298",2320127002,2016-04-20 05:00:00,0
"5299",2320127002,2016-04-20 06:00:00,0
"5300",2320127002,2016-04-20 07:00:00,0
"5301",2320127002,2016-04-20 08:00:00,0
"5302",2320127002,2016-04-20 09:00:00,0
"5303",2320127002,2016-04-20 10:00:00,0
"5304",2320127002,2016-04-20 11:00:00,0
"5305",2320127002,2016-04-20 12:00:00,420
"5306",2320127002,2016-04-20 13:00:00,338
"5307",2320127002,2016-04-20 14:00:00,842
"5308",2320127002,2016-04-20 15:00:00,1813
"5309",2320127002,2016-04-20 16:00:00,624
"5310",2320127002,2016-04-20 17:00:00,541
"5311",2320127002,2016-04-20 18:00:00,411
"5312",2320127002,2016-04-20 19:00:00,485
"5313",2320127002,2016-04-20 20:00:00,411
"5314",2320127002,2016-04-20 21:00:00,294
"5315",2320127002,2016-04-20 22:00:00,434
"5316",2320127002,2016-04-20 23:00:00,329
"5317",2320127002,2016-04-21 00:00:00,30
"5318",2320127002,2016-04-21 01:00:00,0
"5319",2320127002,2016-04-21 02:00:00,0
"5320",2320127002,2016-04-21 03:00:00,0
"5321",2320127002,2016-04-21 04:00:00,0
"5322",2320127002,2016-04-21 05:00:00,0
"5323",2320127002,2016-04-21 06:00:00,0
"5324",2320127002,2016-04-21 07:00:00,0
"5325",2320127002,2016-04-21 08:00:00,0
"5326",2320127002,2016-04-21 09:00:00,0
"5327",2320127002,2016-04-21 10:00:00,0
"5328",2320127002,2016-04-21 11:00:00,0
"5329",2320127002,2016-04-21 12:00:00,0
"5330",2320127002,2016-04-21 13:00:00,0
"5331",2320127002,2016-04-21 14:00:00,0
"5332",2320127002,2016-04-21 15:00:00,185
"5333",2320127002,2016-04-21 16:00:00,511
"5334",2320127002,2016-04-21 17:00:00,446
"5335",2320127002,2016-04-21 18:00:00,349
"5336",2320127002,2016-04-21 19:00:00,61
"5337",2320127002,2016-04-21 20:00:00,0
"5338",2320127002,2016-04-21 21:00:00,974
"5339",2320127002,2016-04-21 22:00:00,526
"5340",2320127002,2016-04-21 23:00:00,322
"5341",2320127002,2016-04-22 00:00:00,210
"5342",2320127002,2016-04-22 01:00:00,429
"5343",2320127002,2016-04-22 02:00:00,164
"5344",2320127002,2016-04-22 03:00:00,253
"5345",2320127002,2016-04-22 04:00:00,70
"5346",2320127002,2016-04-22 05:00:00,249
"5347",2320127002,2016-04-22 06:00:00,529
"5348",2320127002,2016-04-22 07:00:00,230
"5349",2320127002,2016-04-22 08:00:00,0
"5350",2320127002,2016-04-22 09:00:00,0
"5351",2320127002,2016-04-22 10:00:00,0
"5352",2320127002,2016-04-22 11:00:00,0
"5353",2320127002,2016-04-22 12:00:00,0
"5354",2320127002,2016-04-22 13:00:00,0
"5355",2320127002,2016-04-22 14:00:00,272
"5356",2320127002,2016-04-22 15:00:00,1128
"5357",2320127002,2016-04-22 16:00:00,270
"5358",2320127002,2016-04-22 17:00:00,315
"5359",2320127002,2016-04-22 18:00:00,0
"5360",2320127002,2016-04-22 19:00:00,249
"5361",2320127002,2016-04-22 20:00:00,384
"5362",2320127002,2016-04-22 21:00:00,453
"5363",2320127002,2016-04-22 22:00:00,218
"5364",2320127002,2016-04-22 23:00:00,160
"5365",2320127002,2016-04-23 00:00:00,152
"5366",2320127002,2016-04-23 01:00:00,205
"5367",2320127002,2016-04-23 02:00:00,264
"5368",2320127002,2016-04-23 03:00:00,202
"5369",2320127002,2016-04-23 04:00:00,72
"5370",2320127002,2016-04-23 05:00:00,0
"5371",2320127002,2016-04-23 06:00:00,0
"5372",2320127002,2016-04-23 07:00:00,0
"5373",2320127002,2016-04-23 08:00:00,0
"5374",2320127002,2016-04-23 09:00:00,0
"5375",2320127002,2016-04-23 10:00:00,0
"5376",2320127002,2016-04-23 11:00:00,0
"5377",2320127002,2016-04-23 12:00:00,0
"5378",2320127002,2016-04-23 13:00:00,591
"5379",2320127002,2016-04-23 14:00:00,436
"5380",2320127002,2016-04-23 15:00:00,591
"5381",2320127002,2016-04-23 16:00:00,399
"5382",2320127002,2016-04-23 17:00:00,594
"5383",2320127002,2016-04-23 18:00:00,578
"5384",2320127002,2016-04-23 19:00:00,351
"5385",2320127002,2016-04-23 20:00:00,41
"5386",2320127002,2016-04-23 21:00:00,261
"5387",2320127002,2016-04-23 22:00:00,205
"5388",2320127002,2016-04-23 23:00:00,137
"5389",2320127002,2016-04-24 00:00:00,204
"5390",2320127002,2016-04-24 01:00:00,295
"5391",2320127002,2016-04-24 02:00:00,192
"5392",2320127002,2016-04-24 03:00:00,0
"5393",2320127002,2016-04-24 04:00:00,0
"5394",2320127002,2016-04-24 05:00:00,0
"5395",2320127002,2016-04-24 06:00:00,0
"5396",2320127002,2016-04-24 07:00:00,0
"5397",2320127002,2016-04-24 08:00:00,0
"5398",2320127002,2016-04-24 09:00:00,0
"5399",2320127002,2016-04-24 10:00:00,0
"5400",2320127002,2016-04-24 11:00:00,0
"5401",2320127002,2016-04-24 12:00:00,0
"5402",2320127002,2016-04-24 13:00:00,0
"5403",2320127002,2016-04-24 14:00:00,0
"5404",2320127002,2016-04-24 15:00:00,69
"5405",2320127002,2016-04-24 16:00:00,784
"5406",2320127002,2016-04-24 17:00:00,360
"5407",2320127002,2016-04-24 18:00:00,711
"5408",2320127002,2016-04-24 19:00:00,140
"5409",2320127002,2016-04-24 20:00:00,434
"5410",2320127002,2016-04-24 21:00:00,487
"5411",2320127002,2016-04-24 22:00:00,194
"5412",2320127002,2016-04-24 23:00:00,289
"5413",2320127002,2016-04-25 00:00:00,506
"5414",2320127002,2016-04-25 01:00:00,195
"5415",2320127002,2016-04-25 02:00:00,0
"5416",2320127002,2016-04-25 03:00:00,0
"5417",2320127002,2016-04-25 04:00:00,0
"5418",2320127002,2016-04-25 05:00:00,0
"5419",2320127002,2016-04-25 06:00:00,0
"5420",2320127002,2016-04-25 07:00:00,0
"5421",2320127002,2016-04-25 08:00:00,0
"5422",2320127002,2016-04-25 09:00:00,0
"5423",2320127002,2016-04-25 10:00:00,0
"5424",2320127002,2016-04-25 11:00:00,0
"5425",2320127002,2016-04-25 12:00:00,0
"5426",2320127002,2016-04-25 13:00:00,0
"5427",2320127002,2016-04-25 14:00:00,0
"5428",2320127002,2016-04-25 15:00:00,24
"5429",2320127002,2016-04-25 16:00:00,409
"5430",2320127002,2016-04-25 17:00:00,1013
"5431",2320127002,2016-04-25 18:00:00,368
"5432",2320127002,2016-04-25 19:00:00,53
"5433",2320127002,2016-04-25 20:00:00,284
"5434",2320127002,2016-04-25 21:00:00,298
"5435",2320127002,2016-04-25 22:00:00,380
"5436",2320127002,2016-04-25 23:00:00,58
"5437",2320127002,2016-04-26 00:00:00,0
"5438",2320127002,2016-04-26 01:00:00,20
"5439",2320127002,2016-04-26 02:00:00,71
"5440",2320127002,2016-04-26 03:00:00,0
"5441",2320127002,2016-04-26 04:00:00,0
"5442",2320127002,2016-04-26 05:00:00,0
"5443",2320127002,2016-04-26 06:00:00,0
"5444",2320127002,2016-04-26 07:00:00,0
"5445",2320127002,2016-04-26 08:00:00,0
"5446",2320127002,2016-04-26 09:00:00,0
"5447",2320127002,2016-04-26 10:00:00,0
"5448",2320127002,2016-04-26 11:00:00,0
"5449",2320127002,2016-04-26 12:00:00,0
"5450",2320127002,2016-04-26 13:00:00,0
"5451",2320127002,2016-04-26 14:00:00,0
"5452",2320127002,2016-04-26 15:00:00,0
"5453",2320127002,2016-04-26 16:00:00,244
"5454",2320127002,2016-04-26 17:00:00,401
"5455",2320127002,2016-04-26 18:00:00,345
"5456",2320127002,2016-04-26 19:00:00,390
"5457",2320127002,2016-04-26 20:00:00,412
"5458",2320127002,2016-04-26 21:00:00,522
"5459",2320127002,2016-04-26 22:00:00,758
"5460",2320127002,2016-04-26 23:00:00,246
"5461",2320127002,2016-04-27 00:00:00,0
"5462",2320127002,2016-04-27 01:00:00,0
"5463",2320127002,2016-04-27 02:00:00,0
"5464",2320127002,2016-04-27 03:00:00,0
"5465",2320127002,2016-04-27 04:00:00,152
"5466",2320127002,2016-04-27 05:00:00,79
"5467",2320127002,2016-04-27 06:00:00,4
"5468",2320127002,2016-04-27 07:00:00,500
"5469",2320127002,2016-04-27 08:00:00,829
"5470",2320127002,2016-04-27 09:00:00,151
"5471",2320127002,2016-04-27 10:00:00,0
"5472",2320127002,2016-04-27 11:00:00,0
"5473",2320127002,2016-04-27 12:00:00,0
"5474",2320127002,2016-04-27 13:00:00,0
"5475",2320127002,2016-04-27 14:00:00,0
"5476",2320127002,2016-04-27 15:00:00,0
"5477",2320127002,2016-04-27 16:00:00,0
"5478",2320127002,2016-04-27 17:00:00,0
"5479",2320127002,2016-04-27 18:00:00,0
"5480",2320127002,2016-04-27 19:00:00,0
"5481",2320127002,2016-04-27 20:00:00,0
"5482",2320127002,2016-04-27 21:00:00,0
"5483",2320127002,2016-04-27 22:00:00,0
"5484",2320127002,2016-04-27 23:00:00,0
"5485",2320127002,2016-04-28 00:00:00,138
"5486",2320127002,2016-04-28 01:00:00,357
"5487",2320127002,2016-04-28 02:00:00,374
"5488",2320127002,2016-04-28 03:00:00,412
"5489",2320127002,2016-04-28 04:00:00,0
"5490",2320127002,2016-04-28 05:00:00,0
"5491",2320127002,2016-04-28 06:00:00,0
"5492",2320127002,2016-04-28 07:00:00,251
"5493",2320127002,2016-04-28 08:00:00,0
"5494",2320127002,2016-04-28 09:00:00,0
"5495",2320127002,2016-04-28 10:00:00,0
"5496",2320127002,2016-04-28 11:00:00,0
"5497",2320127002,2016-04-28 12:00:00,0
"5498",2320127002,2016-04-28 13:00:00,0
"5499",2320127002,2016-04-28 14:00:00,0
"5500",2320127002,2016-04-28 15:00:00,0
"5501",2320127002,2016-04-28 16:00:00,0
"5502",2320127002,2016-04-28 17:00:00,0
"5503",2320127002,2016-04-28 18:00:00,0
"5504",2320127002,2016-04-28 19:00:00,0
"5505",2320127002,2016-04-28 20:00:00,0
"5506",2320127002,2016-04-28 21:00:00,0
"5507",2320127002,2016-04-28 22:00:00,0
"5508",2320127002,2016-04-28 23:00:00,0
"5509",2320127002,2016-04-29 00:00:00,0
"5510",2320127002,2016-04-29 01:00:00,0
"5511",2320127002,2016-04-29 02:00:00,0
"5512",2320127002,2016-04-29 03:00:00,0
"5513",2320127002,2016-04-29 04:00:00,0
"5514",2320127002,2016-04-29 05:00:00,0
"5515",2320127002,2016-04-29 06:00:00,241
"5516",2320127002,2016-04-29 07:00:00,577
"5517",2320127002,2016-04-29 08:00:00,106
"5518",2320127002,2016-04-29 09:00:00,0
"5519",2320127002,2016-04-29 10:00:00,0
"5520",2320127002,2016-04-29 11:00:00,0
"5521",2320127002,2016-04-29 12:00:00,0
"5522",2320127002,2016-04-29 13:00:00,0
"5523",2320127002,2016-04-29 14:00:00,0
"5524",2320127002,2016-04-29 15:00:00,0
"5525",2320127002,2016-04-29 16:00:00,0
"5526",2320127002,2016-04-29 17:00:00,0
"5527",2320127002,2016-04-29 18:00:00,0
"5528",2320127002,2016-04-29 19:00:00,0
"5529",2320127002,2016-04-29 20:00:00,0
"5530",2320127002,2016-04-29 21:00:00,0
"5531",2320127002,2016-04-29 22:00:00,0
"5532",2320127002,2016-04-29 23:00:00,0
"5533",2320127002,2016-04-30 00:00:00,0
"5534",2320127002,2016-04-30 01:00:00,65
"5535",2320127002,2016-04-30 02:00:00,249
"5536",2320127002,2016-04-30 03:00:00,378
"5537",2320127002,2016-04-30 04:00:00,582
"5538",2320127002,2016-04-30 05:00:00,336
"5539",2320127002,2016-04-30 06:00:00,219
"5540",2320127002,2016-04-30 07:00:00,353
"5541",2320127002,2016-04-30 08:00:00,388
"5542",2320127002,2016-04-30 09:00:00,267
"5543",2320127002,2016-04-30 10:00:00,552
"5544",2320127002,2016-04-30 11:00:00,303
"5545",2320127002,2016-04-30 12:00:00,0
"5546",2320127002,2016-04-30 13:00:00,0
"5547",2320127002,2016-04-30 14:00:00,0
"5548",2320127002,2016-04-30 15:00:00,0
"5549",2320127002,2016-04-30 16:00:00,0
"5550",2320127002,2016-04-30 17:00:00,0
"5551",2320127002,2016-04-30 18:00:00,0
"5552",2320127002,2016-04-30 19:00:00,0
"5553",2320127002,2016-04-30 20:00:00,210
"5554",2320127002,2016-04-30 21:00:00,331
"5555",2320127002,2016-04-30 22:00:00,185
"5556",2320127002,2016-04-30 23:00:00,140
"5557",2320127002,2016-05-01 00:00:00,267
"5558",2320127002,2016-05-01 01:00:00,179
"5559",2320127002,2016-05-01 02:00:00,326
"5560",2320127002,2016-05-01 03:00:00,0
"5561",2320127002,2016-05-01 04:00:00,0
"5562",2320127002,2016-05-01 05:00:00,0
"5563",2320127002,2016-05-01 06:00:00,0
"5564",2320127002,2016-05-01 07:00:00,0
"5565",2320127002,2016-05-01 08:00:00,0
"5566",2320127002,2016-05-01 09:00:00,0
"5567",2320127002,2016-05-01 10:00:00,0
"5568",2320127002,2016-05-01 11:00:00,0
"5569",2320127002,2016-05-01 12:00:00,0
"5570",2320127002,2016-05-01 13:00:00,0
"5571",2320127002,2016-05-01 14:00:00,0
"5572",2320127002,2016-05-01 15:00:00,0
"5573",2320127002,2016-05-01 16:00:00,0
"5574",2320127002,2016-05-01 17:00:00,0
"5575",2320127002,2016-05-01 18:00:00,0
"5576",2320127002,2016-05-01 19:00:00,0
"5577",2320127002,2016-05-01 20:00:00,0
"5578",2320127002,2016-05-01 21:00:00,0
"5579",2320127002,2016-05-01 22:00:00,0
"5580",2320127002,2016-05-01 23:00:00,0
"5581",2320127002,2016-05-02 00:00:00,0
"5582",2320127002,2016-05-02 01:00:00,285
"5583",2320127002,2016-05-02 02:00:00,322
"5584",2320127002,2016-05-02 03:00:00,564
"5585",2320127002,2016-05-02 04:00:00,203
"5586",2320127002,2016-05-02 05:00:00,0
"5587",2320127002,2016-05-02 06:00:00,0
"5588",2320127002,2016-05-02 07:00:00,0
"5589",2320127002,2016-05-02 08:00:00,0
"5590",2320127002,2016-05-02 09:00:00,0
"5591",2320127002,2016-05-02 10:00:00,0
"5592",2320127002,2016-05-02 11:00:00,0
"5593",2320127002,2016-05-02 12:00:00,0
"5594",2320127002,2016-05-02 13:00:00,0
"5595",2320127002,2016-05-02 14:00:00,0
"5596",2320127002,2016-05-02 15:00:00,0
"5597",2320127002,2016-05-02 16:00:00,0
"5598",2320127002,2016-05-02 17:00:00,0
"5599",2320127002,2016-05-02 18:00:00,0
"5600",2320127002,2016-05-02 19:00:00,151
"5601",2320127002,2016-05-02 20:00:00,860
"5602",2320127002,2016-05-02 21:00:00,1054
"5603",2320127002,2016-05-02 22:00:00,195
"5604",2320127002,2016-05-02 23:00:00,0
"5605",2320127002,2016-05-03 00:00:00,0
"5606",2320127002,2016-05-03 01:00:00,0
"5607",2320127002,2016-05-03 02:00:00,0
"5608",2320127002,2016-05-03 03:00:00,0
"5609",2320127002,2016-05-03 04:00:00,0
"5610",2320127002,2016-05-03 05:00:00,453
"5611",2320127002,2016-05-03 06:00:00,451
"5612",2320127002,2016-05-03 07:00:00,1053
"5613",2320127002,2016-05-03 08:00:00,473
"5614",2320127002,2016-05-03 09:00:00,0
"5615",2320127002,2016-05-03 10:00:00,0
"5616",2320127002,2016-05-03 11:00:00,0
"5617",2320127002,2016-05-03 12:00:00,0
"5618",2320127002,2016-05-03 13:00:00,0
"5619",2320127002,2016-05-03 14:00:00,0
"5620",2320127002,2016-05-03 15:00:00,0
"5621",2320127002,2016-05-03 16:00:00,0
"5622",2320127002,2016-05-03 17:00:00,49
"5623",2320127002,2016-05-03 18:00:00,261
"5624",2320127002,2016-05-03 19:00:00,720
"5625",2320127002,2016-05-03 20:00:00,1940
"5626",2320127002,2016-05-03 21:00:00,656
"5627",2320127002,2016-05-03 22:00:00,1364
"5628",2320127002,2016-05-03 23:00:00,23
"5629",2320127002,2016-05-04 00:00:00,0
"5630",2320127002,2016-05-04 01:00:00,0
"5631",2320127002,2016-05-04 02:00:00,0
"5632",2320127002,2016-05-04 03:00:00,0
"5633",2320127002,2016-05-04 04:00:00,58
"5634",2320127002,2016-05-04 05:00:00,0
"5635",2320127002,2016-05-04 06:00:00,269
"5636",2320127002,2016-05-04 07:00:00,874
"5637",2320127002,2016-05-04 08:00:00,0
"5638",2320127002,2016-05-04 09:00:00,0
"5639",2320127002,2016-05-04 10:00:00,0
"5640",2320127002,2016-05-04 11:00:00,0
"5641",2320127002,2016-05-04 12:00:00,0
"5642",2320127002,2016-05-04 13:00:00,0
"5643",2320127002,2016-05-04 14:00:00,0
"5644",2320127002,2016-05-04 15:00:00,0
"5645",2320127002,2016-05-04 16:00:00,0
"5646",2320127002,2016-05-04 17:00:00,0
"5647",2320127002,2016-05-04 18:00:00,0
"5648",2320127002,2016-05-04 19:00:00,0
"5649",2320127002,2016-05-04 20:00:00,0
"5650",2320127002,2016-05-04 21:00:00,0
"5651",2320127002,2016-05-04 22:00:00,0
"5652",2320127002,2016-05-04 23:00:00,0
"5653",2320127002,2016-05-05 00:00:00,0
"5654",2320127002,2016-05-05 01:00:00,0
"5655",2320127002,2016-05-05 02:00:00,0
"5656",2320127002,2016-05-05 03:00:00,0
"5657",2320127002,2016-05-05 04:00:00,0
"5658",2320127002,2016-05-05 05:00:00,0
"5659",2320127002,2016-05-05 06:00:00,383
"5660",2320127002,2016-05-05 07:00:00,687
"5661",2320127002,2016-05-05 08:00:00,604
"5662",2320127002,2016-05-05 09:00:00,782
"5663",2320127002,2016-05-05 10:00:00,601
"5664",2320127002,2016-05-05 11:00:00,427
"5665",2320127002,2016-05-05 12:00:00,456
"5666",2320127002,2016-05-05 13:00:00,98
"5667",2320127002,2016-05-05 14:00:00,0
"5668",2320127002,2016-05-05 15:00:00,0
"5669",2320127002,2016-05-05 16:00:00,0
"5670",2320127002,2016-05-05 17:00:00,68
"5671",2320127002,2016-05-05 18:00:00,111
"5672",2320127002,2016-05-05 19:00:00,441
"5673",2320127002,2016-05-05 20:00:00,267
"5674",2320127002,2016-05-05 21:00:00,219
"5675",2320127002,2016-05-05 22:00:00,58
"5676",2320127002,2016-05-05 23:00:00,0
"5677",2320127002,2016-05-06 00:00:00,0
"5678",2320127002,2016-05-06 01:00:00,0
"5679",2320127002,2016-05-06 02:00:00,0
"5680",2320127002,2016-05-06 03:00:00,0
"5681",2320127002,2016-05-06 04:00:00,0
"5682",2320127002,2016-05-06 05:00:00,178
"5683",2320127002,2016-05-06 06:00:00,575
"5684",2320127002,2016-05-06 07:00:00,478
"5685",2320127002,2016-05-06 08:00:00,267
"5686",2320127002,2016-05-06 09:00:00,600
"5687",2320127002,2016-05-06 10:00:00,843
"5688",2320127002,2016-05-06 11:00:00,676
"5689",2320127002,2016-05-06 12:00:00,378
"5690",2320127002,2016-05-06 13:00:00,0
"5691",2320127002,2016-05-06 14:00:00,0
"5692",2320127002,2016-05-06 15:00:00,0
"5693",2320127002,2016-05-06 16:00:00,0
"5694",2320127002,2016-05-06 17:00:00,0
"5695",2320127002,2016-05-06 18:00:00,0
"5696",2320127002,2016-05-06 19:00:00,0
"5697",2320127002,2016-05-06 20:00:00,210
"5698",2320127002,2016-05-06 21:00:00,227
"5699",2320127002,2016-05-06 22:00:00,315
"5700",2320127002,2016-05-06 23:00:00,131
"5701",2320127002,2016-05-07 00:00:00,0
"5702",2320127002,2016-05-07 01:00:00,0
"5703",2320127002,2016-05-07 02:00:00,0
"5704",2320127002,2016-05-07 03:00:00,0
"5705",2320127002,2016-05-07 04:00:00,0
"5706",2320127002,2016-05-07 05:00:00,277
"5707",2320127002,2016-05-07 06:00:00,322
"5708",2320127002,2016-05-07 07:00:00,277
"5709",2320127002,2016-05-07 08:00:00,708
"5710",2320127002,2016-05-07 09:00:00,954
"5711",2320127002,2016-05-07 10:00:00,388
"5712",2320127002,2016-05-07 11:00:00,322
"5713",2320127002,2016-05-07 12:00:00,460
"5714",2320127002,2016-05-07 13:00:00,464
"5715",2320127002,2016-05-07 14:00:00,688
"5716",2320127002,2016-05-07 15:00:00,753
"5717",2320127002,2016-05-07 16:00:00,488
"5718",2320127002,2016-05-07 17:00:00,303
"5719",2320127002,2016-05-07 18:00:00,0
"5720",2320127002,2016-05-07 19:00:00,0
"5721",2320127002,2016-05-07 20:00:00,86
"5722",2320127002,2016-05-07 21:00:00,245
"5723",2320127002,2016-05-07 22:00:00,410
"5724",2320127002,2016-05-07 23:00:00,234
"5725",2320127002,2016-05-08 00:00:00,0
"5726",2320127002,2016-05-08 01:00:00,0
"5727",2320127002,2016-05-08 02:00:00,0
"5728",2320127002,2016-05-08 03:00:00,0
"5729",2320127002,2016-05-08 04:00:00,0
"5730",2320127002,2016-05-08 05:00:00,0
"5731",2320127002,2016-05-08 06:00:00,0
"5732",2320127002,2016-05-08 07:00:00,0
"5733",2320127002,2016-05-08 08:00:00,156
"5734",2320127002,2016-05-08 09:00:00,248
"5735",2320127002,2016-05-08 10:00:00,444
"5736",2320127002,2016-05-08 11:00:00,520
"5737",2320127002,2016-05-08 12:00:00,633
"5738",2320127002,2016-05-08 13:00:00,621
"5739",2320127002,2016-05-08 14:00:00,36
"5740",2320127002,2016-05-08 15:00:00,0
"5741",2320127002,2016-05-08 16:00:00,148
"5742",2320127002,2016-05-08 17:00:00,475
"5743",2320127002,2016-05-08 18:00:00,376
"5744",2320127002,2016-05-08 19:00:00,381
"5745",2320127002,2016-05-08 20:00:00,164
"5746",2320127002,2016-05-08 21:00:00,327
"5747",2320127002,2016-05-08 22:00:00,231
"5748",2320127002,2016-05-08 23:00:00,393
"5749",2320127002,2016-05-09 00:00:00,317
"5750",2320127002,2016-05-09 01:00:00,390
"5751",2320127002,2016-05-09 02:00:00,0
"5752",2320127002,2016-05-09 03:00:00,0
"5753",2320127002,2016-05-09 04:00:00,0
"5754",2320127002,2016-05-09 05:00:00,95
"5755",2320127002,2016-05-09 06:00:00,224
"5756",2320127002,2016-05-09 07:00:00,713
"5757",2320127002,2016-05-09 08:00:00,162
"5758",2320127002,2016-05-09 09:00:00,184
"5759",2320127002,2016-05-09 10:00:00,165
"5760",2320127002,2016-05-09 11:00:00,0
"5761",2320127002,2016-05-09 12:00:00,0
"5762",2320127002,2016-05-09 13:00:00,0
"5763",2320127002,2016-05-09 14:00:00,0
"5764",2320127002,2016-05-09 15:00:00,524
"5765",2320127002,2016-05-09 16:00:00,177
"5766",2320127002,2016-05-09 17:00:00,139
"5767",2320127002,2016-05-09 18:00:00,0
"5768",2320127002,2016-05-09 19:00:00,0
"5769",2320127002,2016-05-09 20:00:00,0
"5770",2320127002,2016-05-09 21:00:00,0
"5771",2320127002,2016-05-09 22:00:00,0
"5772",2320127002,2016-05-09 23:00:00,0
"5773",2320127002,2016-05-10 00:00:00,0
"5774",2320127002,2016-05-10 01:00:00,0
"5775",2320127002,2016-05-10 02:00:00,0
"5776",2320127002,2016-05-10 03:00:00,0
"5777",2320127002,2016-05-10 04:00:00,0
"5778",2320127002,2016-05-10 05:00:00,0
"5779",2320127002,2016-05-10 06:00:00,71
"5780",2320127002,2016-05-10 07:00:00,364
"5781",2320127002,2016-05-10 08:00:00,182
"5782",2320127002,2016-05-10 09:00:00,362
"5783",2320127002,2016-05-10 10:00:00,493
"5784",2320127002,2016-05-10 11:00:00,1122
"5785",2320127002,2016-05-10 12:00:00,947
"5786",2320127002,2016-05-10 13:00:00,327
"5787",2320127002,2016-05-10 14:00:00,283
"5788",2320127002,2016-05-10 15:00:00,485
"5789",2320127002,2016-05-10 16:00:00,483
"5790",2320127002,2016-05-10 17:00:00,172
"5791",2320127002,2016-05-10 18:00:00,427
"5792",2320127002,2016-05-10 19:00:00,194
"5793",2320127002,2016-05-10 20:00:00,300
"5794",2320127002,2016-05-10 21:00:00,15
"5795",2320127002,2016-05-10 22:00:00,0
"5796",2320127002,2016-05-10 23:00:00,0
"5797",2320127002,2016-05-11 00:00:00,0
"5798",2320127002,2016-05-11 01:00:00,0
"5799",2320127002,2016-05-11 02:00:00,0
"5800",2320127002,2016-05-11 03:00:00,0
"5801",2320127002,2016-05-11 04:00:00,0
"5802",2320127002,2016-05-11 05:00:00,0
"5803",2320127002,2016-05-11 06:00:00,0
"5804",2320127002,2016-05-11 07:00:00,0
"5805",2320127002,2016-05-11 08:00:00,0
"5806",2320127002,2016-05-11 09:00:00,4
"5807",2320127002,2016-05-11 10:00:00,472
"5808",2320127002,2016-05-11 11:00:00,348
"5809",2320127002,2016-05-11 12:00:00,446
"5810",2320127002,2016-05-11 13:00:00,283
"5811",2320127002,2016-05-11 14:00:00,241
"5812",2320127002,2016-05-11 15:00:00,364
"5813",2320127002,2016-05-11 16:00:00,493
"5814",2320127002,2016-05-11 17:00:00,999
"5815",2320127002,2016-05-11 18:00:00,172
"5816",2320127002,2016-05-11 19:00:00,324
"5817",2320127002,2016-05-11 20:00:00,723
"5818",2320127002,2016-05-11 21:00:00,522
"5819",2320127002,2016-05-11 22:00:00,605
"5820",2320127002,2016-05-11 23:00:00,428
"5821",2320127002,2016-05-12 00:00:00,0
"5822",2320127002,2016-05-12 01:00:00,0
"5823",2320127002,2016-05-12 02:00:00,0
"5824",2320127002,2016-05-12 03:00:00,0
"5825",2320127002,2016-05-12 04:00:00,0
"5826",2320127002,2016-05-12 05:00:00,0
"5827",2320127002,2016-05-12 06:00:00,0
"5828",2320127002,2016-05-12 07:00:00,0
"5829",2320127002,2016-05-12 08:00:00,0
"5830",2320127002,2016-05-12 09:00:00,119
"5831",2320127002,2016-05-12 10:00:00,817
"5832",2320127002,2016-05-12 11:00:00,426
"5833",2320127002,2016-05-12 12:00:00,535
"5834",2320127002,2016-05-12 13:00:00,402
"5835",2320127002,2016-05-12 14:00:00,265
"5836",2347167796,2016-04-12 00:00:00,0
"5837",2347167796,2016-04-12 01:00:00,0
"5838",2347167796,2016-04-12 02:00:00,0
"5839",2347167796,2016-04-12 03:00:00,0
"5840",2347167796,2016-04-12 04:00:00,0
"5841",2347167796,2016-04-12 05:00:00,0
"5842",2347167796,2016-04-12 06:00:00,0
"5843",2347167796,2016-04-12 07:00:00,397
"5844",2347167796,2016-04-12 08:00:00,1195
"5845",2347167796,2016-04-12 09:00:00,193
"5846",2347167796,2016-04-12 10:00:00,111
"5847",2347167796,2016-04-12 11:00:00,169
"5848",2347167796,2016-04-12 12:00:00,179
"5849",2347167796,2016-04-12 13:00:00,371
"5850",2347167796,2016-04-12 14:00:00,47
"5851",2347167796,2016-04-12 15:00:00,337
"5852",2347167796,2016-04-12 16:00:00,135
"5853",2347167796,2016-04-12 17:00:00,433
"5854",2347167796,2016-04-12 18:00:00,1546
"5855",2347167796,2016-04-12 19:00:00,355
"5856",2347167796,2016-04-12 20:00:00,1391
"5857",2347167796,2016-04-12 21:00:00,3229
"5858",2347167796,2016-04-12 22:00:00,25
"5859",2347167796,2016-04-12 23:00:00,0
"5860",2347167796,2016-04-13 00:00:00,0
"5861",2347167796,2016-04-13 01:00:00,0
"5862",2347167796,2016-04-13 02:00:00,0
"5863",2347167796,2016-04-13 03:00:00,0
"5864",2347167796,2016-04-13 04:00:00,0
"5865",2347167796,2016-04-13 05:00:00,0
"5866",2347167796,2016-04-13 06:00:00,6
"5867",2347167796,2016-04-13 07:00:00,2581
"5868",2347167796,2016-04-13 08:00:00,1175
"5869",2347167796,2016-04-13 09:00:00,12
"5870",2347167796,2016-04-13 10:00:00,158
"5871",2347167796,2016-04-13 11:00:00,59
"5872",2347167796,2016-04-13 12:00:00,366
"5873",2347167796,2016-04-13 13:00:00,1200
"5874",2347167796,2016-04-13 14:00:00,112
"5875",2347167796,2016-04-13 15:00:00,154
"5876",2347167796,2016-04-13 16:00:00,311
"5877",2347167796,2016-04-13 17:00:00,122
"5878",2347167796,2016-04-13 18:00:00,1280
"5879",2347167796,2016-04-13 19:00:00,14
"5880",2347167796,2016-04-13 20:00:00,489
"5881",2347167796,2016-04-13 21:00:00,2197
"5882",2347167796,2016-04-13 22:00:00,116
"5883",2347167796,2016-04-13 23:00:00,0
"5884",2347167796,2016-04-14 00:00:00,8
"5885",2347167796,2016-04-14 01:00:00,0
"5886",2347167796,2016-04-14 02:00:00,0
"5887",2347167796,2016-04-14 03:00:00,0
"5888",2347167796,2016-04-14 04:00:00,0
"5889",2347167796,2016-04-14 05:00:00,0
"5890",2347167796,2016-04-14 06:00:00,12
"5891",2347167796,2016-04-14 07:00:00,2706
"5892",2347167796,2016-04-14 08:00:00,1041
"5893",2347167796,2016-04-14 09:00:00,264
"5894",2347167796,2016-04-14 10:00:00,370
"5895",2347167796,2016-04-14 11:00:00,283
"5896",2347167796,2016-04-14 12:00:00,382
"5897",2347167796,2016-04-14 13:00:00,2423
"5898",2347167796,2016-04-14 14:00:00,275
"5899",2347167796,2016-04-14 15:00:00,170
"5900",2347167796,2016-04-14 16:00:00,117
"5901",2347167796,2016-04-14 17:00:00,99
"5902",2347167796,2016-04-14 18:00:00,1364
"5903",2347167796,2016-04-14 19:00:00,137
"5904",2347167796,2016-04-14 20:00:00,53
"5905",2347167796,2016-04-14 21:00:00,305
"5906",2347167796,2016-04-14 22:00:00,120
"5907",2347167796,2016-04-14 23:00:00,0
"5908",2347167796,2016-04-15 00:00:00,0
"5909",2347167796,2016-04-15 01:00:00,0
"5910",2347167796,2016-04-15 02:00:00,12
"5911",2347167796,2016-04-15 03:00:00,0
"5912",2347167796,2016-04-15 04:00:00,0
"5913",2347167796,2016-04-15 05:00:00,0
"5914",2347167796,2016-04-15 06:00:00,9
"5915",2347167796,2016-04-15 07:00:00,2813
"5916",2347167796,2016-04-15 08:00:00,1077
"5917",2347167796,2016-04-15 09:00:00,291
"5918",2347167796,2016-04-15 10:00:00,51
"5919",2347167796,2016-04-15 11:00:00,146
"5920",2347167796,2016-04-15 12:00:00,259
"5921",2347167796,2016-04-15 13:00:00,359
"5922",2347167796,2016-04-15 14:00:00,131
"5923",2347167796,2016-04-15 15:00:00,15
"5924",2347167796,2016-04-15 16:00:00,323
"5925",2347167796,2016-04-15 17:00:00,73
"5926",2347167796,2016-04-15 18:00:00,2499
"5927",2347167796,2016-04-15 19:00:00,1137
"5928",2347167796,2016-04-15 20:00:00,732
"5929",2347167796,2016-04-15 21:00:00,294
"5930",2347167796,2016-04-15 22:00:00,244
"5931",2347167796,2016-04-15 23:00:00,0
"5932",2347167796,2016-04-16 00:00:00,0
"5933",2347167796,2016-04-16 01:00:00,0
"5934",2347167796,2016-04-16 02:00:00,0
"5935",2347167796,2016-04-16 03:00:00,0
"5936",2347167796,2016-04-16 04:00:00,0
"5937",2347167796,2016-04-16 05:00:00,0
"5938",2347167796,2016-04-16 06:00:00,0
"5939",2347167796,2016-04-16 07:00:00,1446
"5940",2347167796,2016-04-16 08:00:00,5291
"5941",2347167796,2016-04-16 09:00:00,5249
"5942",2347167796,2016-04-16 10:00:00,468
"5943",2347167796,2016-04-16 11:00:00,869
"5944",2347167796,2016-04-16 12:00:00,529
"5945",2347167796,2016-04-16 13:00:00,352
"5946",2347167796,2016-04-16 14:00:00,0
"5947",2347167796,2016-04-16 15:00:00,0
"5948",2347167796,2016-04-16 16:00:00,0
"5949",2347167796,2016-04-16 17:00:00,1344
"5950",2347167796,2016-04-16 18:00:00,2139
"5951",2347167796,2016-04-16 19:00:00,943
"5952",2347167796,2016-04-16 20:00:00,1496
"5953",2347167796,2016-04-16 21:00:00,1571
"5954",2347167796,2016-04-16 22:00:00,547
"5955",2347167796,2016-04-16 23:00:00,0
"5956",2347167796,2016-04-17 00:00:00,0
"5957",2347167796,2016-04-17 01:00:00,0
"5958",2347167796,2016-04-17 02:00:00,0
"5959",2347167796,2016-04-17 03:00:00,0
"5960",2347167796,2016-04-17 04:00:00,8
"5961",2347167796,2016-04-17 05:00:00,0
"5962",2347167796,2016-04-17 06:00:00,0
"5963",2347167796,2016-04-17 07:00:00,20
"5964",2347167796,2016-04-17 08:00:00,22
"5965",2347167796,2016-04-17 09:00:00,161
"5966",2347167796,2016-04-17 10:00:00,541
"5967",2347167796,2016-04-17 11:00:00,1489
"5968",2347167796,2016-04-17 12:00:00,21
"5969",2347167796,2016-04-17 13:00:00,872
"5970",2347167796,2016-04-17 14:00:00,578
"5971",2347167796,2016-04-17 15:00:00,219
"5972",2347167796,2016-04-17 16:00:00,57
"5973",2347167796,2016-04-17 17:00:00,256
"5974",2347167796,2016-04-17 18:00:00,495
"5975",2347167796,2016-04-17 19:00:00,334
"5976",2347167796,2016-04-17 20:00:00,217
"5977",2347167796,2016-04-17 21:00:00,182
"5978",2347167796,2016-04-17 22:00:00,0
"5979",2347167796,2016-04-17 23:00:00,0
"5980",2347167796,2016-04-18 00:00:00,6
"5981",2347167796,2016-04-18 01:00:00,0
"5982",2347167796,2016-04-18 02:00:00,0
"5983",2347167796,2016-04-18 03:00:00,0
"5984",2347167796,2016-04-18 04:00:00,0
"5985",2347167796,2016-04-18 05:00:00,0
"5986",2347167796,2016-04-18 06:00:00,15
"5987",2347167796,2016-04-18 07:00:00,418
"5988",2347167796,2016-04-18 08:00:00,1158
"5989",2347167796,2016-04-18 09:00:00,23
"5990",2347167796,2016-04-18 10:00:00,178
"5991",2347167796,2016-04-18 11:00:00,120
"5992",2347167796,2016-04-18 12:00:00,83
"5993",2347167796,2016-04-18 13:00:00,1439
"5994",2347167796,2016-04-18 14:00:00,606
"5995",2347167796,2016-04-18 15:00:00,147
"5996",2347167796,2016-04-18 16:00:00,175
"5997",2347167796,2016-04-18 17:00:00,92
"5998",2347167796,2016-04-18 18:00:00,1070
"5999",2347167796,2016-04-18 19:00:00,101
"6000",2347167796,2016-04-18 20:00:00,2497
"6001",2347167796,2016-04-18 21:00:00,104
"6002",2347167796,2016-04-18 22:00:00,15
"6003",2347167796,2016-04-18 23:00:00,0
"6004",2347167796,2016-04-19 00:00:00,0
"6005",2347167796,2016-04-19 01:00:00,0
"6006",2347167796,2016-04-19 02:00:00,0
"6007",2347167796,2016-04-19 03:00:00,0
"6008",2347167796,2016-04-19 04:00:00,0
"6009",2347167796,2016-04-19 05:00:00,20
"6010",2347167796,2016-04-19 06:00:00,148
"6011",2347167796,2016-04-19 07:00:00,291
"6012",2347167796,2016-04-19 08:00:00,1033
"6013",2347167796,2016-04-19 09:00:00,72
"6014",2347167796,2016-04-19 10:00:00,235
"6015",2347167796,2016-04-19 11:00:00,253
"6016",2347167796,2016-04-19 12:00:00,228
"6017",2347167796,2016-04-19 13:00:00,897
"6018",2347167796,2016-04-19 14:00:00,102
"6019",2347167796,2016-04-19 15:00:00,177
"6020",2347167796,2016-04-19 16:00:00,307
"6021",2347167796,2016-04-19 17:00:00,114
"6022",2347167796,2016-04-19 18:00:00,1170
"6023",2347167796,2016-04-19 19:00:00,1088
"6024",2347167796,2016-04-19 20:00:00,360
"6025",2347167796,2016-04-19 21:00:00,216
"6026",2347167796,2016-04-19 22:00:00,0
"6027",2347167796,2016-04-19 23:00:00,0
"6028",2347167796,2016-04-20 00:00:00,0
"6029",2347167796,2016-04-20 01:00:00,0
"6030",2347167796,2016-04-20 02:00:00,0
"6031",2347167796,2016-04-20 03:00:00,0
"6032",2347167796,2016-04-20 04:00:00,0
"6033",2347167796,2016-04-20 05:00:00,0
"6034",2347167796,2016-04-20 06:00:00,0
"6035",2347167796,2016-04-20 07:00:00,2534
"6036",2347167796,2016-04-20 08:00:00,1131
"6037",2347167796,2016-04-20 09:00:00,82
"6038",2347167796,2016-04-20 10:00:00,171
"6039",2347167796,2016-04-20 11:00:00,78
"6040",2347167796,2016-04-20 12:00:00,224
"6041",2347167796,2016-04-20 13:00:00,571
"6042",2347167796,2016-04-20 14:00:00,315
"6043",2347167796,2016-04-20 15:00:00,126
"6044",2347167796,2016-04-20 16:00:00,320
"6045",2347167796,2016-04-20 17:00:00,544
"6046",2347167796,2016-04-20 18:00:00,1622
"6047",2347167796,2016-04-20 19:00:00,1054
"6048",2347167796,2016-04-20 20:00:00,1909
"6049",2347167796,2016-04-20 21:00:00,161
"6050",2347167796,2016-04-20 22:00:00,157
"6051",2347167796,2016-04-20 23:00:00,0
"6052",2347167796,2016-04-21 00:00:00,7
"6053",2347167796,2016-04-21 01:00:00,0
"6054",2347167796,2016-04-21 02:00:00,7
"6055",2347167796,2016-04-21 03:00:00,0
"6056",2347167796,2016-04-21 04:00:00,0
"6057",2347167796,2016-04-21 05:00:00,0
"6058",2347167796,2016-04-21 06:00:00,141
"6059",2347167796,2016-04-21 07:00:00,257
"6060",2347167796,2016-04-21 08:00:00,909
"6061",2347167796,2016-04-21 09:00:00,19
"6062",2347167796,2016-04-21 10:00:00,128
"6063",2347167796,2016-04-21 11:00:00,140
"6064",2347167796,2016-04-21 12:00:00,735
"6065",2347167796,2016-04-21 13:00:00,232
"6066",2347167796,2016-04-21 14:00:00,254
"6067",2347167796,2016-04-21 15:00:00,89
"6068",2347167796,2016-04-21 16:00:00,91
"6069",2347167796,2016-04-21 17:00:00,46
"6070",2347167796,2016-04-21 18:00:00,1361
"6071",2347167796,2016-04-21 19:00:00,294
"6072",2347167796,2016-04-21 20:00:00,1880
"6073",2347167796,2016-04-21 21:00:00,3410
"6074",2347167796,2016-04-21 22:00:00,80
"6075",2347167796,2016-04-21 23:00:00,0
"6076",2347167796,2016-04-22 00:00:00,0
"6077",2347167796,2016-04-22 01:00:00,0
"6078",2347167796,2016-04-22 02:00:00,0
"6079",2347167796,2016-04-22 03:00:00,0
"6080",2347167796,2016-04-22 04:00:00,38
"6081",2347167796,2016-04-22 05:00:00,10
"6082",2347167796,2016-04-22 06:00:00,13
"6083",2347167796,2016-04-22 07:00:00,3724
"6084",2347167796,2016-04-22 08:00:00,879
"6085",2347167796,2016-04-22 09:00:00,41
"6086",2347167796,2016-04-22 10:00:00,74
"6087",2347167796,2016-04-22 11:00:00,61
"6088",2347167796,2016-04-22 12:00:00,276
"6089",2347167796,2016-04-22 13:00:00,411
"6090",2347167796,2016-04-22 14:00:00,276
"6091",2347167796,2016-04-22 15:00:00,315
"6092",2347167796,2016-04-22 16:00:00,184
"6093",2347167796,2016-04-22 17:00:00,512
"6094",2347167796,2016-04-22 18:00:00,876
"6095",2347167796,2016-04-22 19:00:00,13
"6096",2347167796,2016-04-22 20:00:00,79
"6097",2347167796,2016-04-22 21:00:00,0
"6098",2347167796,2016-04-22 22:00:00,0
"6099",2347167796,2016-04-22 23:00:00,22
"6100",2347167796,2016-04-23 00:00:00,0
"6101",2347167796,2016-04-23 01:00:00,0
"6102",2347167796,2016-04-23 02:00:00,0
"6103",2347167796,2016-04-23 03:00:00,4
"6104",2347167796,2016-04-23 04:00:00,0
"6105",2347167796,2016-04-23 05:00:00,0
"6106",2347167796,2016-04-23 06:00:00,18
"6107",2347167796,2016-04-23 07:00:00,150
"6108",2347167796,2016-04-23 08:00:00,4214
"6109",2347167796,2016-04-23 09:00:00,522
"6110",2347167796,2016-04-23 10:00:00,825
"6111",2347167796,2016-04-23 11:00:00,2143
"6112",2347167796,2016-04-23 12:00:00,1056
"6113",2347167796,2016-04-23 13:00:00,1908
"6114",2347167796,2016-04-23 14:00:00,121
"6115",2347167796,2016-04-23 15:00:00,99
"6116",2347167796,2016-04-23 16:00:00,468
"6117",2347167796,2016-04-23 17:00:00,1139
"6118",2347167796,2016-04-23 18:00:00,1267
"6119",2347167796,2016-04-23 19:00:00,323
"6120",2347167796,2016-04-23 20:00:00,1603
"6121",2347167796,2016-04-23 21:00:00,225
"6122",2347167796,2016-04-23 22:00:00,713
"6123",2347167796,2016-04-23 23:00:00,103
"6124",2347167796,2016-04-24 00:00:00,0
"6125",2347167796,2016-04-24 01:00:00,0
"6126",2347167796,2016-04-24 02:00:00,0
"6127",2347167796,2016-04-24 03:00:00,0
"6128",2347167796,2016-04-24 04:00:00,0
"6129",2347167796,2016-04-24 05:00:00,0
"6130",2347167796,2016-04-24 06:00:00,7
"6131",2347167796,2016-04-24 07:00:00,324
"6132",2347167796,2016-04-24 08:00:00,1151
"6133",2347167796,2016-04-24 09:00:00,459
"6134",2347167796,2016-04-24 10:00:00,804
"6135",2347167796,2016-04-24 11:00:00,1178
"6136",2347167796,2016-04-24 12:00:00,82
"6137",2347167796,2016-04-24 13:00:00,973
"6138",2347167796,2016-04-24 14:00:00,256
"6139",2347167796,2016-04-24 15:00:00,211
"6140",2347167796,2016-04-24 16:00:00,100
"6141",2347167796,2016-04-24 17:00:00,166
"6142",2347167796,2016-04-24 18:00:00,738
"6143",2347167796,2016-04-24 19:00:00,1835
"6144",2347167796,2016-04-24 20:00:00,697
"6145",2347167796,2016-04-24 21:00:00,490
"6146",2347167796,2016-04-24 22:00:00,0
"6147",2347167796,2016-04-24 23:00:00,0
"6148",2347167796,2016-04-25 00:00:00,0
"6149",2347167796,2016-04-25 01:00:00,0
"6150",2347167796,2016-04-25 02:00:00,10
"6151",2347167796,2016-04-25 03:00:00,0
"6152",2347167796,2016-04-25 04:00:00,0
"6153",2347167796,2016-04-25 05:00:00,6
"6154",2347167796,2016-04-25 06:00:00,16
"6155",2347167796,2016-04-25 07:00:00,284
"6156",2347167796,2016-04-25 08:00:00,1111
"6157",2347167796,2016-04-25 09:00:00,252
"6158",2347167796,2016-04-25 10:00:00,197
"6159",2347167796,2016-04-25 11:00:00,152
"6160",2347167796,2016-04-25 12:00:00,787
"6161",2347167796,2016-04-25 13:00:00,129
"6162",2347167796,2016-04-25 14:00:00,141
"6163",2347167796,2016-04-25 15:00:00,208
"6164",2347167796,2016-04-25 16:00:00,120
"6165",2347167796,2016-04-25 17:00:00,185
"6166",2347167796,2016-04-25 18:00:00,2882
"6167",2347167796,2016-04-25 19:00:00,1953
"6168",2347167796,2016-04-25 20:00:00,429
"6169",2347167796,2016-04-25 21:00:00,165
"6170",2347167796,2016-04-25 22:00:00,455
"6171",2347167796,2016-04-25 23:00:00,0
"6172",2347167796,2016-04-26 00:00:00,0
"6173",2347167796,2016-04-26 01:00:00,0
"6174",2347167796,2016-04-26 02:00:00,0
"6175",2347167796,2016-04-26 03:00:00,0
"6176",2347167796,2016-04-26 04:00:00,0
"6177",2347167796,2016-04-26 05:00:00,0
"6178",2347167796,2016-04-26 06:00:00,178
"6179",2347167796,2016-04-26 07:00:00,102
"6180",2347167796,2016-04-26 08:00:00,909
"6181",2347167796,2016-04-26 09:00:00,299
"6182",2347167796,2016-04-26 10:00:00,138
"6183",2347167796,2016-04-26 11:00:00,317
"6184",2347167796,2016-04-26 12:00:00,322
"6185",2347167796,2016-04-26 13:00:00,1251
"6186",2347167796,2016-04-26 14:00:00,236
"6187",2347167796,2016-04-26 15:00:00,15
"6188",2347167796,2016-04-26 16:00:00,101
"6189",2347167796,2016-04-26 17:00:00,28
"6190",2347167796,2016-04-26 18:00:00,1347
"6191",2347167796,2016-04-26 19:00:00,293
"6192",2347167796,2016-04-26 20:00:00,179
"6193",2347167796,2016-04-26 21:00:00,233
"6194",2347167796,2016-04-26 22:00:00,32
"6195",2347167796,2016-04-26 23:00:00,0
"6196",2347167796,2016-04-27 00:00:00,0
"6197",2347167796,2016-04-27 01:00:00,0
"6198",2347167796,2016-04-27 02:00:00,0
"6199",2347167796,2016-04-27 03:00:00,0
"6200",2347167796,2016-04-27 04:00:00,0
"6201",2347167796,2016-04-27 05:00:00,0
"6202",2347167796,2016-04-27 06:00:00,20
"6203",2347167796,2016-04-27 07:00:00,169
"6204",2347167796,2016-04-27 08:00:00,792
"6205",2347167796,2016-04-27 09:00:00,239
"6206",2347167796,2016-04-27 10:00:00,338
"6207",2347167796,2016-04-27 11:00:00,212
"6208",2347167796,2016-04-27 12:00:00,483
"6209",2347167796,2016-04-27 13:00:00,267
"6210",2347167796,2016-04-27 14:00:00,754
"6211",2347167796,2016-04-27 15:00:00,184
"6212",2347167796,2016-04-27 16:00:00,220
"6213",2347167796,2016-04-27 17:00:00,255
"6214",2347167796,2016-04-27 18:00:00,1500
"6215",2347167796,2016-04-27 19:00:00,4359
"6216",2347167796,2016-04-27 20:00:00,1204
"6217",2347167796,2016-04-27 21:00:00,315
"6218",2347167796,2016-04-27 22:00:00,112
"6219",2347167796,2016-04-27 23:00:00,0
"6220",2347167796,2016-04-28 00:00:00,10
"6221",2347167796,2016-04-28 01:00:00,0
"6222",2347167796,2016-04-28 02:00:00,18
"6223",2347167796,2016-04-28 03:00:00,0
"6224",2347167796,2016-04-28 04:00:00,0
"6225",2347167796,2016-04-28 05:00:00,0
"6226",2347167796,2016-04-28 06:00:00,228
"6227",2347167796,2016-04-28 07:00:00,20
"6228",2347167796,2016-04-28 08:00:00,1264
"6229",2347167796,2016-04-28 09:00:00,138
"6230",2347167796,2016-04-28 10:00:00,123
"6231",2347167796,2016-04-28 11:00:00,481
"6232",2347167796,2016-04-28 12:00:00,313
"6233",2347167796,2016-04-28 13:00:00,194
"6234",2347167796,2016-04-28 14:00:00,326
"6235",2347167796,2016-04-28 15:00:00,283
"6236",2347167796,2016-04-28 16:00:00,174
"6237",2347167796,2016-04-28 17:00:00,178
"6238",2347167796,2016-04-28 18:00:00,1067
"6239",2347167796,2016-04-28 19:00:00,69
"6240",2347167796,2016-04-28 20:00:00,130
"6241",2347167796,2016-04-28 21:00:00,43
"6242",2347167796,2016-04-28 22:00:00,380
"6243",2347167796,2016-04-28 23:00:00,0
"6244",2347167796,2016-04-29 00:00:00,0
"6245",2347167796,2016-04-29 01:00:00,8
"6246",2347167796,2016-04-29 02:00:00,0
"6247",2347167796,2016-04-29 03:00:00,0
"6248",2347167796,2016-04-29 04:00:00,17
"6249",2347167796,2016-04-29 05:00:00,0
"6250",2873212765,2016-04-12 00:00:00,0
"6251",2873212765,2016-04-12 01:00:00,0
"6252",2873212765,2016-04-12 02:00:00,0
"6253",2873212765,2016-04-12 03:00:00,0
"6254",2873212765,2016-04-12 04:00:00,0
"6255",2873212765,2016-04-12 05:00:00,306
"6256",2873212765,2016-04-12 06:00:00,17
"6257",2873212765,2016-04-12 07:00:00,1373
"6258",2873212765,2016-04-12 08:00:00,1150
"6259",2873212765,2016-04-12 09:00:00,1025
"6260",2873212765,2016-04-12 10:00:00,802
"6261",2873212765,2016-04-12 11:00:00,328
"6262",2873212765,2016-04-12 12:00:00,1280
"6263",2873212765,2016-04-12 13:00:00,637
"6264",2873212765,2016-04-12 14:00:00,169
"6265",2873212765,2016-04-12 15:00:00,95
"6266",2873212765,2016-04-12 16:00:00,251
"6267",2873212765,2016-04-12 17:00:00,93
"6268",2873212765,2016-04-12 18:00:00,737
"6269",2873212765,2016-04-12 19:00:00,255
"6270",2873212765,2016-04-12 20:00:00,259
"6271",2873212765,2016-04-12 21:00:00,19
"6272",2873212765,2016-04-12 22:00:00,0
"6273",2873212765,2016-04-12 23:00:00,0
"6274",2873212765,2016-04-13 00:00:00,0
"6275",2873212765,2016-04-13 01:00:00,0
"6276",2873212765,2016-04-13 02:00:00,0
"6277",2873212765,2016-04-13 03:00:00,0
"6278",2873212765,2016-04-13 04:00:00,0
"6279",2873212765,2016-04-13 05:00:00,321
"6280",2873212765,2016-04-13 06:00:00,203
"6281",2873212765,2016-04-13 07:00:00,840
"6282",2873212765,2016-04-13 08:00:00,873
"6283",2873212765,2016-04-13 09:00:00,632
"6284",2873212765,2016-04-13 10:00:00,364
"6285",2873212765,2016-04-13 11:00:00,550
"6286",2873212765,2016-04-13 12:00:00,803
"6287",2873212765,2016-04-13 13:00:00,851
"6288",2873212765,2016-04-13 14:00:00,228
"6289",2873212765,2016-04-13 15:00:00,354
"6290",2873212765,2016-04-13 16:00:00,265
"6291",2873212765,2016-04-13 17:00:00,469
"6292",2873212765,2016-04-13 18:00:00,312
"6293",2873212765,2016-04-13 19:00:00,146
"6294",2873212765,2016-04-13 20:00:00,105
"6295",2873212765,2016-04-13 21:00:00,5
"6296",2873212765,2016-04-13 22:00:00,230
"6297",2873212765,2016-04-13 23:00:00,67
"6298",2873212765,2016-04-14 00:00:00,0
"6299",2873212765,2016-04-14 01:00:00,0
"6300",2873212765,2016-04-14 02:00:00,0
"6301",2873212765,2016-04-14 03:00:00,0
"6302",2873212765,2016-04-14 04:00:00,0
"6303",2873212765,2016-04-14 05:00:00,0
"6304",2873212765,2016-04-14 06:00:00,224
"6305",2873212765,2016-04-14 07:00:00,1123
"6306",2873212765,2016-04-14 08:00:00,544
"6307",2873212765,2016-04-14 09:00:00,871
"6308",2873212765,2016-04-14 10:00:00,1403
"6309",2873212765,2016-04-14 11:00:00,318
"6310",2873212765,2016-04-14 12:00:00,291
"6311",2873212765,2016-04-14 13:00:00,568
"6312",2873212765,2016-04-14 14:00:00,531
"6313",2873212765,2016-04-14 15:00:00,742
"6314",2873212765,2016-04-14 16:00:00,26
"6315",2873212765,2016-04-14 17:00:00,366
"6316",2873212765,2016-04-14 18:00:00,450
"6317",2873212765,2016-04-14 19:00:00,198
"6318",2873212765,2016-04-14 20:00:00,123
"6319",2873212765,2016-04-14 21:00:00,132
"6320",2873212765,2016-04-14 22:00:00,0
"6321",2873212765,2016-04-14 23:00:00,0
"6322",2873212765,2016-04-15 00:00:00,0
"6323",2873212765,2016-04-15 01:00:00,0
"6324",2873212765,2016-04-15 02:00:00,0
"6325",2873212765,2016-04-15 03:00:00,0
"6326",2873212765,2016-04-15 04:00:00,0
"6327",2873212765,2016-04-15 05:00:00,302
"6328",2873212765,2016-04-15 06:00:00,247
"6329",2873212765,2016-04-15 07:00:00,1031
"6330",2873212765,2016-04-15 08:00:00,649
"6331",2873212765,2016-04-15 09:00:00,727
"6332",2873212765,2016-04-15 10:00:00,562
"6333",2873212765,2016-04-15 11:00:00,636
"6334",2873212765,2016-04-15 12:00:00,899
"6335",2873212765,2016-04-15 13:00:00,665
"6336",2873212765,2016-04-15 14:00:00,754
"6337",2873212765,2016-04-15 15:00:00,312
"6338",2873212765,2016-04-15 16:00:00,666
"6339",2873212765,2016-04-15 17:00:00,128
"6340",2873212765,2016-04-15 18:00:00,241
"6341",2873212765,2016-04-15 19:00:00,179
"6342",2873212765,2016-04-15 20:00:00,378
"6343",2873212765,2016-04-15 21:00:00,106
"6344",2873212765,2016-04-15 22:00:00,0
"6345",2873212765,2016-04-15 23:00:00,0
"6346",2873212765,2016-04-16 00:00:00,0
"6347",2873212765,2016-04-16 01:00:00,0
"6348",2873212765,2016-04-16 02:00:00,0
"6349",2873212765,2016-04-16 03:00:00,0
"6350",2873212765,2016-04-16 04:00:00,0
"6351",2873212765,2016-04-16 05:00:00,0
"6352",2873212765,2016-04-16 06:00:00,0
"6353",2873212765,2016-04-16 07:00:00,2650
"6354",2873212765,2016-04-16 08:00:00,1999
"6355",2873212765,2016-04-16 09:00:00,252
"6356",2873212765,2016-04-16 10:00:00,194
"6357",2873212765,2016-04-16 11:00:00,326
"6358",2873212765,2016-04-16 12:00:00,712
"6359",2873212765,2016-04-16 13:00:00,0
"6360",2873212765,2016-04-16 14:00:00,590
"6361",2873212765,2016-04-16 15:00:00,1196
"6362",2873212765,2016-04-16 16:00:00,292
"6363",2873212765,2016-04-16 17:00:00,578
"6364",2873212765,2016-04-16 18:00:00,204
"6365",2873212765,2016-04-16 19:00:00,324
"6366",2873212765,2016-04-16 20:00:00,141
"6367",2873212765,2016-04-16 21:00:00,109
"6368",2873212765,2016-04-16 22:00:00,103
"6369",2873212765,2016-04-16 23:00:00,7
"6370",2873212765,2016-04-17 00:00:00,276
"6371",2873212765,2016-04-17 01:00:00,0
"6372",2873212765,2016-04-17 02:00:00,0
"6373",2873212765,2016-04-17 03:00:00,0
"6374",2873212765,2016-04-17 04:00:00,0
"6375",2873212765,2016-04-17 05:00:00,0
"6376",2873212765,2016-04-17 06:00:00,0
"6377",2873212765,2016-04-17 07:00:00,0
"6378",2873212765,2016-04-17 08:00:00,0
"6379",2873212765,2016-04-17 09:00:00,0
"6380",2873212765,2016-04-17 10:00:00,94
"6381",2873212765,2016-04-17 11:00:00,8
"6382",2873212765,2016-04-17 12:00:00,29
"6383",2873212765,2016-04-17 13:00:00,1079
"6384",2873212765,2016-04-17 14:00:00,273
"6385",2873212765,2016-04-17 15:00:00,83
"6386",2873212765,2016-04-17 16:00:00,31
"6387",2873212765,2016-04-17 17:00:00,169
"6388",2873212765,2016-04-17 18:00:00,172
"6389",2873212765,2016-04-17 19:00:00,163
"6390",2873212765,2016-04-17 20:00:00,93
"6391",2873212765,2016-04-17 21:00:00,54
"6392",2873212765,2016-04-17 22:00:00,0
"6393",2873212765,2016-04-17 23:00:00,0
"6394",2873212765,2016-04-18 00:00:00,0
"6395",2873212765,2016-04-18 01:00:00,0
"6396",2873212765,2016-04-18 02:00:00,0
"6397",2873212765,2016-04-18 03:00:00,0
"6398",2873212765,2016-04-18 04:00:00,0
"6399",2873212765,2016-04-18 05:00:00,240
"6400",2873212765,2016-04-18 06:00:00,163
"6401",2873212765,2016-04-18 07:00:00,1215
"6402",2873212765,2016-04-18 08:00:00,1325
"6403",2873212765,2016-04-18 09:00:00,746
"6404",2873212765,2016-04-18 10:00:00,850
"6405",2873212765,2016-04-18 11:00:00,322
"6406",2873212765,2016-04-18 12:00:00,1053
"6407",2873212765,2016-04-18 13:00:00,661
"6408",2873212765,2016-04-18 14:00:00,65
"6409",2873212765,2016-04-18 15:00:00,217
"6410",2873212765,2016-04-18 16:00:00,268
"6411",2873212765,2016-04-18 17:00:00,178
"6412",2873212765,2016-04-18 18:00:00,160
"6413",2873212765,2016-04-18 19:00:00,85
"6414",2873212765,2016-04-18 20:00:00,214
"6415",2873212765,2016-04-18 21:00:00,0
"6416",2873212765,2016-04-18 22:00:00,0
"6417",2873212765,2016-04-18 23:00:00,0
"6418",2873212765,2016-04-19 00:00:00,0
"6419",2873212765,2016-04-19 01:00:00,0
"6420",2873212765,2016-04-19 02:00:00,0
"6421",2873212765,2016-04-19 03:00:00,0
"6422",2873212765,2016-04-19 04:00:00,0
"6423",2873212765,2016-04-19 05:00:00,207
"6424",2873212765,2016-04-19 06:00:00,114
"6425",2873212765,2016-04-19 07:00:00,856
"6426",2873212765,2016-04-19 08:00:00,1328
"6427",2873212765,2016-04-19 09:00:00,651
"6428",2873212765,2016-04-19 10:00:00,885
"6429",2873212765,2016-04-19 11:00:00,532
"6430",2873212765,2016-04-19 12:00:00,910
"6431",2873212765,2016-04-19 13:00:00,751
"6432",2873212765,2016-04-19 14:00:00,129
"6433",2873212765,2016-04-19 15:00:00,183
"6434",2873212765,2016-04-19 16:00:00,266
"6435",2873212765,2016-04-19 17:00:00,290
"6436",2873212765,2016-04-19 18:00:00,501
"6437",2873212765,2016-04-19 19:00:00,45
"6438",2873212765,2016-04-19 20:00:00,113
"6439",2873212765,2016-04-19 21:00:00,137
"6440",2873212765,2016-04-19 22:00:00,50
"6441",2873212765,2016-04-19 23:00:00,0
"6442",2873212765,2016-04-20 00:00:00,0
"6443",2873212765,2016-04-20 01:00:00,0
"6444",2873212765,2016-04-20 02:00:00,0
"6445",2873212765,2016-04-20 03:00:00,0
"6446",2873212765,2016-04-20 04:00:00,0
"6447",2873212765,2016-04-20 05:00:00,283
"6448",2873212765,2016-04-20 06:00:00,16
"6449",2873212765,2016-04-20 07:00:00,1071
"6450",2873212765,2016-04-20 08:00:00,741
"6451",2873212765,2016-04-20 09:00:00,534
"6452",2873212765,2016-04-20 10:00:00,544
"6453",2873212765,2016-04-20 11:00:00,449
"6454",2873212765,2016-04-20 12:00:00,1014
"6455",2873212765,2016-04-20 13:00:00,860
"6456",2873212765,2016-04-20 14:00:00,101
"6457",2873212765,2016-04-20 15:00:00,187
"6458",2873212765,2016-04-20 16:00:00,315
"6459",2873212765,2016-04-20 17:00:00,2181
"6460",2873212765,2016-04-20 18:00:00,61
"6461",2873212765,2016-04-20 19:00:00,62
"6462",2873212765,2016-04-20 20:00:00,259
"6463",2873212765,2016-04-20 21:00:00,406
"6464",2873212765,2016-04-20 22:00:00,118
"6465",2873212765,2016-04-20 23:00:00,0
"6466",2873212765,2016-04-21 00:00:00,0
"6467",2873212765,2016-04-21 01:00:00,0
"6468",2873212765,2016-04-21 02:00:00,0
"6469",2873212765,2016-04-21 03:00:00,0
"6470",2873212765,2016-04-21 04:00:00,0
"6471",2873212765,2016-04-21 05:00:00,0
"6472",2873212765,2016-04-21 06:00:00,240
"6473",2873212765,2016-04-21 07:00:00,1422
"6474",2873212765,2016-04-21 08:00:00,270
"6475",2873212765,2016-04-21 09:00:00,1056
"6476",2873212765,2016-04-21 10:00:00,1145
"6477",2873212765,2016-04-21 11:00:00,334
"6478",2873212765,2016-04-21 12:00:00,443
"6479",2873212765,2016-04-21 13:00:00,615
"6480",2873212765,2016-04-21 14:00:00,794
"6481",2873212765,2016-04-21 15:00:00,799
"6482",2873212765,2016-04-21 16:00:00,605
"6483",2873212765,2016-04-21 17:00:00,436
"6484",2873212765,2016-04-21 18:00:00,281
"6485",2873212765,2016-04-21 19:00:00,86
"6486",2873212765,2016-04-21 20:00:00,117
"6487",2873212765,2016-04-21 21:00:00,216
"6488",2873212765,2016-04-21 22:00:00,0
"6489",2873212765,2016-04-21 23:00:00,0
"6490",2873212765,2016-04-22 00:00:00,0
"6491",2873212765,2016-04-22 01:00:00,0
"6492",2873212765,2016-04-22 02:00:00,0
"6493",2873212765,2016-04-22 03:00:00,0
"6494",2873212765,2016-04-22 04:00:00,0
"6495",2873212765,2016-04-22 05:00:00,230
"6496",2873212765,2016-04-22 06:00:00,57
"6497",2873212765,2016-04-22 07:00:00,978
"6498",2873212765,2016-04-22 08:00:00,800
"6499",2873212765,2016-04-22 09:00:00,677
"6500",2873212765,2016-04-22 10:00:00,972
"6501",2873212765,2016-04-22 11:00:00,361
"6502",2873212765,2016-04-22 12:00:00,790
"6503",2873212765,2016-04-22 13:00:00,813
"6504",2873212765,2016-04-22 14:00:00,78
"6505",2873212765,2016-04-22 15:00:00,246
"6506",2873212765,2016-04-22 16:00:00,459
"6507",2873212765,2016-04-22 17:00:00,346
"6508",2873212765,2016-04-22 18:00:00,230
"6509",2873212765,2016-04-22 19:00:00,154
"6510",2873212765,2016-04-22 20:00:00,30
"6511",2873212765,2016-04-22 21:00:00,0
"6512",2873212765,2016-04-22 22:00:00,17
"6513",2873212765,2016-04-22 23:00:00,48
"6514",2873212765,2016-04-23 00:00:00,0
"6515",2873212765,2016-04-23 01:00:00,0
"6516",2873212765,2016-04-23 02:00:00,0
"6517",2873212765,2016-04-23 03:00:00,0
"6518",2873212765,2016-04-23 04:00:00,0
"6519",2873212765,2016-04-23 05:00:00,0
"6520",2873212765,2016-04-23 06:00:00,0
"6521",2873212765,2016-04-23 07:00:00,118
"6522",2873212765,2016-04-23 08:00:00,4333
"6523",2873212765,2016-04-23 09:00:00,146
"6524",2873212765,2016-04-23 10:00:00,347
"6525",2873212765,2016-04-23 11:00:00,170
"6526",2873212765,2016-04-23 12:00:00,264
"6527",2873212765,2016-04-23 13:00:00,1440
"6528",2873212765,2016-04-23 14:00:00,864
"6529",2873212765,2016-04-23 15:00:00,813
"6530",2873212765,2016-04-23 16:00:00,131
"6531",2873212765,2016-04-23 17:00:00,36
"6532",2873212765,2016-04-23 18:00:00,186
"6533",2873212765,2016-04-23 19:00:00,220
"6534",2873212765,2016-04-23 20:00:00,70
"6535",2873212765,2016-04-23 21:00:00,0
"6536",2873212765,2016-04-23 22:00:00,179
"6537",2873212765,2016-04-23 23:00:00,0
"6538",2873212765,2016-04-24 00:00:00,0
"6539",2873212765,2016-04-24 01:00:00,0
"6540",2873212765,2016-04-24 02:00:00,0
"6541",2873212765,2016-04-24 03:00:00,0
"6542",2873212765,2016-04-24 04:00:00,0
"6543",2873212765,2016-04-24 05:00:00,0
"6544",2873212765,2016-04-24 06:00:00,0
"6545",2873212765,2016-04-24 07:00:00,75
"6546",2873212765,2016-04-24 08:00:00,4534
"6547",2873212765,2016-04-24 09:00:00,170
"6548",2873212765,2016-04-24 10:00:00,131
"6549",2873212765,2016-04-24 11:00:00,500
"6550",2873212765,2016-04-24 12:00:00,264
"6551",2873212765,2016-04-24 13:00:00,23
"6552",2873212765,2016-04-24 14:00:00,320
"6553",2873212765,2016-04-24 15:00:00,181
"6554",2873212765,2016-04-24 16:00:00,124
"6555",2873212765,2016-04-24 17:00:00,254
"6556",2873212765,2016-04-24 18:00:00,0
"6557",2873212765,2016-04-24 19:00:00,114
"6558",2873212765,2016-04-24 20:00:00,71
"6559",2873212765,2016-04-24 21:00:00,112
"6560",2873212765,2016-04-24 22:00:00,0
"6561",2873212765,2016-04-24 23:00:00,0
"6562",2873212765,2016-04-25 00:00:00,0
"6563",2873212765,2016-04-25 01:00:00,0
"6564",2873212765,2016-04-25 02:00:00,0
"6565",2873212765,2016-04-25 03:00:00,0
"6566",2873212765,2016-04-25 04:00:00,0
"6567",2873212765,2016-04-25 05:00:00,214
"6568",2873212765,2016-04-25 06:00:00,239
"6569",2873212765,2016-04-25 07:00:00,844
"6570",2873212765,2016-04-25 08:00:00,891
"6571",2873212765,2016-04-25 09:00:00,973
"6572",2873212765,2016-04-25 10:00:00,874
"6573",2873212765,2016-04-25 11:00:00,730
"6574",2873212765,2016-04-25 12:00:00,804
"6575",2873212765,2016-04-25 13:00:00,565
"6576",2873212765,2016-04-25 14:00:00,72
"6577",2873212765,2016-04-25 15:00:00,147
"6578",2873212765,2016-04-25 16:00:00,496
"6579",2873212765,2016-04-25 17:00:00,83
"6580",2873212765,2016-04-25 18:00:00,283
"6581",2873212765,2016-04-25 19:00:00,70
"6582",2873212765,2016-04-25 20:00:00,0
"6583",2873212765,2016-04-25 21:00:00,88
"6584",2873212765,2016-04-25 22:00:00,0
"6585",2873212765,2016-04-25 23:00:00,0
"6586",2873212765,2016-04-26 00:00:00,0
"6587",2873212765,2016-04-26 01:00:00,0
"6588",2873212765,2016-04-26 02:00:00,0
"6589",2873212765,2016-04-26 03:00:00,0
"6590",2873212765,2016-04-26 04:00:00,0
"6591",2873212765,2016-04-26 05:00:00,263
"6592",2873212765,2016-04-26 06:00:00,171
"6593",2873212765,2016-04-26 07:00:00,863
"6594",2873212765,2016-04-26 08:00:00,1298
"6595",2873212765,2016-04-26 09:00:00,848
"6596",2873212765,2016-04-26 10:00:00,629
"6597",2873212765,2016-04-26 11:00:00,441
"6598",2873212765,2016-04-26 12:00:00,863
"6599",2873212765,2016-04-26 13:00:00,732
"6600",2873212765,2016-04-26 14:00:00,91
"6601",2873212765,2016-04-26 15:00:00,111
"6602",2873212765,2016-04-26 16:00:00,169
"6603",2873212765,2016-04-26 17:00:00,558
"6604",2873212765,2016-04-26 18:00:00,746
"6605",2873212765,2016-04-26 19:00:00,350
"6606",2873212765,2016-04-26 20:00:00,53
"6607",2873212765,2016-04-26 21:00:00,56
"6608",2873212765,2016-04-26 22:00:00,0
"6609",2873212765,2016-04-26 23:00:00,0
"6610",2873212765,2016-04-27 00:00:00,0
"6611",2873212765,2016-04-27 01:00:00,0
"6612",2873212765,2016-04-27 02:00:00,0
"6613",2873212765,2016-04-27 03:00:00,0
"6614",2873212765,2016-04-27 04:00:00,0
"6615",2873212765,2016-04-27 05:00:00,0
"6616",2873212765,2016-04-27 06:00:00,0
"6617",2873212765,2016-04-27 07:00:00,53
"6618",2873212765,2016-04-27 08:00:00,68
"6619",2873212765,2016-04-27 09:00:00,763
"6620",2873212765,2016-04-27 10:00:00,424
"6621",2873212765,2016-04-27 11:00:00,132
"6622",2873212765,2016-04-27 12:00:00,894
"6623",2873212765,2016-04-27 13:00:00,75
"6624",2873212765,2016-04-27 14:00:00,54
"6625",2873212765,2016-04-27 15:00:00,100
"6626",2873212765,2016-04-27 16:00:00,0
"6627",2873212765,2016-04-27 17:00:00,364
"6628",2873212765,2016-04-27 18:00:00,322
"6629",2873212765,2016-04-27 19:00:00,119
"6630",2873212765,2016-04-27 20:00:00,19
"6631",2873212765,2016-04-27 21:00:00,129
"6632",2873212765,2016-04-27 22:00:00,0
"6633",2873212765,2016-04-27 23:00:00,0
"6634",2873212765,2016-04-28 00:00:00,0
"6635",2873212765,2016-04-28 01:00:00,0
"6636",2873212765,2016-04-28 02:00:00,0
"6637",2873212765,2016-04-28 03:00:00,0
"6638",2873212765,2016-04-28 04:00:00,0
"6639",2873212765,2016-04-28 05:00:00,0
"6640",2873212765,2016-04-28 06:00:00,3108
"6641",2873212765,2016-04-28 07:00:00,1453
"6642",2873212765,2016-04-28 08:00:00,115
"6643",2873212765,2016-04-28 09:00:00,349
"6644",2873212765,2016-04-28 10:00:00,387
"6645",2873212765,2016-04-28 11:00:00,30
"6646",2873212765,2016-04-28 12:00:00,601
"6647",2873212765,2016-04-28 13:00:00,596
"6648",2873212765,2016-04-28 14:00:00,26
"6649",2873212765,2016-04-28 15:00:00,72
"6650",2873212765,2016-04-28 16:00:00,54
"6651",2873212765,2016-04-28 17:00:00,413
"6652",2873212765,2016-04-28 18:00:00,317
"6653",2873212765,2016-04-28 19:00:00,209
"6654",2873212765,2016-04-28 20:00:00,69
"6655",2873212765,2016-04-28 21:00:00,114
"6656",2873212765,2016-04-28 22:00:00,0
"6657",2873212765,2016-04-28 23:00:00,0
"6658",2873212765,2016-04-29 00:00:00,0
"6659",2873212765,2016-04-29 01:00:00,0
"6660",2873212765,2016-04-29 02:00:00,0
"6661",2873212765,2016-04-29 03:00:00,0
"6662",2873212765,2016-04-29 04:00:00,0
"6663",2873212765,2016-04-29 05:00:00,0
"6664",2873212765,2016-04-29 06:00:00,328
"6665",2873212765,2016-04-29 07:00:00,90
"6666",2873212765,2016-04-29 08:00:00,127
"6667",2873212765,2016-04-29 09:00:00,6
"6668",2873212765,2016-04-29 10:00:00,196
"6669",2873212765,2016-04-29 11:00:00,345
"6670",2873212765,2016-04-29 12:00:00,3995
"6671",2873212765,2016-04-29 13:00:00,121
"6672",2873212765,2016-04-29 14:00:00,1010
"6673",2873212765,2016-04-29 15:00:00,457
"6674",2873212765,2016-04-29 16:00:00,193
"6675",2873212765,2016-04-29 17:00:00,81
"6676",2873212765,2016-04-29 18:00:00,142
"6677",2873212765,2016-04-29 19:00:00,126
"6678",2873212765,2016-04-29 20:00:00,15
"6679",2873212765,2016-04-29 21:00:00,133
"6680",2873212765,2016-04-29 22:00:00,0
"6681",2873212765,2016-04-29 23:00:00,0
"6682",2873212765,2016-04-30 00:00:00,0
"6683",2873212765,2016-04-30 01:00:00,0
"6684",2873212765,2016-04-30 02:00:00,0
"6685",2873212765,2016-04-30 03:00:00,0
"6686",2873212765,2016-04-30 04:00:00,0
"6687",2873212765,2016-04-30 05:00:00,0
"6688",2873212765,2016-04-30 06:00:00,0
"6689",2873212765,2016-04-30 07:00:00,16
"6690",2873212765,2016-04-30 08:00:00,282
"6691",2873212765,2016-04-30 09:00:00,955
"6692",2873212765,2016-04-30 10:00:00,414
"6693",2873212765,2016-04-30 11:00:00,622
"6694",2873212765,2016-04-30 12:00:00,416
"6695",2873212765,2016-04-30 13:00:00,60
"6696",2873212765,2016-04-30 14:00:00,49
"6697",2873212765,2016-04-30 15:00:00,324
"6698",2873212765,2016-04-30 16:00:00,57
"6699",2873212765,2016-04-30 17:00:00,342
"6700",2873212765,2016-04-30 18:00:00,878
"6701",2873212765,2016-04-30 19:00:00,2466
"6702",2873212765,2016-04-30 20:00:00,1496
"6703",2873212765,2016-04-30 21:00:00,75
"6704",2873212765,2016-04-30 22:00:00,0
"6705",2873212765,2016-04-30 23:00:00,0
"6706",2873212765,2016-05-01 00:00:00,0
"6707",2873212765,2016-05-01 01:00:00,0
"6708",2873212765,2016-05-01 02:00:00,0
"6709",2873212765,2016-05-01 03:00:00,0
"6710",2873212765,2016-05-01 04:00:00,0
"6711",2873212765,2016-05-01 05:00:00,0
"6712",2873212765,2016-05-01 06:00:00,0
"6713",2873212765,2016-05-01 07:00:00,0
"6714",2873212765,2016-05-01 08:00:00,439
"6715",2873212765,2016-05-01 09:00:00,425
"6716",2873212765,2016-05-01 10:00:00,1733
"6717",2873212765,2016-05-01 11:00:00,1736
"6718",2873212765,2016-05-01 12:00:00,1155
"6719",2873212765,2016-05-01 13:00:00,119
"6720",2873212765,2016-05-01 14:00:00,832
"6721",2873212765,2016-05-01 15:00:00,6
"6722",2873212765,2016-05-01 16:00:00,0
"6723",2873212765,2016-05-01 17:00:00,148
"6724",2873212765,2016-05-01 18:00:00,271
"6725",2873212765,2016-05-01 19:00:00,253
"6726",2873212765,2016-05-01 20:00:00,191
"6727",2873212765,2016-05-01 21:00:00,91
"6728",2873212765,2016-05-01 22:00:00,0
"6729",2873212765,2016-05-01 23:00:00,0
"6730",2873212765,2016-05-02 00:00:00,0
"6731",2873212765,2016-05-02 01:00:00,0
"6732",2873212765,2016-05-02 02:00:00,0
"6733",2873212765,2016-05-02 03:00:00,0
"6734",2873212765,2016-05-02 04:00:00,0
"6735",2873212765,2016-05-02 05:00:00,271
"6736",2873212765,2016-05-02 06:00:00,68
"6737",2873212765,2016-05-02 07:00:00,1417
"6738",2873212765,2016-05-02 08:00:00,829
"6739",2873212765,2016-05-02 09:00:00,721
"6740",2873212765,2016-05-02 10:00:00,688
"6741",2873212765,2016-05-02 11:00:00,357
"6742",2873212765,2016-05-02 12:00:00,1121
"6743",2873212765,2016-05-02 13:00:00,623
"6744",2873212765,2016-05-02 14:00:00,127
"6745",2873212765,2016-05-02 15:00:00,262
"6746",2873212765,2016-05-02 16:00:00,621
"6747",2873212765,2016-05-02 17:00:00,133
"6748",2873212765,2016-05-02 18:00:00,98
"6749",2873212765,2016-05-02 19:00:00,63
"6750",2873212765,2016-05-02 20:00:00,53
"6751",2873212765,2016-05-02 21:00:00,73
"6752",2873212765,2016-05-02 22:00:00,0
"6753",2873212765,2016-05-02 23:00:00,0
"6754",2873212765,2016-05-03 00:00:00,0
"6755",2873212765,2016-05-03 01:00:00,0
"6756",2873212765,2016-05-03 02:00:00,0
"6757",2873212765,2016-05-03 03:00:00,0
"6758",2873212765,2016-05-03 04:00:00,0
"6759",2873212765,2016-05-03 05:00:00,244
"6760",2873212765,2016-05-03 06:00:00,191
"6761",2873212765,2016-05-03 07:00:00,972
"6762",2873212765,2016-05-03 08:00:00,1134
"6763",2873212765,2016-05-03 09:00:00,754
"6764",2873212765,2016-05-03 10:00:00,353
"6765",2873212765,2016-05-03 11:00:00,291
"6766",2873212765,2016-05-03 12:00:00,778
"6767",2873212765,2016-05-03 13:00:00,766
"6768",2873212765,2016-05-03 14:00:00,111
"6769",2873212765,2016-05-03 15:00:00,46
"6770",2873212765,2016-05-03 16:00:00,227
"6771",2873212765,2016-05-03 17:00:00,358
"6772",2873212765,2016-05-03 18:00:00,705
"6773",2873212765,2016-05-03 19:00:00,63
"6774",2873212765,2016-05-03 20:00:00,170
"6775",2873212765,2016-05-03 21:00:00,249
"6776",2873212765,2016-05-03 22:00:00,0
"6777",2873212765,2016-05-03 23:00:00,0
"6778",2873212765,2016-05-04 00:00:00,0
"6779",2873212765,2016-05-04 01:00:00,0
"6780",2873212765,2016-05-04 02:00:00,0
"6781",2873212765,2016-05-04 03:00:00,0
"6782",2873212765,2016-05-04 04:00:00,0
"6783",2873212765,2016-05-04 05:00:00,348
"6784",2873212765,2016-05-04 06:00:00,221
"6785",2873212765,2016-05-04 07:00:00,735
"6786",2873212765,2016-05-04 08:00:00,702
"6787",2873212765,2016-05-04 09:00:00,680
"6788",2873212765,2016-05-04 10:00:00,747
"6789",2873212765,2016-05-04 11:00:00,490
"6790",2873212765,2016-05-04 12:00:00,649
"6791",2873212765,2016-05-04 13:00:00,615
"6792",2873212765,2016-05-04 14:00:00,211
"6793",2873212765,2016-05-04 15:00:00,203
"6794",2873212765,2016-05-04 16:00:00,671
"6795",2873212765,2016-05-04 17:00:00,1050
"6796",2873212765,2016-05-04 18:00:00,71
"6797",2873212765,2016-05-04 19:00:00,183
"6798",2873212765,2016-05-04 20:00:00,167
"6799",2873212765,2016-05-04 21:00:00,109
"6800",2873212765,2016-05-04 22:00:00,426
"6801",2873212765,2016-05-04 23:00:00,0
"6802",2873212765,2016-05-05 00:00:00,0
"6803",2873212765,2016-05-05 01:00:00,0
"6804",2873212765,2016-05-05 02:00:00,0
"6805",2873212765,2016-05-05 03:00:00,0
"6806",2873212765,2016-05-05 04:00:00,0
"6807",2873212765,2016-05-05 05:00:00,0
"6808",2873212765,2016-05-05 06:00:00,135
"6809",2873212765,2016-05-05 07:00:00,1227
"6810",2873212765,2016-05-05 08:00:00,253
"6811",2873212765,2016-05-05 09:00:00,1252
"6812",2873212765,2016-05-05 10:00:00,1758
"6813",2873212765,2016-05-05 11:00:00,331
"6814",2873212765,2016-05-05 12:00:00,211
"6815",2873212765,2016-05-05 13:00:00,369
"6816",2873212765,2016-05-05 14:00:00,451
"6817",2873212765,2016-05-05 15:00:00,1107
"6818",2873212765,2016-05-05 16:00:00,616
"6819",2873212765,2016-05-05 17:00:00,61
"6820",2873212765,2016-05-05 18:00:00,223
"6821",2873212765,2016-05-05 19:00:00,142
"6822",2873212765,2016-05-05 20:00:00,0
"6823",2873212765,2016-05-05 21:00:00,178
"6824",2873212765,2016-05-05 22:00:00,0
"6825",2873212765,2016-05-05 23:00:00,0
"6826",2873212765,2016-05-06 00:00:00,0
"6827",2873212765,2016-05-06 01:00:00,0
"6828",2873212765,2016-05-06 02:00:00,0
"6829",2873212765,2016-05-06 03:00:00,0
"6830",2873212765,2016-05-06 04:00:00,0
"6831",2873212765,2016-05-06 05:00:00,162
"6832",2873212765,2016-05-06 06:00:00,70
"6833",2873212765,2016-05-06 07:00:00,812
"6834",2873212765,2016-05-06 08:00:00,768
"6835",2873212765,2016-05-06 09:00:00,894
"6836",2873212765,2016-05-06 10:00:00,861
"6837",2873212765,2016-05-06 11:00:00,595
"6838",2873212765,2016-05-06 12:00:00,553
"6839",2873212765,2016-05-06 13:00:00,718
"6840",2873212765,2016-05-06 14:00:00,94
"6841",2873212765,2016-05-06 15:00:00,230
"6842",2873212765,2016-05-06 16:00:00,664
"6843",2873212765,2016-05-06 17:00:00,300
"6844",2873212765,2016-05-06 18:00:00,79
"6845",2873212765,2016-05-06 19:00:00,113
"6846",2873212765,2016-05-06 20:00:00,69
"6847",2873212765,2016-05-06 21:00:00,0
"6848",2873212765,2016-05-06 22:00:00,0
"6849",2873212765,2016-05-06 23:00:00,81
"6850",2873212765,2016-05-07 00:00:00,0
"6851",2873212765,2016-05-07 01:00:00,0
"6852",2873212765,2016-05-07 02:00:00,0
"6853",2873212765,2016-05-07 03:00:00,0
"6854",2873212765,2016-05-07 04:00:00,0
"6855",2873212765,2016-05-07 05:00:00,0
"6856",2873212765,2016-05-07 06:00:00,0
"6857",2873212765,2016-05-07 07:00:00,2599
"6858",2873212765,2016-05-07 08:00:00,1848
"6859",2873212765,2016-05-07 09:00:00,192
"6860",2873212765,2016-05-07 10:00:00,0
"6861",2873212765,2016-05-07 11:00:00,0
"6862",2873212765,2016-05-07 12:00:00,0
"6863",2873212765,2016-05-07 13:00:00,0
"6864",2873212765,2016-05-07 14:00:00,0
"6865",2873212765,2016-05-07 15:00:00,0
"6866",2873212765,2016-05-07 16:00:00,0
"6867",2873212765,2016-05-07 17:00:00,0
"6868",2873212765,2016-05-07 18:00:00,0
"6869",2873212765,2016-05-07 19:00:00,0
"6870",2873212765,2016-05-07 20:00:00,0
"6871",2873212765,2016-05-07 21:00:00,219
"6872",2873212765,2016-05-07 22:00:00,55
"6873",2873212765,2016-05-07 23:00:00,27
"6874",2873212765,2016-05-08 00:00:00,0
"6875",2873212765,2016-05-08 01:00:00,0
"6876",2873212765,2016-05-08 02:00:00,0
"6877",2873212765,2016-05-08 03:00:00,0
"6878",2873212765,2016-05-08 04:00:00,0
"6879",2873212765,2016-05-08 05:00:00,0
"6880",2873212765,2016-05-08 06:00:00,0
"6881",2873212765,2016-05-08 07:00:00,2768
"6882",2873212765,2016-05-08 08:00:00,1932
"6883",2873212765,2016-05-08 09:00:00,498
"6884",2873212765,2016-05-08 10:00:00,446
"6885",2873212765,2016-05-08 11:00:00,427
"6886",2873212765,2016-05-08 12:00:00,337
"6887",2873212765,2016-05-08 13:00:00,196
"6888",2873212765,2016-05-08 14:00:00,125
"6889",2873212765,2016-05-08 15:00:00,11
"6890",2873212765,2016-05-08 16:00:00,694
"6891",2873212765,2016-05-08 17:00:00,335
"6892",2873212765,2016-05-08 18:00:00,263
"6893",2873212765,2016-05-08 19:00:00,28
"6894",2873212765,2016-05-08 20:00:00,0
"6895",2873212765,2016-05-08 21:00:00,108
"6896",2873212765,2016-05-08 22:00:00,0
"6897",2873212765,2016-05-08 23:00:00,0
"6898",2873212765,2016-05-09 00:00:00,0
"6899",2873212765,2016-05-09 01:00:00,0
"6900",2873212765,2016-05-09 02:00:00,0
"6901",2873212765,2016-05-09 03:00:00,0
"6902",2873212765,2016-05-09 04:00:00,0
"6903",2873212765,2016-05-09 05:00:00,163
"6904",2873212765,2016-05-09 06:00:00,193
"6905",2873212765,2016-05-09 07:00:00,895
"6906",2873212765,2016-05-09 08:00:00,1116
"6907",2873212765,2016-05-09 09:00:00,519
"6908",2873212765,2016-05-09 10:00:00,973
"6909",2873212765,2016-05-09 11:00:00,428
"6910",2873212765,2016-05-09 12:00:00,1149
"6911",2873212765,2016-05-09 13:00:00,816
"6912",2873212765,2016-05-09 14:00:00,125
"6913",2873212765,2016-05-09 15:00:00,273
"6914",2873212765,2016-05-09 16:00:00,655
"6915",2873212765,2016-05-09 17:00:00,121
"6916",2873212765,2016-05-09 18:00:00,137
"6917",2873212765,2016-05-09 19:00:00,97
"6918",2873212765,2016-05-09 20:00:00,0
"6919",2873212765,2016-05-09 21:00:00,66
"6920",2873212765,2016-05-09 22:00:00,0
"6921",2873212765,2016-05-09 23:00:00,0
"6922",2873212765,2016-05-10 00:00:00,0
"6923",2873212765,2016-05-10 01:00:00,0
"6924",2873212765,2016-05-10 02:00:00,0
"6925",2873212765,2016-05-10 03:00:00,0
"6926",2873212765,2016-05-10 04:00:00,0
"6927",2873212765,2016-05-10 05:00:00,200
"6928",2873212765,2016-05-10 06:00:00,32
"6929",2873212765,2016-05-10 07:00:00,1072
"6930",2873212765,2016-05-10 08:00:00,973
"6931",2873212765,2016-05-10 09:00:00,1021
"6932",2873212765,2016-05-10 10:00:00,783
"6933",2873212765,2016-05-10 11:00:00,273
"6934",2873212765,2016-05-10 12:00:00,1005
"6935",2873212765,2016-05-10 13:00:00,800
"6936",2873212765,2016-05-10 14:00:00,146
"6937",2873212765,2016-05-10 15:00:00,85
"6938",2873212765,2016-05-10 16:00:00,312
"6939",2873212765,2016-05-10 17:00:00,240
"6940",2873212765,2016-05-10 18:00:00,637
"6941",2873212765,2016-05-10 19:00:00,398
"6942",2873212765,2016-05-10 20:00:00,184
"6943",2873212765,2016-05-10 21:00:00,114
"6944",2873212765,2016-05-10 22:00:00,0
"6945",2873212765,2016-05-10 23:00:00,0
"6946",2873212765,2016-05-11 00:00:00,0
"6947",2873212765,2016-05-11 01:00:00,0
"6948",2873212765,2016-05-11 02:00:00,0
"6949",2873212765,2016-05-11 03:00:00,0
"6950",2873212765,2016-05-11 04:00:00,0
"6951",2873212765,2016-05-11 05:00:00,402
"6952",2873212765,2016-05-11 06:00:00,20
"6953",2873212765,2016-05-11 07:00:00,536
"6954",2873212765,2016-05-11 08:00:00,902
"6955",2873212765,2016-05-11 09:00:00,780
"6956",2873212765,2016-05-11 10:00:00,750
"6957",2873212765,2016-05-11 11:00:00,458
"6958",2873212765,2016-05-11 12:00:00,582
"6959",2873212765,2016-05-11 13:00:00,680
"6960",2873212765,2016-05-11 14:00:00,45
"6961",2873212765,2016-05-11 15:00:00,238
"6962",2873212765,2016-05-11 16:00:00,314
"6963",2873212765,2016-05-11 17:00:00,79
"6964",2873212765,2016-05-11 18:00:00,292
"6965",2873212765,2016-05-11 19:00:00,36
"6966",2873212765,2016-05-11 20:00:00,203
"6967",2873212765,2016-05-11 21:00:00,0
"6968",2873212765,2016-05-11 22:00:00,123
"6969",2873212765,2016-05-11 23:00:00,0
"6970",2873212765,2016-05-12 00:00:00,0
"6971",2873212765,2016-05-12 01:00:00,0
"6972",2873212765,2016-05-12 02:00:00,0
"6973",2873212765,2016-05-12 03:00:00,0
"6974",2873212765,2016-05-12 04:00:00,0
"6975",2873212765,2016-05-12 05:00:00,0
"6976",2873212765,2016-05-12 06:00:00,383
"6977",2873212765,2016-05-12 07:00:00,1162
"6978",2873212765,2016-05-12 08:00:00,694
"6979",2873212765,2016-05-12 09:00:00,1086
"6980",2873212765,2016-05-12 10:00:00,1226
"6981",2873212765,2016-05-12 11:00:00,437
"6982",2873212765,2016-05-12 12:00:00,248
"6983",2873212765,2016-05-12 13:00:00,788
"6984",2873212765,2016-05-12 14:00:00,784
"6985",2873212765,2016-05-12 15:00:00,667
"6986",3372868164,2016-04-12 00:00:00,0
"6987",3372868164,2016-04-12 01:00:00,0
"6988",3372868164,2016-04-12 02:00:00,0
"6989",3372868164,2016-04-12 03:00:00,0
"6990",3372868164,2016-04-12 04:00:00,0
"6991",3372868164,2016-04-12 05:00:00,0
"6992",3372868164,2016-04-12 06:00:00,95
"6993",3372868164,2016-04-12 07:00:00,46
"6994",3372868164,2016-04-12 08:00:00,345
"6995",3372868164,2016-04-12 09:00:00,548
"6996",3372868164,2016-04-12 10:00:00,267
"6997",3372868164,2016-04-12 11:00:00,290
"6998",3372868164,2016-04-12 12:00:00,129
"6999",3372868164,2016-04-12 13:00:00,383
"7000",3372868164,2016-04-12 14:00:00,479
"7001",3372868164,2016-04-12 15:00:00,314
"7002",3372868164,2016-04-12 16:00:00,302
"7003",3372868164,2016-04-12 17:00:00,238
"7004",3372868164,2016-04-12 18:00:00,271
"7005",3372868164,2016-04-12 19:00:00,285
"7006",3372868164,2016-04-12 20:00:00,316
"7007",3372868164,2016-04-12 21:00:00,310
"7008",3372868164,2016-04-12 22:00:00,129
"7009",3372868164,2016-04-12 23:00:00,0
"7010",3372868164,2016-04-13 00:00:00,14
"7011",3372868164,2016-04-13 01:00:00,0
"7012",3372868164,2016-04-13 02:00:00,0
"7013",3372868164,2016-04-13 03:00:00,0
"7014",3372868164,2016-04-13 04:00:00,0
"7015",3372868164,2016-04-13 05:00:00,0
"7016",3372868164,2016-04-13 06:00:00,0
"7017",3372868164,2016-04-13 07:00:00,55
"7018",3372868164,2016-04-13 08:00:00,237
"7019",3372868164,2016-04-13 09:00:00,605
"7020",3372868164,2016-04-13 10:00:00,2185
"7021",3372868164,2016-04-13 11:00:00,373
"7022",3372868164,2016-04-13 12:00:00,1449
"7023",3372868164,2016-04-13 13:00:00,675
"7024",3372868164,2016-04-13 14:00:00,1481
"7025",3372868164,2016-04-13 15:00:00,541
"7026",3372868164,2016-04-13 16:00:00,478
"7027",3372868164,2016-04-13 17:00:00,423
"7028",3372868164,2016-04-13 18:00:00,428
"7029",3372868164,2016-04-13 19:00:00,469
"7030",3372868164,2016-04-13 20:00:00,272
"7031",3372868164,2016-04-13 21:00:00,30
"7032",3372868164,2016-04-13 22:00:00,0
"7033",3372868164,2016-04-13 23:00:00,0
"7034",3372868164,2016-04-14 00:00:00,0
"7035",3372868164,2016-04-14 01:00:00,0
"7036",3372868164,2016-04-14 02:00:00,0
"7037",3372868164,2016-04-14 03:00:00,0
"7038",3372868164,2016-04-14 04:00:00,0
"7039",3372868164,2016-04-14 05:00:00,41
"7040",3372868164,2016-04-14 06:00:00,157
"7041",3372868164,2016-04-14 07:00:00,386
"7042",3372868164,2016-04-14 08:00:00,737
"7043",3372868164,2016-04-14 09:00:00,431
"7044",3372868164,2016-04-14 10:00:00,792
"7045",3372868164,2016-04-14 11:00:00,1549
"7046",3372868164,2016-04-14 12:00:00,130
"7047",3372868164,2016-04-14 13:00:00,631
"7048",3372868164,2016-04-14 14:00:00,810
"7049",3372868164,2016-04-14 15:00:00,402
"7050",3372868164,2016-04-14 16:00:00,298
"7051",3372868164,2016-04-14 17:00:00,218
"7052",3372868164,2016-04-14 18:00:00,576
"7053",3372868164,2016-04-14 19:00:00,1372
"7054",3372868164,2016-04-14 20:00:00,237
"7055",3372868164,2016-04-14 21:00:00,51
"7056",3372868164,2016-04-14 22:00:00,26
"7057",3372868164,2016-04-14 23:00:00,0
"7058",3372868164,2016-04-15 00:00:00,0
"7059",3372868164,2016-04-15 01:00:00,0
"7060",3372868164,2016-04-15 02:00:00,0
"7061",3372868164,2016-04-15 03:00:00,0
"7062",3372868164,2016-04-15 04:00:00,0
"7063",3372868164,2016-04-15 05:00:00,0
"7064",3372868164,2016-04-15 06:00:00,0
"7065",3372868164,2016-04-15 07:00:00,0
"7066",3372868164,2016-04-15 08:00:00,243
"7067",3372868164,2016-04-15 09:00:00,499
"7068",3372868164,2016-04-15 10:00:00,248
"7069",3372868164,2016-04-15 11:00:00,1180
"7070",3372868164,2016-04-15 12:00:00,695
"7071",3372868164,2016-04-15 13:00:00,268
"7072",3372868164,2016-04-15 14:00:00,0
"7073",3372868164,2016-04-15 15:00:00,927
"7074",3372868164,2016-04-15 16:00:00,578
"7075",3372868164,2016-04-15 17:00:00,489
"7076",3372868164,2016-04-15 18:00:00,836
"7077",3372868164,2016-04-15 19:00:00,869
"7078",3372868164,2016-04-15 20:00:00,445
"7079",3372868164,2016-04-15 21:00:00,174
"7080",3372868164,2016-04-15 22:00:00,0
"7081",3372868164,2016-04-15 23:00:00,0
"7082",3372868164,2016-04-16 00:00:00,0
"7083",3372868164,2016-04-16 01:00:00,0
"7084",3372868164,2016-04-16 02:00:00,0
"7085",3372868164,2016-04-16 03:00:00,0
"7086",3372868164,2016-04-16 04:00:00,0
"7087",3372868164,2016-04-16 05:00:00,222
"7088",3372868164,2016-04-16 06:00:00,94
"7089",3372868164,2016-04-16 07:00:00,846
"7090",3372868164,2016-04-16 08:00:00,1018
"7091",3372868164,2016-04-16 09:00:00,405
"7092",3372868164,2016-04-16 10:00:00,833
"7093",3372868164,2016-04-16 11:00:00,538
"7094",3372868164,2016-04-16 12:00:00,473
"7095",3372868164,2016-04-16 13:00:00,344
"7096",3372868164,2016-04-16 14:00:00,804
"7097",3372868164,2016-04-16 15:00:00,427
"7098",3372868164,2016-04-16 16:00:00,50
"7099",3372868164,2016-04-16 17:00:00,241
"7100",3372868164,2016-04-16 18:00:00,0
"7101",3372868164,2016-04-16 19:00:00,197
"7102",3372868164,2016-04-16 20:00:00,367
"7103",3372868164,2016-04-16 21:00:00,46
"7104",3372868164,2016-04-16 22:00:00,0
"7105",3372868164,2016-04-16 23:00:00,0
"7106",3372868164,2016-04-17 00:00:00,37
"7107",3372868164,2016-04-17 01:00:00,0
"7108",3372868164,2016-04-17 02:00:00,0
"7109",3372868164,2016-04-17 03:00:00,0
"7110",3372868164,2016-04-17 04:00:00,0
"7111",3372868164,2016-04-17 05:00:00,0
"7112",3372868164,2016-04-17 06:00:00,51
"7113",3372868164,2016-04-17 07:00:00,588
"7114",3372868164,2016-04-17 08:00:00,803
"7115",3372868164,2016-04-17 09:00:00,103
"7116",3372868164,2016-04-17 10:00:00,79
"7117",3372868164,2016-04-17 11:00:00,380
"7118",3372868164,2016-04-17 12:00:00,570
"7119",3372868164,2016-04-17 13:00:00,129
"7120",3372868164,2016-04-17 14:00:00,563
"7121",3372868164,2016-04-17 15:00:00,2478
"7122",3372868164,2016-04-17 16:00:00,154
"7123",3372868164,2016-04-17 17:00:00,442
"7124",3372868164,2016-04-17 18:00:00,382
"7125",3372868164,2016-04-17 19:00:00,734
"7126",3372868164,2016-04-17 20:00:00,668
"7127",3372868164,2016-04-17 21:00:00,30
"7128",3372868164,2016-04-17 22:00:00,8
"7129",3372868164,2016-04-17 23:00:00,0
"7130",3372868164,2016-04-18 00:00:00,7
"7131",3372868164,2016-04-18 01:00:00,0
"7132",3372868164,2016-04-18 02:00:00,0
"7133",3372868164,2016-04-18 03:00:00,0
"7134",3372868164,2016-04-18 04:00:00,0
"7135",3372868164,2016-04-18 05:00:00,86
"7136",3372868164,2016-04-18 06:00:00,86
"7137",3372868164,2016-04-18 07:00:00,34
"7138",3372868164,2016-04-18 08:00:00,554
"7139",3372868164,2016-04-18 09:00:00,552
"7140",3372868164,2016-04-18 10:00:00,2269
"7141",3372868164,2016-04-18 11:00:00,313
"7142",3372868164,2016-04-18 12:00:00,185
"7143",3372868164,2016-04-18 13:00:00,0
"7144",3372868164,2016-04-18 14:00:00,415
"7145",3372868164,2016-04-18 15:00:00,412
"7146",3372868164,2016-04-18 16:00:00,492
"7147",3372868164,2016-04-18 17:00:00,275
"7148",3372868164,2016-04-18 18:00:00,447
"7149",3372868164,2016-04-18 19:00:00,342
"7150",3372868164,2016-04-18 20:00:00,329
"7151",3372868164,2016-04-18 21:00:00,0
"7152",3372868164,2016-04-18 22:00:00,0
"7153",3372868164,2016-04-18 23:00:00,0
"7154",3372868164,2016-04-19 00:00:00,0
"7155",3372868164,2016-04-19 01:00:00,0
"7156",3372868164,2016-04-19 02:00:00,0
"7157",3372868164,2016-04-19 03:00:00,0
"7158",3372868164,2016-04-19 04:00:00,0
"7159",3372868164,2016-04-19 05:00:00,0
"7160",3372868164,2016-04-19 06:00:00,0
"7161",3372868164,2016-04-19 07:00:00,131
"7162",3372868164,2016-04-19 08:00:00,113
"7163",3372868164,2016-04-19 09:00:00,357
"7164",3372868164,2016-04-19 10:00:00,380
"7165",3372868164,2016-04-19 11:00:00,628
"7166",3372868164,2016-04-19 12:00:00,294
"7167",3372868164,2016-04-19 13:00:00,497
"7168",3372868164,2016-04-19 14:00:00,1002
"7169",3372868164,2016-04-19 15:00:00,352
"7170",3372868164,2016-04-19 16:00:00,162
"7171",3372868164,2016-04-19 17:00:00,1118
"7172",3372868164,2016-04-19 18:00:00,1048
"7173",3372868164,2016-04-19 19:00:00,767
"7174",3372868164,2016-04-19 20:00:00,54
"7175",3372868164,2016-04-19 21:00:00,401
"7176",3372868164,2016-04-19 22:00:00,184
"7177",3372868164,2016-04-19 23:00:00,223
"7178",3372868164,2016-04-20 00:00:00,0
"7179",3372868164,2016-04-20 01:00:00,0
"7180",3372868164,2016-04-20 02:00:00,0
"7181",3372868164,2016-04-20 03:00:00,0
"7182",3372868164,2016-04-20 04:00:00,0
"7183",3372868164,2016-04-20 05:00:00,0
"7184",3372868164,2016-04-20 06:00:00,0
"7185",3372868164,2016-04-20 07:00:00,47
"7186",3372868164,2016-04-20 08:00:00,410
"7187",3372868164,2016-04-20 09:00:00,559
"7188",3372868164,2016-04-20 10:00:00,169
"7189",3372868164,2016-04-20 11:00:00,55
"7190",3372868164,2016-04-20 12:00:00,260
"7191",3372868164,2016-04-20 13:00:00,142
"7192",3372868164,2016-04-20 14:00:00,1549
"7193",3372868164,2016-04-20 15:00:00,181
"7194",3372868164,2016-04-20 16:00:00,721
"7195",3372868164,2016-04-20 17:00:00,200
"7196",3372868164,2016-04-20 18:00:00,43
"7197",3372868164,2016-04-20 19:00:00,106
"7198",3372868164,2016-04-20 20:00:00,411
"7199",3372868164,2016-04-20 21:00:00,14
"7200",3372868164,2016-04-20 22:00:00,13
"7201",3372868164,2016-04-20 23:00:00,0
"7202",3372868164,2016-04-21 00:00:00,0
"7203",3372868164,2016-04-21 01:00:00,0
"7204",3372868164,2016-04-21 02:00:00,0
"7205",3372868164,2016-04-21 03:00:00,0
"7206",3372868164,2016-04-21 04:00:00,0
"7207",3372868164,2016-04-21 05:00:00,237
"7208",3372868164,2016-04-21 06:00:00,196
"7209",3372868164,2016-04-21 07:00:00,224
"7210",3372868164,2016-04-21 08:00:00,746
"7211",3372868164,2016-04-21 09:00:00,435
"7212",3372868164,2016-04-21 10:00:00,1565
"7213",3372868164,2016-04-21 11:00:00,1645
"7214",3372868164,2016-04-21 12:00:00,98
"7215",3372868164,2016-04-21 13:00:00,319
"7216",3372868164,2016-04-21 14:00:00,406
"7217",3372868164,2016-04-21 15:00:00,384
"7218",3372868164,2016-04-21 16:00:00,134
"7219",3372868164,2016-04-21 17:00:00,47
"7220",3372868164,2016-04-21 18:00:00,605
"7221",3372868164,2016-04-21 19:00:00,1239
"7222",3372868164,2016-04-21 20:00:00,495
"7223",3372868164,2016-04-21 21:00:00,12
"7224",3372868164,2016-04-21 22:00:00,70
"7225",3372868164,2016-04-21 23:00:00,0
"7226",3372868164,2016-04-22 00:00:00,0
"7227",3372868164,2016-04-22 01:00:00,0
"7228",3372868164,2016-04-22 02:00:00,0
"7229",3372868164,2016-04-22 03:00:00,0
"7230",3372868164,2016-04-22 04:00:00,0
"7231",3372868164,2016-04-22 05:00:00,0
"7232",3372868164,2016-04-22 06:00:00,0
"7233",3372868164,2016-04-22 07:00:00,0
"7234",3372868164,2016-04-22 08:00:00,99
"7235",3372868164,2016-04-22 09:00:00,273
"7236",3372868164,2016-04-22 10:00:00,541
"7237",3372868164,2016-04-22 11:00:00,46
"7238",3372868164,2016-04-22 12:00:00,0
"7239",3372868164,2016-04-22 13:00:00,296
"7240",3372868164,2016-04-22 14:00:00,239
"7241",3372868164,2016-04-22 15:00:00,577
"7242",3372868164,2016-04-22 16:00:00,302
"7243",3372868164,2016-04-22 17:00:00,110
"7244",3372868164,2016-04-22 18:00:00,831
"7245",3372868164,2016-04-22 19:00:00,240
"7246",3372868164,2016-04-22 20:00:00,137
"7247",3372868164,2016-04-22 21:00:00,28
"7248",3372868164,2016-04-22 22:00:00,44
"7249",3372868164,2016-04-22 23:00:00,80
"7250",3372868164,2016-04-23 00:00:00,0
"7251",3372868164,2016-04-23 01:00:00,0
"7252",3372868164,2016-04-23 02:00:00,0
"7253",3372868164,2016-04-23 03:00:00,0
"7254",3372868164,2016-04-23 04:00:00,0
"7255",3372868164,2016-04-23 05:00:00,0
"7256",3372868164,2016-04-23 06:00:00,0
"7257",3372868164,2016-04-23 07:00:00,0
"7258",3372868164,2016-04-23 08:00:00,147
"7259",3372868164,2016-04-23 09:00:00,349
"7260",3372868164,2016-04-23 10:00:00,3084
"7261",3372868164,2016-04-23 11:00:00,401
"7262",3372868164,2016-04-23 12:00:00,493
"7263",3372868164,2016-04-23 13:00:00,0
"7264",3372868164,2016-04-23 14:00:00,179
"7265",3372868164,2016-04-23 15:00:00,311
"7266",3372868164,2016-04-23 16:00:00,654
"7267",3372868164,2016-04-23 17:00:00,566
"7268",3372868164,2016-04-23 18:00:00,265
"7269",3372868164,2016-04-23 19:00:00,640
"7270",3372868164,2016-04-23 20:00:00,226
"7271",3372868164,2016-04-23 21:00:00,0
"7272",3372868164,2016-04-23 22:00:00,81
"7273",3372868164,2016-04-23 23:00:00,0
"7274",3372868164,2016-04-24 00:00:00,0
"7275",3372868164,2016-04-24 01:00:00,0
"7276",3372868164,2016-04-24 02:00:00,0
"7277",3372868164,2016-04-24 03:00:00,0
"7278",3372868164,2016-04-24 04:00:00,0
"7279",3372868164,2016-04-24 05:00:00,0
"7280",3372868164,2016-04-24 06:00:00,89
"7281",3372868164,2016-04-24 07:00:00,517
"7282",3372868164,2016-04-24 08:00:00,488
"7283",3372868164,2016-04-24 09:00:00,169
"7284",3372868164,2016-04-24 10:00:00,176
"7285",3372868164,2016-04-24 11:00:00,490
"7286",3372868164,2016-04-24 12:00:00,194
"7287",3372868164,2016-04-24 13:00:00,108
"7288",3372868164,2016-04-24 14:00:00,382
"7289",3372868164,2016-04-24 15:00:00,1860
"7290",3372868164,2016-04-24 16:00:00,279
"7291",3372868164,2016-04-24 17:00:00,603
"7292",3372868164,2016-04-24 18:00:00,116
"7293",3372868164,2016-04-24 19:00:00,823
"7294",3372868164,2016-04-24 20:00:00,425
"7295",3372868164,2016-04-24 21:00:00,12
"7296",3372868164,2016-04-24 22:00:00,0
"7297",3372868164,2016-04-24 23:00:00,0
"7298",3372868164,2016-04-25 00:00:00,0
"7299",3372868164,2016-04-25 01:00:00,0
"7300",3372868164,2016-04-25 02:00:00,0
"7301",3372868164,2016-04-25 03:00:00,0
"7302",3372868164,2016-04-25 04:00:00,0
"7303",3372868164,2016-04-25 05:00:00,32
"7304",3372868164,2016-04-25 06:00:00,148
"7305",3372868164,2016-04-25 07:00:00,484
"7306",3372868164,2016-04-25 08:00:00,892
"7307",3372868164,2016-04-25 09:00:00,448
"7308",3372868164,2016-04-25 10:00:00,564
"7309",3372868164,2016-04-25 11:00:00,331
"7310",3372868164,2016-04-25 12:00:00,327
"7311",3372868164,2016-04-25 13:00:00,143
"7312",3372868164,2016-04-25 14:00:00,352
"7313",3372868164,2016-04-25 15:00:00,147
"7314",3372868164,2016-04-25 16:00:00,420
"7315",3372868164,2016-04-25 17:00:00,275
"7316",3372868164,2016-04-25 18:00:00,446
"7317",3372868164,2016-04-25 19:00:00,189
"7318",3372868164,2016-04-25 20:00:00,540
"7319",3372868164,2016-04-25 21:00:00,244
"7320",3372868164,2016-04-25 22:00:00,13
"7321",3372868164,2016-04-25 23:00:00,0
"7322",3372868164,2016-04-26 00:00:00,0
"7323",3372868164,2016-04-26 01:00:00,0
"7324",3372868164,2016-04-26 02:00:00,0
"7325",3372868164,2016-04-26 03:00:00,0
"7326",3372868164,2016-04-26 04:00:00,0
"7327",3372868164,2016-04-26 05:00:00,0
"7328",3372868164,2016-04-26 06:00:00,95
"7329",3372868164,2016-04-26 07:00:00,112
"7330",3372868164,2016-04-26 08:00:00,1105
"7331",3372868164,2016-04-26 09:00:00,2941
"7332",3372868164,2016-04-26 10:00:00,469
"7333",3372868164,2016-04-26 11:00:00,781
"7334",3372868164,2016-04-26 12:00:00,183
"7335",3372868164,2016-04-26 13:00:00,536
"7336",3372868164,2016-04-26 14:00:00,465
"7337",3372868164,2016-04-26 15:00:00,84
"7338",3372868164,2016-04-26 16:00:00,500
"7339",3372868164,2016-04-26 17:00:00,253
"7340",3372868164,2016-04-26 18:00:00,145
"7341",3372868164,2016-04-26 19:00:00,295
"7342",3372868164,2016-04-26 20:00:00,262
"7343",3372868164,2016-04-26 21:00:00,25
"7344",3372868164,2016-04-26 22:00:00,32
"7345",3372868164,2016-04-26 23:00:00,0
"7346",3372868164,2016-04-27 00:00:00,0
"7347",3372868164,2016-04-27 01:00:00,0
"7348",3372868164,2016-04-27 02:00:00,19
"7349",3372868164,2016-04-27 03:00:00,53
"7350",3372868164,2016-04-27 04:00:00,0
"7351",3372868164,2016-04-27 05:00:00,0
"7352",3372868164,2016-04-27 06:00:00,50
"7353",3372868164,2016-04-27 07:00:00,125
"7354",3372868164,2016-04-27 08:00:00,608
"7355",3372868164,2016-04-27 09:00:00,134
"7356",3372868164,2016-04-27 10:00:00,519
"7357",3372868164,2016-04-27 11:00:00,2727
"7358",3372868164,2016-04-27 12:00:00,231
"7359",3372868164,2016-04-27 13:00:00,337
"7360",3372868164,2016-04-27 14:00:00,630
"7361",3372868164,2016-04-27 15:00:00,409
"7362",3372868164,2016-04-27 16:00:00,770
"7363",3372868164,2016-04-27 17:00:00,446
"7364",3372868164,2016-04-27 18:00:00,198
"7365",3372868164,2016-04-27 19:00:00,139
"7366",3372868164,2016-04-27 20:00:00,257
"7367",3372868164,2016-04-27 21:00:00,0
"7368",3372868164,2016-04-27 22:00:00,224
"7369",3372868164,2016-04-27 23:00:00,28
"7370",3372868164,2016-04-28 00:00:00,0
"7371",3372868164,2016-04-28 01:00:00,0
"7372",3372868164,2016-04-28 02:00:00,0
"7373",3372868164,2016-04-28 03:00:00,0
"7374",3372868164,2016-04-28 04:00:00,0
"7375",3372868164,2016-04-28 05:00:00,112
"7376",3372868164,2016-04-28 06:00:00,61
"7377",3372868164,2016-04-28 07:00:00,441
"7378",3372868164,2016-04-28 08:00:00,436
"7379",3372868164,2016-04-28 09:00:00,130
"7380",3372868164,2016-04-28 10:00:00,630
"7381",3372868164,2016-04-28 11:00:00,562
"7382",3372868164,2016-04-28 12:00:00,456
"7383",3372868164,2016-04-28 13:00:00,294
"7384",3372868164,2016-04-28 14:00:00,322
"7385",3372868164,2016-04-28 15:00:00,478
"7386",3372868164,2016-04-28 16:00:00,169
"7387",3372868164,2016-04-28 17:00:00,304
"7388",3372868164,2016-04-28 18:00:00,559
"7389",3372868164,2016-04-28 19:00:00,188
"7390",3372868164,2016-04-28 20:00:00,304
"7391",3372868164,2016-04-28 21:00:00,58
"7392",3372868164,2016-04-28 22:00:00,8
"7393",3372868164,2016-04-28 23:00:00,0
"7394",3372868164,2016-04-29 00:00:00,0
"7395",3372868164,2016-04-29 01:00:00,0
"7396",3372868164,2016-04-29 02:00:00,0
"7397",3372868164,2016-04-29 03:00:00,0
"7398",3372868164,2016-04-29 04:00:00,0
"7399",3372868164,2016-04-29 05:00:00,141
"7400",3372868164,2016-04-29 06:00:00,153
"7401",3372868164,2016-04-29 07:00:00,118
"7402",3372868164,2016-04-29 08:00:00,572
"7403",3372868164,2016-04-29 09:00:00,349
"7404",3372868164,2016-04-29 10:00:00,1366
"7405",3372868164,2016-04-29 11:00:00,2510
"7406",3372868164,2016-04-29 12:00:00,707
"7407",3372868164,2016-04-29 13:00:00,526
"7408",3372868164,2016-04-29 14:00:00,465
"7409",3372868164,2016-04-29 15:00:00,469
"7410",3372868164,2016-04-29 16:00:00,508
"7411",3372868164,2016-04-29 17:00:00,469
"7412",3372868164,2016-04-29 18:00:00,324
"7413",3372868164,2016-04-29 19:00:00,57
"7414",3372868164,2016-04-29 20:00:00,237
"7415",3372868164,2016-04-29 21:00:00,164
"7416",3372868164,2016-04-29 22:00:00,0
"7417",3372868164,2016-04-29 23:00:00,0
"7418",3372868164,2016-04-30 00:00:00,17
"7419",3372868164,2016-04-30 01:00:00,0
"7420",3372868164,2016-04-30 02:00:00,0
"7421",3372868164,2016-04-30 03:00:00,0
"7422",3372868164,2016-04-30 04:00:00,0
"7423",3372868164,2016-04-30 05:00:00,0
"7424",3372868164,2016-04-30 06:00:00,81
"7425",3372868164,2016-04-30 07:00:00,223
"7426",3372868164,2016-04-30 08:00:00,98
"7427",3372868164,2016-04-30 09:00:00,1970
"7428",3372868164,2016-04-30 10:00:00,129
"7429",3372868164,2016-04-30 11:00:00,8
"7430",3372868164,2016-04-30 12:00:00,175
"7431",3372868164,2016-04-30 13:00:00,244
"7432",3372868164,2016-04-30 14:00:00,586
"7433",3372868164,2016-04-30 15:00:00,309
"7434",3372868164,2016-04-30 16:00:00,344
"7435",3372868164,2016-04-30 17:00:00,217
"7436",3372868164,2016-04-30 18:00:00,332
"7437",3372868164,2016-04-30 19:00:00,97
"7438",3372868164,2016-04-30 20:00:00,305
"7439",3372868164,2016-04-30 21:00:00,69
"7440",3372868164,2016-04-30 22:00:00,46
"7441",3372868164,2016-04-30 23:00:00,0
"7442",3372868164,2016-05-01 00:00:00,6
"7443",3372868164,2016-05-01 01:00:00,0
"7444",3372868164,2016-05-01 02:00:00,0
"7445",3372868164,2016-05-01 03:00:00,0
"7446",3372868164,2016-05-01 04:00:00,0
"7447",3372868164,2016-05-01 05:00:00,6
"7448",3372868164,2016-05-01 06:00:00,120
"7449",3372868164,2016-05-01 07:00:00,436
"7450",3372868164,2016-05-01 08:00:00,483
"7451",3372868164,2016-05-01 09:00:00,147
"7452",3372868164,2016-05-01 10:00:00,115
"7453",3372868164,2016-05-01 11:00:00,221
"7454",3372868164,2016-05-01 12:00:00,197
"7455",3372868164,2016-05-01 13:00:00,136
"7456",3372868164,2016-05-01 14:00:00,965
"7457",3372868164,2016-05-01 15:00:00,69
"7458",3977333714,2016-04-12 00:00:00,753
"7459",3977333714,2016-04-12 01:00:00,0
"7460",3977333714,2016-04-12 02:00:00,0
"7461",3977333714,2016-04-12 03:00:00,16
"7462",3977333714,2016-04-12 04:00:00,0
"7463",3977333714,2016-04-12 05:00:00,0
"7464",3977333714,2016-04-12 06:00:00,0
"7465",3977333714,2016-04-12 07:00:00,0
"7466",3977333714,2016-04-12 08:00:00,13
"7467",3977333714,2016-04-12 09:00:00,10
"7468",3977333714,2016-04-12 10:00:00,28
"7469",3977333714,2016-04-12 11:00:00,0
"7470",3977333714,2016-04-12 12:00:00,332
"7471",3977333714,2016-04-12 13:00:00,4112
"7472",3977333714,2016-04-12 14:00:00,2257
"7473",3977333714,2016-04-12 15:00:00,55
"7474",3977333714,2016-04-12 16:00:00,49
"7475",3977333714,2016-04-12 17:00:00,190
"7476",3977333714,2016-04-12 18:00:00,289
"7477",3977333714,2016-04-12 19:00:00,201
"7478",3977333714,2016-04-12 20:00:00,35
"7479",3977333714,2016-04-12 21:00:00,291
"7480",3977333714,2016-04-12 22:00:00,115
"7481",3977333714,2016-04-12 23:00:00,110
"7482",3977333714,2016-04-13 00:00:00,43
"7483",3977333714,2016-04-13 01:00:00,0
"7484",3977333714,2016-04-13 02:00:00,8
"7485",3977333714,2016-04-13 03:00:00,0
"7486",3977333714,2016-04-13 04:00:00,0
"7487",3977333714,2016-04-13 05:00:00,0
"7488",3977333714,2016-04-13 06:00:00,9
"7489",3977333714,2016-04-13 07:00:00,31
"7490",3977333714,2016-04-13 08:00:00,34
"7491",3977333714,2016-04-13 09:00:00,16
"7492",3977333714,2016-04-13 10:00:00,65
"7493",3977333714,2016-04-13 11:00:00,51
"7494",3977333714,2016-04-13 12:00:00,40
"7495",3977333714,2016-04-13 13:00:00,180
"7496",3977333714,2016-04-13 14:00:00,419
"7497",3977333714,2016-04-13 15:00:00,612
"7498",3977333714,2016-04-13 16:00:00,498
"7499",3977333714,2016-04-13 17:00:00,3916
"7500",3977333714,2016-04-13 18:00:00,2511
"7501",3977333714,2016-04-13 19:00:00,607
"7502",3977333714,2016-04-13 20:00:00,4
"7503",3977333714,2016-04-13 21:00:00,406
"7504",3977333714,2016-04-13 22:00:00,175
"7505",3977333714,2016-04-13 23:00:00,410
"7506",3977333714,2016-04-14 00:00:00,40
"7507",3977333714,2016-04-14 01:00:00,76
"7508",3977333714,2016-04-14 02:00:00,0
"7509",3977333714,2016-04-14 03:00:00,0
"7510",3977333714,2016-04-14 04:00:00,0
"7511",3977333714,2016-04-14 05:00:00,6
"7512",3977333714,2016-04-14 06:00:00,0
"7513",3977333714,2016-04-14 07:00:00,0
"7514",3977333714,2016-04-14 08:00:00,116
"7515",3977333714,2016-04-14 09:00:00,338
"7516",3977333714,2016-04-14 10:00:00,1508
"7517",3977333714,2016-04-14 11:00:00,1344
"7518",3977333714,2016-04-14 12:00:00,144
"7519",3977333714,2016-04-14 13:00:00,831
"7520",3977333714,2016-04-14 14:00:00,28
"7521",3977333714,2016-04-14 15:00:00,0
"7522",3977333714,2016-04-14 16:00:00,280
"7523",3977333714,2016-04-14 17:00:00,2136
"7524",3977333714,2016-04-14 18:00:00,437
"7525",3977333714,2016-04-14 19:00:00,100
"7526",3977333714,2016-04-14 20:00:00,121
"7527",3977333714,2016-04-14 21:00:00,136
"7528",3977333714,2016-04-14 22:00:00,0
"7529",3977333714,2016-04-14 23:00:00,0
"7530",3977333714,2016-04-15 00:00:00,115
"7531",3977333714,2016-04-15 01:00:00,202
"7532",3977333714,2016-04-15 02:00:00,43
"7533",3977333714,2016-04-15 03:00:00,0
"7534",3977333714,2016-04-15 04:00:00,0
"7535",3977333714,2016-04-15 05:00:00,0
"7536",3977333714,2016-04-15 06:00:00,0
"7537",3977333714,2016-04-15 07:00:00,11
"7538",3977333714,2016-04-15 08:00:00,14
"7539",3977333714,2016-04-15 09:00:00,0
"7540",3977333714,2016-04-15 10:00:00,4
"7541",3977333714,2016-04-15 11:00:00,394
"7542",3977333714,2016-04-15 12:00:00,237
"7543",3977333714,2016-04-15 13:00:00,7
"7544",3977333714,2016-04-15 14:00:00,412
"7545",3977333714,2016-04-15 15:00:00,616
"7546",3977333714,2016-04-15 16:00:00,2600
"7547",3977333714,2016-04-15 17:00:00,1401
"7548",3977333714,2016-04-15 18:00:00,1541
"7549",3977333714,2016-04-15 19:00:00,593
"7550",3977333714,2016-04-15 20:00:00,0
"7551",3977333714,2016-04-15 21:00:00,10
"7552",3977333714,2016-04-15 22:00:00,195
"7553",3977333714,2016-04-15 23:00:00,615
"7554",3977333714,2016-04-16 00:00:00,13
"7555",3977333714,2016-04-16 01:00:00,0
"7556",3977333714,2016-04-16 02:00:00,0
"7557",3977333714,2016-04-16 03:00:00,0
"7558",3977333714,2016-04-16 04:00:00,0
"7559",3977333714,2016-04-16 05:00:00,17
"7560",3977333714,2016-04-16 06:00:00,0
"7561",3977333714,2016-04-16 07:00:00,0
"7562",3977333714,2016-04-16 08:00:00,17
"7563",3977333714,2016-04-16 09:00:00,46
"7564",3977333714,2016-04-16 10:00:00,97
"7565",3977333714,2016-04-16 11:00:00,3172
"7566",3977333714,2016-04-16 12:00:00,2896
"7567",3977333714,2016-04-16 13:00:00,1953
"7568",3977333714,2016-04-16 14:00:00,1141
"7569",3977333714,2016-04-16 15:00:00,38
"7570",3977333714,2016-04-16 16:00:00,121
"7571",3977333714,2016-04-16 17:00:00,2639
"7572",3977333714,2016-04-16 18:00:00,284
"7573",3977333714,2016-04-16 19:00:00,337
"7574",3977333714,2016-04-16 20:00:00,0
"7575",3977333714,2016-04-16 21:00:00,5
"7576",3977333714,2016-04-16 22:00:00,552
"7577",3977333714,2016-04-16 23:00:00,131
"7578",3977333714,2016-04-17 00:00:00,10
"7579",3977333714,2016-04-17 01:00:00,0
"7580",3977333714,2016-04-17 02:00:00,0
"7581",3977333714,2016-04-17 03:00:00,0
"7582",3977333714,2016-04-17 04:00:00,0
"7583",3977333714,2016-04-17 05:00:00,0
"7584",3977333714,2016-04-17 06:00:00,15
"7585",3977333714,2016-04-17 07:00:00,0
"7586",3977333714,2016-04-17 08:00:00,0
"7587",3977333714,2016-04-17 09:00:00,87
"7588",3977333714,2016-04-17 10:00:00,347
"7589",3977333714,2016-04-17 11:00:00,154
"7590",3977333714,2016-04-17 12:00:00,167
"7591",3977333714,2016-04-17 13:00:00,262
"7592",3977333714,2016-04-17 14:00:00,551
"7593",3977333714,2016-04-17 15:00:00,616
"7594",3977333714,2016-04-17 16:00:00,495
"7595",3977333714,2016-04-17 17:00:00,3389
"7596",3977333714,2016-04-17 18:00:00,1024
"7597",3977333714,2016-04-17 19:00:00,2339
"7598",3977333714,2016-04-17 20:00:00,90
"7599",3977333714,2016-04-17 21:00:00,509
"7600",3977333714,2016-04-17 22:00:00,360
"7601",3977333714,2016-04-17 23:00:00,0
"7602",3977333714,2016-04-18 00:00:00,8
"7603",3977333714,2016-04-18 01:00:00,0
"7604",3977333714,2016-04-18 02:00:00,0
"7605",3977333714,2016-04-18 03:00:00,0
"7606",3977333714,2016-04-18 04:00:00,0
"7607",3977333714,2016-04-18 05:00:00,9
"7608",3977333714,2016-04-18 06:00:00,0
"7609",3977333714,2016-04-18 07:00:00,0
"7610",3977333714,2016-04-18 08:00:00,30
"7611",3977333714,2016-04-18 09:00:00,36
"7612",3977333714,2016-04-18 10:00:00,0
"7613",3977333714,2016-04-18 11:00:00,144
"7614",3977333714,2016-04-18 12:00:00,857
"7615",3977333714,2016-04-18 13:00:00,2644
"7616",3977333714,2016-04-18 14:00:00,2287
"7617",3977333714,2016-04-18 15:00:00,58
"7618",3977333714,2016-04-18 16:00:00,522
"7619",3977333714,2016-04-18 17:00:00,777
"7620",3977333714,2016-04-18 18:00:00,1761
"7621",3977333714,2016-04-18 19:00:00,1135
"7622",3977333714,2016-04-18 20:00:00,1163
"7623",3977333714,2016-04-18 21:00:00,6
"7624",3977333714,2016-04-18 22:00:00,217
"7625",3977333714,2016-04-18 23:00:00,9
"7626",3977333714,2016-04-19 00:00:00,7
"7627",3977333714,2016-04-19 01:00:00,25
"7628",3977333714,2016-04-19 02:00:00,0
"7629",3977333714,2016-04-19 03:00:00,14
"7630",3977333714,2016-04-19 04:00:00,0
"7631",3977333714,2016-04-19 05:00:00,0
"7632",3977333714,2016-04-19 06:00:00,0
"7633",3977333714,2016-04-19 07:00:00,0
"7634",3977333714,2016-04-19 08:00:00,50
"7635",3977333714,2016-04-19 09:00:00,0
"7636",3977333714,2016-04-19 10:00:00,0
"7637",3977333714,2016-04-19 11:00:00,122
"7638",3977333714,2016-04-19 12:00:00,1011
"7639",3977333714,2016-04-19 13:00:00,1494
"7640",3977333714,2016-04-19 14:00:00,344
"7641",3977333714,2016-04-19 15:00:00,1842
"7642",3977333714,2016-04-19 16:00:00,2133
"7643",3977333714,2016-04-19 17:00:00,115
"7644",3977333714,2016-04-19 18:00:00,141
"7645",3977333714,2016-04-19 19:00:00,44
"7646",3977333714,2016-04-19 20:00:00,833
"7647",3977333714,2016-04-19 21:00:00,464
"7648",3977333714,2016-04-19 22:00:00,292
"7649",3977333714,2016-04-19 23:00:00,3326
"7650",3977333714,2016-04-20 00:00:00,358
"7651",3977333714,2016-04-20 01:00:00,0
"7652",3977333714,2016-04-20 02:00:00,0
"7653",3977333714,2016-04-20 03:00:00,0
"7654",3977333714,2016-04-20 04:00:00,0
"7655",3977333714,2016-04-20 05:00:00,7
"7656",3977333714,2016-04-20 06:00:00,0
"7657",3977333714,2016-04-20 07:00:00,0
"7658",3977333714,2016-04-20 08:00:00,16
"7659",3977333714,2016-04-20 09:00:00,0
"7660",3977333714,2016-04-20 10:00:00,767
"7661",3977333714,2016-04-20 11:00:00,951
"7662",3977333714,2016-04-20 12:00:00,0
"7663",3977333714,2016-04-20 13:00:00,566
"7664",3977333714,2016-04-20 14:00:00,468
"7665",3977333714,2016-04-20 15:00:00,625
"7666",3977333714,2016-04-20 16:00:00,243
"7667",3977333714,2016-04-20 17:00:00,106
"7668",3977333714,2016-04-20 18:00:00,475
"7669",3977333714,2016-04-20 19:00:00,3110
"7670",3977333714,2016-04-20 20:00:00,3485
"7671",3977333714,2016-04-20 21:00:00,469
"7672",3977333714,2016-04-20 22:00:00,0
"7673",3977333714,2016-04-20 23:00:00,12
"7674",3977333714,2016-04-21 00:00:00,15
"7675",3977333714,2016-04-21 01:00:00,0
"7676",3977333714,2016-04-21 02:00:00,11
"7677",3977333714,2016-04-21 03:00:00,0
"7678",3977333714,2016-04-21 04:00:00,0
"7679",3977333714,2016-04-21 05:00:00,0
"7680",3977333714,2016-04-21 06:00:00,4
"7681",3977333714,2016-04-21 07:00:00,7
"7682",3977333714,2016-04-21 08:00:00,929
"7683",3977333714,2016-04-21 09:00:00,110
"7684",3977333714,2016-04-21 10:00:00,854
"7685",3977333714,2016-04-21 11:00:00,532
"7686",3977333714,2016-04-21 12:00:00,129
"7687",3977333714,2016-04-21 13:00:00,938
"7688",3977333714,2016-04-21 14:00:00,38
"7689",3977333714,2016-04-21 15:00:00,312
"7690",3977333714,2016-04-21 16:00:00,746
"7691",3977333714,2016-04-21 17:00:00,259
"7692",3977333714,2016-04-21 18:00:00,327
"7693",3977333714,2016-04-21 19:00:00,709
"7694",3977333714,2016-04-21 20:00:00,25
"7695",3977333714,2016-04-21 21:00:00,74
"7696",3977333714,2016-04-21 22:00:00,31
"7697",3977333714,2016-04-21 23:00:00,22
"7698",3977333714,2016-04-22 00:00:00,141
"7699",3977333714,2016-04-22 01:00:00,166
"7700",3977333714,2016-04-22 02:00:00,0
"7701",3977333714,2016-04-22 03:00:00,9
"7702",3977333714,2016-04-22 04:00:00,0
"7703",3977333714,2016-04-22 05:00:00,12
"7704",3977333714,2016-04-22 06:00:00,17
"7705",3977333714,2016-04-22 07:00:00,0
"7706",3977333714,2016-04-22 08:00:00,0
"7707",3977333714,2016-04-22 09:00:00,354
"7708",3977333714,2016-04-22 10:00:00,712
"7709",3977333714,2016-04-22 11:00:00,928
"7710",3977333714,2016-04-22 12:00:00,128
"7711",3977333714,2016-04-22 13:00:00,3771
"7712",3977333714,2016-04-22 14:00:00,1553
"7713",3977333714,2016-04-22 15:00:00,240
"7714",3977333714,2016-04-22 16:00:00,100
"7715",3977333714,2016-04-22 17:00:00,92
"7716",3977333714,2016-04-22 18:00:00,18
"7717",3977333714,2016-04-22 19:00:00,312
"7718",3977333714,2016-04-22 20:00:00,256
"7719",3977333714,2016-04-22 21:00:00,0
"7720",3977333714,2016-04-22 22:00:00,102
"7721",3977333714,2016-04-22 23:00:00,0
"7722",3977333714,2016-04-23 00:00:00,101
"7723",3977333714,2016-04-23 01:00:00,28
"7724",3977333714,2016-04-23 02:00:00,0
"7725",3977333714,2016-04-23 03:00:00,0
"7726",3977333714,2016-04-23 04:00:00,0
"7727",3977333714,2016-04-23 05:00:00,8
"7728",3977333714,2016-04-23 06:00:00,0
"7729",3977333714,2016-04-23 07:00:00,254
"7730",3977333714,2016-04-23 08:00:00,390
"7731",3977333714,2016-04-23 09:00:00,432
"7732",3977333714,2016-04-23 10:00:00,285
"7733",3977333714,2016-04-23 11:00:00,480
"7734",3977333714,2016-04-23 12:00:00,208
"7735",3977333714,2016-04-23 13:00:00,958
"7736",3977333714,2016-04-23 14:00:00,787
"7737",3977333714,2016-04-23 15:00:00,524
"7738",3977333714,2016-04-23 16:00:00,443
"7739",3977333714,2016-04-23 17:00:00,304
"7740",3977333714,2016-04-23 18:00:00,7
"7741",3977333714,2016-04-23 19:00:00,9
"7742",3977333714,2016-04-23 20:00:00,807
"7743",3977333714,2016-04-23 21:00:00,3872
"7744",3977333714,2016-04-23 22:00:00,2161
"7745",3977333714,2016-04-23 23:00:00,0
"7746",3977333714,2016-04-24 00:00:00,39
"7747",3977333714,2016-04-24 01:00:00,0
"7748",3977333714,2016-04-24 02:00:00,0
"7749",3977333714,2016-04-24 03:00:00,0
"7750",3977333714,2016-04-24 04:00:00,0
"7751",3977333714,2016-04-24 05:00:00,0
"7752",3977333714,2016-04-24 06:00:00,0
"7753",3977333714,2016-04-24 07:00:00,8
"7754",3977333714,2016-04-24 08:00:00,0
"7755",3977333714,2016-04-24 09:00:00,50
"7756",3977333714,2016-04-24 10:00:00,177
"7757",3977333714,2016-04-24 11:00:00,0
"7758",3977333714,2016-04-24 12:00:00,92
"7759",3977333714,2016-04-24 13:00:00,491
"7760",3977333714,2016-04-24 14:00:00,3850
"7761",3977333714,2016-04-24 15:00:00,2988
"7762",3977333714,2016-04-24 16:00:00,1185
"7763",3977333714,2016-04-24 17:00:00,384
"7764",3977333714,2016-04-24 18:00:00,178
"7765",3977333714,2016-04-24 19:00:00,26
"7766",3977333714,2016-04-24 20:00:00,4
"7767",3977333714,2016-04-24 21:00:00,89
"7768",3977333714,2016-04-24 22:00:00,2997
"7769",3977333714,2016-04-24 23:00:00,1554
"7770",3977333714,2016-04-25 00:00:00,96
"7771",3977333714,2016-04-25 01:00:00,0
"7772",3977333714,2016-04-25 02:00:00,8
"7773",3977333714,2016-04-25 03:00:00,0
"7774",3977333714,2016-04-25 04:00:00,0
"7775",3977333714,2016-04-25 05:00:00,0
"7776",3977333714,2016-04-25 06:00:00,0
"7777",3977333714,2016-04-25 07:00:00,0
"7778",3977333714,2016-04-25 08:00:00,0
"7779",3977333714,2016-04-25 09:00:00,47
"7780",3977333714,2016-04-25 10:00:00,366
"7781",3977333714,2016-04-25 11:00:00,66
"7782",3977333714,2016-04-25 12:00:00,208
"7783",3977333714,2016-04-25 13:00:00,317
"7784",3977333714,2016-04-25 14:00:00,492
"7785",3977333714,2016-04-25 15:00:00,194
"7786",3977333714,2016-04-25 16:00:00,296
"7787",3977333714,2016-04-25 17:00:00,0
"7788",3977333714,2016-04-25 18:00:00,75
"7789",3977333714,2016-04-25 19:00:00,80
"7790",3977333714,2016-04-25 20:00:00,3868
"7791",3977333714,2016-04-25 21:00:00,4240
"7792",3977333714,2016-04-25 22:00:00,667
"7793",3977333714,2016-04-25 23:00:00,148
"7794",3977333714,2016-04-26 00:00:00,0
"7795",3977333714,2016-04-26 01:00:00,12
"7796",3977333714,2016-04-26 02:00:00,70
"7797",3977333714,2016-04-26 03:00:00,63
"7798",3977333714,2016-04-26 04:00:00,4
"7799",3977333714,2016-04-26 05:00:00,0
"7800",3977333714,2016-04-26 06:00:00,0
"7801",3977333714,2016-04-26 07:00:00,0
"7802",3977333714,2016-04-26 08:00:00,14
"7803",3977333714,2016-04-26 09:00:00,60
"7804",3977333714,2016-04-26 10:00:00,436
"7805",3977333714,2016-04-26 11:00:00,573
"7806",3977333714,2016-04-26 12:00:00,424
"7807",3977333714,2016-04-26 13:00:00,0
"7808",3977333714,2016-04-26 14:00:00,91
"7809",3977333714,2016-04-26 15:00:00,468
"7810",3977333714,2016-04-26 16:00:00,301
"7811",3977333714,2016-04-26 17:00:00,455
"7812",3977333714,2016-04-26 18:00:00,523
"7813",3977333714,2016-04-26 19:00:00,677
"7814",3977333714,2016-04-26 20:00:00,3382
"7815",3977333714,2016-04-26 21:00:00,1946
"7816",3977333714,2016-04-26 22:00:00,1889
"7817",3977333714,2016-04-26 23:00:00,0
"7818",3977333714,2016-04-27 00:00:00,42
"7819",3977333714,2016-04-27 01:00:00,0
"7820",3977333714,2016-04-27 02:00:00,0
"7821",3977333714,2016-04-27 03:00:00,7
"7822",3977333714,2016-04-27 04:00:00,0
"7823",3977333714,2016-04-27 05:00:00,0
"7824",3977333714,2016-04-27 06:00:00,0
"7825",3977333714,2016-04-27 07:00:00,0
"7826",3977333714,2016-04-27 08:00:00,7
"7827",3977333714,2016-04-27 09:00:00,53
"7828",3977333714,2016-04-27 10:00:00,926
"7829",3977333714,2016-04-27 11:00:00,354
"7830",3977333714,2016-04-27 12:00:00,85
"7831",3977333714,2016-04-27 13:00:00,261
"7832",3977333714,2016-04-27 14:00:00,385
"7833",3977333714,2016-04-27 15:00:00,0
"7834",3977333714,2016-04-27 16:00:00,426
"7835",3977333714,2016-04-27 17:00:00,22
"7836",3977333714,2016-04-27 18:00:00,1286
"7837",3977333714,2016-04-27 19:00:00,79
"7838",3977333714,2016-04-27 20:00:00,258
"7839",3977333714,2016-04-27 21:00:00,114
"7840",3977333714,2016-04-27 22:00:00,2543
"7841",3977333714,2016-04-27 23:00:00,345
"7842",3977333714,2016-04-28 00:00:00,547
"7843",3977333714,2016-04-28 01:00:00,353
"7844",3977333714,2016-04-28 02:00:00,0
"7845",3977333714,2016-04-28 03:00:00,10
"7846",3977333714,2016-04-28 04:00:00,4
"7847",3977333714,2016-04-28 05:00:00,0
"7848",3977333714,2016-04-28 06:00:00,0
"7849",3977333714,2016-04-28 07:00:00,0
"7850",3977333714,2016-04-28 08:00:00,0
"7851",3977333714,2016-04-28 09:00:00,60
"7852",3977333714,2016-04-28 10:00:00,995
"7853",3977333714,2016-04-28 11:00:00,250
"7854",3977333714,2016-04-28 12:00:00,198
"7855",3977333714,2016-04-28 13:00:00,711
"7856",3977333714,2016-04-28 14:00:00,657
"7857",3977333714,2016-04-28 15:00:00,389
"7858",3977333714,2016-04-28 16:00:00,2522
"7859",3977333714,2016-04-28 17:00:00,34
"7860",3977333714,2016-04-28 18:00:00,41
"7861",3977333714,2016-04-28 19:00:00,57
"7862",3977333714,2016-04-28 20:00:00,61
"7863",3977333714,2016-04-28 21:00:00,37
"7864",3977333714,2016-04-28 22:00:00,61
"7865",3977333714,2016-04-28 23:00:00,127
"7866",3977333714,2016-04-29 00:00:00,130
"7867",3977333714,2016-04-29 01:00:00,0
"7868",3977333714,2016-04-29 02:00:00,15
"7869",3977333714,2016-04-29 03:00:00,0
"7870",3977333714,2016-04-29 04:00:00,0
"7871",3977333714,2016-04-29 05:00:00,0
"7872",3977333714,2016-04-29 06:00:00,10
"7873",3977333714,2016-04-29 07:00:00,0
"7874",3977333714,2016-04-29 08:00:00,14
"7875",3977333714,2016-04-29 09:00:00,15
"7876",3977333714,2016-04-29 10:00:00,1268
"7877",3977333714,2016-04-29 11:00:00,351
"7878",3977333714,2016-04-29 12:00:00,202
"7879",3977333714,2016-04-29 13:00:00,54
"7880",3977333714,2016-04-29 14:00:00,211
"7881",3977333714,2016-04-29 15:00:00,134
"7882",3977333714,2016-04-29 16:00:00,197
"7883",3977333714,2016-04-29 17:00:00,354
"7884",3977333714,2016-04-29 18:00:00,320
"7885",3977333714,2016-04-29 19:00:00,3673
"7886",3977333714,2016-04-29 20:00:00,773
"7887",3977333714,2016-04-29 21:00:00,18
"7888",3977333714,2016-04-29 22:00:00,2435
"7889",3977333714,2016-04-29 23:00:00,471
"7890",3977333714,2016-04-30 00:00:00,108
"7891",3977333714,2016-04-30 01:00:00,0
"7892",3977333714,2016-04-30 02:00:00,7
"7893",3977333714,2016-04-30 03:00:00,0
"7894",3977333714,2016-04-30 04:00:00,0
"7895",3977333714,2016-04-30 05:00:00,18
"7896",3977333714,2016-04-30 06:00:00,384
"7897",3977333714,2016-04-30 07:00:00,692
"7898",3977333714,2016-04-30 08:00:00,920
"7899",3977333714,2016-04-30 09:00:00,67
"7900",3977333714,2016-04-30 10:00:00,58
"7901",3977333714,2016-04-30 11:00:00,1744
"7902",3977333714,2016-04-30 12:00:00,196
"7903",3977333714,2016-04-30 13:00:00,463
"7904",3977333714,2016-04-30 14:00:00,228
"7905",3977333714,2016-04-30 15:00:00,9
"7906",3977333714,2016-04-30 16:00:00,449
"7907",3977333714,2016-04-30 17:00:00,2292
"7908",3977333714,2016-04-30 18:00:00,510
"7909",3977333714,2016-04-30 19:00:00,2939
"7910",3977333714,2016-04-30 20:00:00,1540
"7911",3977333714,2016-04-30 21:00:00,510
"7912",3977333714,2016-04-30 22:00:00,69
"7913",3977333714,2016-04-30 23:00:00,35
"7914",3977333714,2016-05-01 00:00:00,0
"7915",3977333714,2016-05-01 01:00:00,9
"7916",3977333714,2016-05-01 02:00:00,0
"7917",3977333714,2016-05-01 03:00:00,21
"7918",3977333714,2016-05-01 04:00:00,0
"7919",3977333714,2016-05-01 05:00:00,0
"7920",3977333714,2016-05-01 06:00:00,0
"7921",3977333714,2016-05-01 07:00:00,0
"7922",3977333714,2016-05-01 08:00:00,0
"7923",3977333714,2016-05-01 09:00:00,139
"7924",3977333714,2016-05-01 10:00:00,322
"7925",3977333714,2016-05-01 11:00:00,505
"7926",3977333714,2016-05-01 12:00:00,993
"7927",3977333714,2016-05-01 13:00:00,582
"7928",3977333714,2016-05-01 14:00:00,109
"7929",3977333714,2016-05-01 15:00:00,72
"7930",3977333714,2016-05-01 16:00:00,13
"7931",3977333714,2016-05-01 17:00:00,43
"7932",3977333714,2016-05-01 18:00:00,2425
"7933",3977333714,2016-05-01 19:00:00,5020
"7934",3977333714,2016-05-01 20:00:00,39
"7935",3977333714,2016-05-01 21:00:00,0
"7936",3977333714,2016-05-01 22:00:00,27
"7937",3977333714,2016-05-01 23:00:00,95
"7938",3977333714,2016-05-02 00:00:00,84
"7939",3977333714,2016-05-02 01:00:00,0
"7940",3977333714,2016-05-02 02:00:00,0
"7941",3977333714,2016-05-02 03:00:00,0
"7942",3977333714,2016-05-02 04:00:00,16
"7943",3977333714,2016-05-02 05:00:00,0
"7944",3977333714,2016-05-02 06:00:00,20
"7945",3977333714,2016-05-02 07:00:00,125
"7946",3977333714,2016-05-02 08:00:00,328
"7947",3977333714,2016-05-02 09:00:00,21
"7948",3977333714,2016-05-02 10:00:00,24
"7949",3977333714,2016-05-02 11:00:00,37
"7950",3977333714,2016-05-02 12:00:00,55
"7951",3977333714,2016-05-02 13:00:00,1797
"7952",3977333714,2016-05-02 14:00:00,3487
"7953",3977333714,2016-05-02 15:00:00,270
"7954",3977333714,2016-05-02 16:00:00,217
"7955",3977333714,2016-05-02 17:00:00,835
"7956",3977333714,2016-05-02 18:00:00,3409
"7957",3977333714,2016-05-02 19:00:00,585
"7958",3977333714,2016-05-02 20:00:00,2670
"7959",3977333714,2016-05-02 21:00:00,2333
"7960",3977333714,2016-05-02 22:00:00,114
"7961",3977333714,2016-05-02 23:00:00,93
"7962",3977333714,2016-05-03 00:00:00,28
"7963",3977333714,2016-05-03 01:00:00,0
"7964",3977333714,2016-05-03 02:00:00,0
"7965",3977333714,2016-05-03 03:00:00,0
"7966",3977333714,2016-05-03 04:00:00,0
"7967",3977333714,2016-05-03 05:00:00,6
"7968",3977333714,2016-05-03 06:00:00,0
"7969",3977333714,2016-05-03 07:00:00,0
"7970",3977333714,2016-05-03 08:00:00,0
"7971",3977333714,2016-05-03 09:00:00,794
"7972",3977333714,2016-05-03 10:00:00,704
"7973",3977333714,2016-05-03 11:00:00,2177
"7974",3977333714,2016-05-03 12:00:00,112
"7975",3977333714,2016-05-03 13:00:00,7
"7976",3977333714,2016-05-03 14:00:00,1523
"7977",3977333714,2016-05-03 15:00:00,28
"7978",3977333714,2016-05-03 16:00:00,865
"7979",3977333714,2016-05-03 17:00:00,404
"7980",3977333714,2016-05-03 18:00:00,1330
"7981",3977333714,2016-05-03 19:00:00,105
"7982",3977333714,2016-05-03 20:00:00,26
"7983",3977333714,2016-05-03 21:00:00,974
"7984",3977333714,2016-05-03 22:00:00,3950
"7985",3977333714,2016-05-03 23:00:00,1302
"7986",3977333714,2016-05-04 00:00:00,22
"7987",3977333714,2016-05-04 01:00:00,0
"7988",3977333714,2016-05-04 02:00:00,38
"7989",3977333714,2016-05-04 03:00:00,0
"7990",3977333714,2016-05-04 04:00:00,0
"7991",3977333714,2016-05-04 05:00:00,0
"7992",3977333714,2016-05-04 06:00:00,7
"7993",3977333714,2016-05-04 07:00:00,7
"7994",3977333714,2016-05-04 08:00:00,806
"7995",3977333714,2016-05-04 09:00:00,393
"7996",3977333714,2016-05-04 10:00:00,1182
"7997",3977333714,2016-05-04 11:00:00,305
"7998",3977333714,2016-05-04 12:00:00,453
"7999",3977333714,2016-05-04 13:00:00,336
"8000",3977333714,2016-05-04 14:00:00,14
"8001",3977333714,2016-05-04 15:00:00,581
"8002",3977333714,2016-05-04 16:00:00,23
"8003",3977333714,2016-05-04 17:00:00,93
"8004",3977333714,2016-05-04 18:00:00,12
"8005",3977333714,2016-05-04 19:00:00,224
"8006",3977333714,2016-05-04 20:00:00,54
"8007",3977333714,2016-05-04 21:00:00,29
"8008",3977333714,2016-05-04 22:00:00,3380
"8009",3977333714,2016-05-04 23:00:00,5414
"8010",3977333714,2016-05-05 00:00:00,593
"8011",3977333714,2016-05-05 01:00:00,0
"8012",3977333714,2016-05-05 02:00:00,0
"8013",3977333714,2016-05-05 03:00:00,16
"8014",3977333714,2016-05-05 04:00:00,0
"8015",3977333714,2016-05-05 05:00:00,0
"8016",3977333714,2016-05-05 06:00:00,0
"8017",3977333714,2016-05-05 07:00:00,17
"8018",3977333714,2016-05-05 08:00:00,7
"8019",3977333714,2016-05-05 09:00:00,267
"8020",3977333714,2016-05-05 10:00:00,485
"8021",3977333714,2016-05-05 11:00:00,618
"8022",3977333714,2016-05-05 12:00:00,234
"8023",3977333714,2016-05-05 13:00:00,325
"8024",3977333714,2016-05-05 14:00:00,214
"8025",3977333714,2016-05-05 15:00:00,89
"8026",3977333714,2016-05-05 16:00:00,381
"8027",3977333714,2016-05-05 17:00:00,34
"8028",3977333714,2016-05-05 18:00:00,232
"8029",3977333714,2016-05-05 19:00:00,20
"8030",3977333714,2016-05-05 20:00:00,277
"8031",3977333714,2016-05-05 21:00:00,2470
"8032",3977333714,2016-05-05 22:00:00,3792
"8033",3977333714,2016-05-05 23:00:00,2241
"8034",3977333714,2016-05-06 00:00:00,27
"8035",3977333714,2016-05-06 01:00:00,0
"8036",3977333714,2016-05-06 02:00:00,0
"8037",3977333714,2016-05-06 03:00:00,0
"8038",3977333714,2016-05-06 04:00:00,0
"8039",3977333714,2016-05-06 05:00:00,0
"8040",3977333714,2016-05-06 06:00:00,0
"8041",3977333714,2016-05-06 07:00:00,7
"8042",3977333714,2016-05-06 08:00:00,0
"8043",3977333714,2016-05-06 09:00:00,205
"8044",3977333714,2016-05-06 10:00:00,51
"8045",3977333714,2016-05-06 11:00:00,107
"8046",3977333714,2016-05-06 12:00:00,127
"8047",3977333714,2016-05-06 13:00:00,89
"8048",3977333714,2016-05-06 14:00:00,945
"8049",3977333714,2016-05-06 15:00:00,266
"8050",3977333714,2016-05-06 16:00:00,169
"8051",3977333714,2016-05-06 17:00:00,269
"8052",3977333714,2016-05-06 18:00:00,552
"8053",3977333714,2016-05-06 19:00:00,4873
"8054",3977333714,2016-05-06 20:00:00,3514
"8055",3977333714,2016-05-06 21:00:00,0
"8056",3977333714,2016-05-06 22:00:00,403
"8057",3977333714,2016-05-06 23:00:00,73
"8058",3977333714,2016-05-07 00:00:00,21
"8059",3977333714,2016-05-07 01:00:00,17
"8060",3977333714,2016-05-07 02:00:00,0
"8061",3977333714,2016-05-07 03:00:00,13
"8062",3977333714,2016-05-07 04:00:00,6
"8063",3977333714,2016-05-07 05:00:00,0
"8064",3977333714,2016-05-07 06:00:00,5
"8065",3977333714,2016-05-07 07:00:00,0
"8066",3977333714,2016-05-07 08:00:00,0
"8067",3977333714,2016-05-07 09:00:00,9
"8068",3977333714,2016-05-07 10:00:00,151
"8069",3977333714,2016-05-07 11:00:00,40
"8070",3977333714,2016-05-07 12:00:00,104
"8071",3977333714,2016-05-07 13:00:00,733
"8072",3977333714,2016-05-07 14:00:00,1165
"8073",3977333714,2016-05-07 15:00:00,712
"8074",3977333714,2016-05-07 16:00:00,609
"8075",3977333714,2016-05-07 17:00:00,312
"8076",3977333714,2016-05-07 18:00:00,1024
"8077",3977333714,2016-05-07 19:00:00,3895
"8078",3977333714,2016-05-07 20:00:00,2636
"8079",3977333714,2016-05-07 21:00:00,82
"8080",3977333714,2016-05-07 22:00:00,0
"8081",3977333714,2016-05-07 23:00:00,16
"8082",3977333714,2016-05-08 00:00:00,4
"8083",3977333714,2016-05-08 01:00:00,0
"8084",3977333714,2016-05-08 02:00:00,0
"8085",3977333714,2016-05-08 03:00:00,0
"8086",3977333714,2016-05-08 04:00:00,0
"8087",3977333714,2016-05-08 05:00:00,0
"8088",3977333714,2016-05-08 06:00:00,0
"8089",3977333714,2016-05-08 07:00:00,5
"8090",3977333714,2016-05-08 08:00:00,14
"8091",3977333714,2016-05-08 09:00:00,10
"8092",3977333714,2016-05-08 10:00:00,859
"8093",3977333714,2016-05-08 11:00:00,275
"8094",3977333714,2016-05-08 12:00:00,833
"8095",3977333714,2016-05-08 13:00:00,174
"8096",3977333714,2016-05-08 14:00:00,0
"8097",3977333714,2016-05-08 15:00:00,160
"8098",3977333714,2016-05-08 16:00:00,582
"8099",3977333714,2016-05-08 17:00:00,807
"8100",3977333714,2016-05-08 18:00:00,92
"8101",3977333714,2016-05-08 19:00:00,301
"8102",3977333714,2016-05-08 20:00:00,1247
"8103",3977333714,2016-05-08 21:00:00,2018
"8104",3977333714,2016-05-08 22:00:00,2647
"8105",3977333714,2016-05-08 23:00:00,3557
"8106",3977333714,2016-05-09 00:00:00,150
"8107",3977333714,2016-05-09 01:00:00,0
"8108",3977333714,2016-05-09 02:00:00,0
"8109",3977333714,2016-05-09 03:00:00,0
"8110",3977333714,2016-05-09 04:00:00,0
"8111",3977333714,2016-05-09 05:00:00,0
"8112",3977333714,2016-05-09 06:00:00,0
"8113",3977333714,2016-05-09 07:00:00,0
"8114",3977333714,2016-05-09 08:00:00,0
"8115",3977333714,2016-05-09 09:00:00,0
"8116",3977333714,2016-05-09 10:00:00,463
"8117",3977333714,2016-05-09 11:00:00,65
"8118",3977333714,2016-05-09 12:00:00,314
"8119",3977333714,2016-05-09 13:00:00,418
"8120",3977333714,2016-05-09 14:00:00,448
"8121",3977333714,2016-05-09 15:00:00,162
"8122",3977333714,2016-05-09 16:00:00,82
"8123",3977333714,2016-05-09 17:00:00,0
"8124",3977333714,2016-05-09 18:00:00,825
"8125",3977333714,2016-05-09 19:00:00,391
"8126",3977333714,2016-05-09 20:00:00,233
"8127",3977333714,2016-05-09 21:00:00,3282
"8128",3977333714,2016-05-09 22:00:00,2928
"8129",3977333714,2016-05-09 23:00:00,4752
"8130",3977333714,2016-05-10 00:00:00,418
"8131",3977333714,2016-05-10 01:00:00,0
"8132",3977333714,2016-05-10 02:00:00,0
"8133",3977333714,2016-05-10 03:00:00,0
"8134",3977333714,2016-05-10 04:00:00,10
"8135",3977333714,2016-05-10 05:00:00,0
"8136",3977333714,2016-05-10 06:00:00,0
"8137",3977333714,2016-05-10 07:00:00,9
"8138",3977333714,2016-05-10 08:00:00,355
"8139",3977333714,2016-05-10 09:00:00,529
"8140",3977333714,2016-05-10 10:00:00,0
"8141",3977333714,2016-05-10 11:00:00,0
"8142",3977333714,2016-05-10 12:00:00,0
"8143",3977333714,2016-05-10 13:00:00,0
"8144",3977333714,2016-05-10 14:00:00,679
"8145",3977333714,2016-05-10 15:00:00,352
"8146",3977333714,2016-05-10 16:00:00,218
"8147",3977333714,2016-05-10 17:00:00,653
"8148",3977333714,2016-05-10 18:00:00,299
"8149",3977333714,2016-05-10 19:00:00,320
"8150",3977333714,2016-05-10 20:00:00,92
"8151",3977333714,2016-05-10 21:00:00,2574
"8152",3977333714,2016-05-10 22:00:00,2583
"8153",3977333714,2016-05-10 23:00:00,3981
"8154",4020332650,2016-04-12 00:00:00,0
"8155",4020332650,2016-04-12 01:00:00,0
"8156",4020332650,2016-04-12 02:00:00,0
"8157",4020332650,2016-04-12 03:00:00,0
"8158",4020332650,2016-04-12 04:00:00,8
"8159",4020332650,2016-04-12 05:00:00,0
"8160",4020332650,2016-04-12 06:00:00,52
"8161",4020332650,2016-04-12 07:00:00,190
"8162",4020332650,2016-04-12 08:00:00,126
"8163",4020332650,2016-04-12 09:00:00,740
"8164",4020332650,2016-04-12 10:00:00,559
"8165",4020332650,2016-04-12 11:00:00,886
"8166",4020332650,2016-04-12 12:00:00,1002
"8167",4020332650,2016-04-12 13:00:00,251
"8168",4020332650,2016-04-12 14:00:00,442
"8169",4020332650,2016-04-12 15:00:00,729
"8170",4020332650,2016-04-12 16:00:00,406
"8171",4020332650,2016-04-12 17:00:00,448
"8172",4020332650,2016-04-12 18:00:00,268
"8173",4020332650,2016-04-12 19:00:00,594
"8174",4020332650,2016-04-12 20:00:00,675
"8175",4020332650,2016-04-12 21:00:00,36
"8176",4020332650,2016-04-12 22:00:00,1077
"8177",4020332650,2016-04-12 23:00:00,0
"8178",4020332650,2016-04-13 00:00:00,0
"8179",4020332650,2016-04-13 01:00:00,0
"8180",4020332650,2016-04-13 02:00:00,0
"8181",4020332650,2016-04-13 03:00:00,0
"8182",4020332650,2016-04-13 04:00:00,0
"8183",4020332650,2016-04-13 05:00:00,0
"8184",4020332650,2016-04-13 06:00:00,0
"8185",4020332650,2016-04-13 07:00:00,0
"8186",4020332650,2016-04-13 08:00:00,0
"8187",4020332650,2016-04-13 09:00:00,0
"8188",4020332650,2016-04-13 10:00:00,0
"8189",4020332650,2016-04-13 11:00:00,0
"8190",4020332650,2016-04-13 12:00:00,0
"8191",4020332650,2016-04-13 13:00:00,0
"8192",4020332650,2016-04-13 14:00:00,0
"8193",4020332650,2016-04-13 15:00:00,0
"8194",4020332650,2016-04-13 16:00:00,0
"8195",4020332650,2016-04-13 17:00:00,0
"8196",4020332650,2016-04-13 18:00:00,0
"8197",4020332650,2016-04-13 19:00:00,0
"8198",4020332650,2016-04-13 20:00:00,0
"8199",4020332650,2016-04-13 21:00:00,0
"8200",4020332650,2016-04-13 22:00:00,0
"8201",4020332650,2016-04-13 23:00:00,0
"8202",4020332650,2016-04-14 00:00:00,0
"8203",4020332650,2016-04-14 01:00:00,0
"8204",4020332650,2016-04-14 02:00:00,0
"8205",4020332650,2016-04-14 03:00:00,0
"8206",4020332650,2016-04-14 04:00:00,0
"8207",4020332650,2016-04-14 05:00:00,0
"8208",4020332650,2016-04-14 06:00:00,0
"8209",4020332650,2016-04-14 07:00:00,0
"8210",4020332650,2016-04-14 08:00:00,0
"8211",4020332650,2016-04-14 09:00:00,17
"8212",4020332650,2016-04-14 10:00:00,0
"8213",4020332650,2016-04-14 11:00:00,0
"8214",4020332650,2016-04-14 12:00:00,0
"8215",4020332650,2016-04-14 13:00:00,0
"8216",4020332650,2016-04-14 14:00:00,21
"8217",4020332650,2016-04-14 15:00:00,0
"8218",4020332650,2016-04-14 16:00:00,0
"8219",4020332650,2016-04-14 17:00:00,0
"8220",4020332650,2016-04-14 18:00:00,0
"8221",4020332650,2016-04-14 19:00:00,0
"8222",4020332650,2016-04-14 20:00:00,0
"8223",4020332650,2016-04-14 21:00:00,0
"8224",4020332650,2016-04-14 22:00:00,0
"8225",4020332650,2016-04-14 23:00:00,0
"8226",4020332650,2016-04-15 00:00:00,0
"8227",4020332650,2016-04-15 01:00:00,0
"8228",4020332650,2016-04-15 02:00:00,0
"8229",4020332650,2016-04-15 03:00:00,0
"8230",4020332650,2016-04-15 04:00:00,0
"8231",4020332650,2016-04-15 05:00:00,0
"8232",4020332650,2016-04-15 06:00:00,0
"8233",4020332650,2016-04-15 07:00:00,0
"8234",4020332650,2016-04-15 08:00:00,0
"8235",4020332650,2016-04-15 09:00:00,52
"8236",4020332650,2016-04-15 10:00:00,0
"8237",4020332650,2016-04-15 11:00:00,4
"8238",4020332650,2016-04-15 12:00:00,0
"8239",4020332650,2016-04-15 13:00:00,0
"8240",4020332650,2016-04-15 14:00:00,0
"8241",4020332650,2016-04-15 15:00:00,0
"8242",4020332650,2016-04-15 16:00:00,0
"8243",4020332650,2016-04-15 17:00:00,22
"8244",4020332650,2016-04-15 18:00:00,455
"8245",4020332650,2016-04-15 19:00:00,343
"8246",4020332650,2016-04-15 20:00:00,338
"8247",4020332650,2016-04-15 21:00:00,455
"8248",4020332650,2016-04-15 22:00:00,204
"8249",4020332650,2016-04-15 23:00:00,0
"8250",4020332650,2016-04-16 00:00:00,0
"8251",4020332650,2016-04-16 01:00:00,0
"8252",4020332650,2016-04-16 02:00:00,0
"8253",4020332650,2016-04-16 03:00:00,0
"8254",4020332650,2016-04-16 04:00:00,0
"8255",4020332650,2016-04-16 05:00:00,0
"8256",4020332650,2016-04-16 06:00:00,0
"8257",4020332650,2016-04-16 07:00:00,1838
"8258",4020332650,2016-04-16 08:00:00,13
"8259",4020332650,2016-04-16 09:00:00,118
"8260",4020332650,2016-04-16 10:00:00,0
"8261",4020332650,2016-04-16 11:00:00,0
"8262",4020332650,2016-04-16 12:00:00,0
"8263",4020332650,2016-04-16 13:00:00,0
"8264",4020332650,2016-04-16 14:00:00,0
"8265",4020332650,2016-04-16 15:00:00,0
"8266",4020332650,2016-04-16 16:00:00,0
"8267",4020332650,2016-04-16 17:00:00,0
"8268",4020332650,2016-04-16 18:00:00,0
"8269",4020332650,2016-04-16 19:00:00,0
"8270",4020332650,2016-04-16 20:00:00,0
"8271",4020332650,2016-04-16 21:00:00,0
"8272",4020332650,2016-04-16 22:00:00,0
"8273",4020332650,2016-04-16 23:00:00,0
"8274",4020332650,2016-04-17 00:00:00,0
"8275",4020332650,2016-04-17 01:00:00,0
"8276",4020332650,2016-04-17 02:00:00,0
"8277",4020332650,2016-04-17 03:00:00,0
"8278",4020332650,2016-04-17 04:00:00,0
"8279",4020332650,2016-04-17 05:00:00,0
"8280",4020332650,2016-04-17 06:00:00,0
"8281",4020332650,2016-04-17 07:00:00,0
"8282",4020332650,2016-04-17 08:00:00,0
"8283",4020332650,2016-04-17 09:00:00,0
"8284",4020332650,2016-04-17 10:00:00,0
"8285",4020332650,2016-04-17 11:00:00,0
"8286",4020332650,2016-04-17 12:00:00,0
"8287",4020332650,2016-04-17 13:00:00,0
"8288",4020332650,2016-04-17 14:00:00,0
"8289",4020332650,2016-04-17 15:00:00,0
"8290",4020332650,2016-04-17 16:00:00,0
"8291",4020332650,2016-04-17 17:00:00,0
"8292",4020332650,2016-04-17 18:00:00,0
"8293",4020332650,2016-04-17 19:00:00,0
"8294",4020332650,2016-04-17 20:00:00,7
"8295",4020332650,2016-04-17 21:00:00,0
"8296",4020332650,2016-04-17 22:00:00,0
"8297",4020332650,2016-04-17 23:00:00,0
"8298",4020332650,2016-04-18 00:00:00,0
"8299",4020332650,2016-04-18 01:00:00,0
"8300",4020332650,2016-04-18 02:00:00,0
"8301",4020332650,2016-04-18 03:00:00,0
"8302",4020332650,2016-04-18 04:00:00,0
"8303",4020332650,2016-04-18 05:00:00,0
"8304",4020332650,2016-04-18 06:00:00,0
"8305",4020332650,2016-04-18 07:00:00,0
"8306",4020332650,2016-04-18 08:00:00,62
"8307",4020332650,2016-04-18 09:00:00,0
"8308",4020332650,2016-04-18 10:00:00,0
"8309",4020332650,2016-04-18 11:00:00,0
"8310",4020332650,2016-04-18 12:00:00,0
"8311",4020332650,2016-04-18 13:00:00,0
"8312",4020332650,2016-04-18 14:00:00,0
"8313",4020332650,2016-04-18 15:00:00,0
"8314",4020332650,2016-04-18 16:00:00,0
"8315",4020332650,2016-04-18 17:00:00,0
"8316",4020332650,2016-04-18 18:00:00,0
"8317",4020332650,2016-04-18 19:00:00,0
"8318",4020332650,2016-04-18 20:00:00,0
"8319",4020332650,2016-04-18 21:00:00,0
"8320",4020332650,2016-04-18 22:00:00,0
"8321",4020332650,2016-04-18 23:00:00,0
"8322",4020332650,2016-04-19 00:00:00,0
"8323",4020332650,2016-04-19 01:00:00,0
"8324",4020332650,2016-04-19 02:00:00,0
"8325",4020332650,2016-04-19 03:00:00,0
"8326",4020332650,2016-04-19 04:00:00,0
"8327",4020332650,2016-04-19 05:00:00,0
"8328",4020332650,2016-04-19 06:00:00,0
"8329",4020332650,2016-04-19 07:00:00,0
"8330",4020332650,2016-04-19 08:00:00,0
"8331",4020332650,2016-04-19 09:00:00,0
"8332",4020332650,2016-04-19 10:00:00,0
"8333",4020332650,2016-04-19 11:00:00,0
"8334",4020332650,2016-04-19 12:00:00,0
"8335",4020332650,2016-04-19 13:00:00,0
"8336",4020332650,2016-04-19 14:00:00,0
"8337",4020332650,2016-04-19 15:00:00,0
"8338",4020332650,2016-04-19 16:00:00,0
"8339",4020332650,2016-04-19 17:00:00,0
"8340",4020332650,2016-04-19 18:00:00,0
"8341",4020332650,2016-04-19 19:00:00,0
"8342",4020332650,2016-04-19 20:00:00,0
"8343",4020332650,2016-04-19 21:00:00,0
"8344",4020332650,2016-04-19 22:00:00,0
"8345",4020332650,2016-04-19 23:00:00,0
"8346",4020332650,2016-04-20 00:00:00,0
"8347",4020332650,2016-04-20 01:00:00,0
"8348",4020332650,2016-04-20 02:00:00,0
"8349",4020332650,2016-04-20 03:00:00,0
"8350",4020332650,2016-04-20 04:00:00,0
"8351",4020332650,2016-04-20 05:00:00,0
"8352",4020332650,2016-04-20 06:00:00,0
"8353",4020332650,2016-04-20 07:00:00,0
"8354",4020332650,2016-04-20 08:00:00,0
"8355",4020332650,2016-04-20 09:00:00,0
"8356",4020332650,2016-04-20 10:00:00,0
"8357",4020332650,2016-04-20 11:00:00,0
"8358",4020332650,2016-04-20 12:00:00,0
"8359",4020332650,2016-04-20 13:00:00,0
"8360",4020332650,2016-04-20 14:00:00,0
"8361",4020332650,2016-04-20 15:00:00,0
"8362",4020332650,2016-04-20 16:00:00,0
"8363",4020332650,2016-04-20 17:00:00,0
"8364",4020332650,2016-04-20 18:00:00,0
"8365",4020332650,2016-04-20 19:00:00,0
"8366",4020332650,2016-04-20 20:00:00,0
"8367",4020332650,2016-04-20 21:00:00,0
"8368",4020332650,2016-04-20 22:00:00,0
"8369",4020332650,2016-04-20 23:00:00,0
"8370",4020332650,2016-04-21 00:00:00,0
"8371",4020332650,2016-04-21 01:00:00,0
"8372",4020332650,2016-04-21 02:00:00,0
"8373",4020332650,2016-04-21 03:00:00,0
"8374",4020332650,2016-04-21 04:00:00,0
"8375",4020332650,2016-04-21 05:00:00,0
"8376",4020332650,2016-04-21 06:00:00,0
"8377",4020332650,2016-04-21 07:00:00,0
"8378",4020332650,2016-04-21 08:00:00,0
"8379",4020332650,2016-04-21 09:00:00,0
"8380",4020332650,2016-04-21 10:00:00,0
"8381",4020332650,2016-04-21 11:00:00,0
"8382",4020332650,2016-04-21 12:00:00,0
"8383",4020332650,2016-04-21 13:00:00,0
"8384",4020332650,2016-04-21 14:00:00,0
"8385",4020332650,2016-04-21 15:00:00,0
"8386",4020332650,2016-04-21 16:00:00,0
"8387",4020332650,2016-04-21 17:00:00,0
"8388",4020332650,2016-04-21 18:00:00,0
"8389",4020332650,2016-04-21 19:00:00,0
"8390",4020332650,2016-04-21 20:00:00,0
"8391",4020332650,2016-04-21 21:00:00,0
"8392",4020332650,2016-04-21 22:00:00,0
"8393",4020332650,2016-04-21 23:00:00,0
"8394",4020332650,2016-04-22 00:00:00,0
"8395",4020332650,2016-04-22 01:00:00,0
"8396",4020332650,2016-04-22 02:00:00,0
"8397",4020332650,2016-04-22 03:00:00,0
"8398",4020332650,2016-04-22 04:00:00,0
"8399",4020332650,2016-04-22 05:00:00,0
"8400",4020332650,2016-04-22 06:00:00,0
"8401",4020332650,2016-04-22 07:00:00,0
"8402",4020332650,2016-04-22 08:00:00,0
"8403",4020332650,2016-04-22 09:00:00,0
"8404",4020332650,2016-04-22 10:00:00,0
"8405",4020332650,2016-04-22 11:00:00,0
"8406",4020332650,2016-04-22 12:00:00,0
"8407",4020332650,2016-04-22 13:00:00,0
"8408",4020332650,2016-04-22 14:00:00,0
"8409",4020332650,2016-04-22 15:00:00,0
"8410",4020332650,2016-04-22 16:00:00,0
"8411",4020332650,2016-04-22 17:00:00,0
"8412",4020332650,2016-04-22 18:00:00,0
"8413",4020332650,2016-04-22 19:00:00,0
"8414",4020332650,2016-04-22 20:00:00,0
"8415",4020332650,2016-04-22 21:00:00,0
"8416",4020332650,2016-04-22 22:00:00,0
"8417",4020332650,2016-04-22 23:00:00,0
"8418",4020332650,2016-04-23 00:00:00,0
"8419",4020332650,2016-04-23 01:00:00,0
"8420",4020332650,2016-04-23 02:00:00,0
"8421",4020332650,2016-04-23 03:00:00,0
"8422",4020332650,2016-04-23 04:00:00,0
"8423",4020332650,2016-04-23 05:00:00,0
"8424",4020332650,2016-04-23 06:00:00,0
"8425",4020332650,2016-04-23 07:00:00,0
"8426",4020332650,2016-04-23 08:00:00,0
"8427",4020332650,2016-04-23 09:00:00,0
"8428",4020332650,2016-04-23 10:00:00,0
"8429",4020332650,2016-04-23 11:00:00,0
"8430",4020332650,2016-04-23 12:00:00,0
"8431",4020332650,2016-04-23 13:00:00,0
"8432",4020332650,2016-04-23 14:00:00,0
"8433",4020332650,2016-04-23 15:00:00,0
"8434",4020332650,2016-04-23 16:00:00,0
"8435",4020332650,2016-04-23 17:00:00,0
"8436",4020332650,2016-04-23 18:00:00,0
"8437",4020332650,2016-04-23 19:00:00,0
"8438",4020332650,2016-04-23 20:00:00,0
"8439",4020332650,2016-04-23 21:00:00,0
"8440",4020332650,2016-04-23 22:00:00,0
"8441",4020332650,2016-04-23 23:00:00,0
"8442",4020332650,2016-04-24 00:00:00,0
"8443",4020332650,2016-04-24 01:00:00,0
"8444",4020332650,2016-04-24 02:00:00,0
"8445",4020332650,2016-04-24 03:00:00,0
"8446",4020332650,2016-04-24 04:00:00,0
"8447",4020332650,2016-04-24 05:00:00,0
"8448",4020332650,2016-04-24 06:00:00,0
"8449",4020332650,2016-04-24 07:00:00,0
"8450",4020332650,2016-04-24 08:00:00,0
"8451",4020332650,2016-04-24 09:00:00,0
"8452",4020332650,2016-04-24 10:00:00,0
"8453",4020332650,2016-04-24 11:00:00,0
"8454",4020332650,2016-04-24 12:00:00,0
"8455",4020332650,2016-04-24 13:00:00,0
"8456",4020332650,2016-04-24 14:00:00,0
"8457",4020332650,2016-04-24 15:00:00,0
"8458",4020332650,2016-04-24 16:00:00,0
"8459",4020332650,2016-04-24 17:00:00,0
"8460",4020332650,2016-04-24 18:00:00,0
"8461",4020332650,2016-04-24 19:00:00,0
"8462",4020332650,2016-04-24 20:00:00,0
"8463",4020332650,2016-04-24 21:00:00,0
"8464",4020332650,2016-04-24 22:00:00,0
"8465",4020332650,2016-04-24 23:00:00,0
"8466",4020332650,2016-04-25 00:00:00,0
"8467",4020332650,2016-04-25 01:00:00,0
"8468",4020332650,2016-04-25 02:00:00,0
"8469",4020332650,2016-04-25 03:00:00,0
"8470",4020332650,2016-04-25 04:00:00,0
"8471",4020332650,2016-04-25 05:00:00,0
"8472",4020332650,2016-04-25 06:00:00,0
"8473",4020332650,2016-04-25 07:00:00,0
"8474",4020332650,2016-04-25 08:00:00,0
"8475",4020332650,2016-04-25 09:00:00,0
"8476",4020332650,2016-04-25 10:00:00,0
"8477",4020332650,2016-04-25 11:00:00,0
"8478",4020332650,2016-04-25 12:00:00,0
"8479",4020332650,2016-04-25 13:00:00,0
"8480",4020332650,2016-04-25 14:00:00,0
"8481",4020332650,2016-04-25 15:00:00,0
"8482",4020332650,2016-04-25 16:00:00,0
"8483",4020332650,2016-04-25 17:00:00,0
"8484",4020332650,2016-04-25 18:00:00,0
"8485",4020332650,2016-04-25 19:00:00,0
"8486",4020332650,2016-04-25 20:00:00,0
"8487",4020332650,2016-04-25 21:00:00,0
"8488",4020332650,2016-04-25 22:00:00,0
"8489",4020332650,2016-04-25 23:00:00,0
"8490",4020332650,2016-04-26 00:00:00,0
"8491",4020332650,2016-04-26 01:00:00,0
"8492",4020332650,2016-04-26 02:00:00,0
"8493",4020332650,2016-04-26 03:00:00,0
"8494",4020332650,2016-04-26 04:00:00,0
"8495",4020332650,2016-04-26 05:00:00,0
"8496",4020332650,2016-04-26 06:00:00,0
"8497",4020332650,2016-04-26 07:00:00,0
"8498",4020332650,2016-04-26 08:00:00,0
"8499",4020332650,2016-04-26 09:00:00,0
"8500",4020332650,2016-04-26 10:00:00,0
"8501",4020332650,2016-04-26 11:00:00,0
"8502",4020332650,2016-04-26 12:00:00,0
"8503",4020332650,2016-04-26 13:00:00,0
"8504",4020332650,2016-04-26 14:00:00,0
"8505",4020332650,2016-04-26 15:00:00,0
"8506",4020332650,2016-04-26 16:00:00,0
"8507",4020332650,2016-04-26 17:00:00,0
"8508",4020332650,2016-04-26 18:00:00,0
"8509",4020332650,2016-04-26 19:00:00,0
"8510",4020332650,2016-04-26 20:00:00,0
"8511",4020332650,2016-04-26 21:00:00,0
"8512",4020332650,2016-04-26 22:00:00,0
"8513",4020332650,2016-04-26 23:00:00,0
"8514",4020332650,2016-04-27 00:00:00,0
"8515",4020332650,2016-04-27 01:00:00,0
"8516",4020332650,2016-04-27 02:00:00,0
"8517",4020332650,2016-04-27 03:00:00,0
"8518",4020332650,2016-04-27 04:00:00,0
"8519",4020332650,2016-04-27 05:00:00,0
"8520",4020332650,2016-04-27 06:00:00,0
"8521",4020332650,2016-04-27 07:00:00,0
"8522",4020332650,2016-04-27 08:00:00,0
"8523",4020332650,2016-04-27 09:00:00,0
"8524",4020332650,2016-04-27 10:00:00,0
"8525",4020332650,2016-04-27 11:00:00,0
"8526",4020332650,2016-04-27 12:00:00,0
"8527",4020332650,2016-04-27 13:00:00,0
"8528",4020332650,2016-04-27 14:00:00,0
"8529",4020332650,2016-04-27 15:00:00,0
"8530",4020332650,2016-04-27 16:00:00,0
"8531",4020332650,2016-04-27 17:00:00,0
"8532",4020332650,2016-04-27 18:00:00,0
"8533",4020332650,2016-04-27 19:00:00,0
"8534",4020332650,2016-04-27 20:00:00,0
"8535",4020332650,2016-04-27 21:00:00,0
"8536",4020332650,2016-04-27 22:00:00,0
"8537",4020332650,2016-04-27 23:00:00,0
"8538",4020332650,2016-04-28 00:00:00,0
"8539",4020332650,2016-04-28 01:00:00,0
"8540",4020332650,2016-04-28 02:00:00,0
"8541",4020332650,2016-04-28 03:00:00,0
"8542",4020332650,2016-04-28 04:00:00,0
"8543",4020332650,2016-04-28 05:00:00,0
"8544",4020332650,2016-04-28 06:00:00,0
"8545",4020332650,2016-04-28 07:00:00,0
"8546",4020332650,2016-04-28 08:00:00,0
"8547",4020332650,2016-04-28 09:00:00,0
"8548",4020332650,2016-04-28 10:00:00,0
"8549",4020332650,2016-04-28 11:00:00,0
"8550",4020332650,2016-04-28 12:00:00,0
"8551",4020332650,2016-04-28 13:00:00,0
"8552",4020332650,2016-04-28 14:00:00,0
"8553",4020332650,2016-04-28 15:00:00,0
"8554",4020332650,2016-04-28 16:00:00,0
"8555",4020332650,2016-04-28 17:00:00,0
"8556",4020332650,2016-04-28 18:00:00,0
"8557",4020332650,2016-04-28 19:00:00,0
"8558",4020332650,2016-04-28 20:00:00,0
"8559",4020332650,2016-04-28 21:00:00,0
"8560",4020332650,2016-04-28 22:00:00,0
"8561",4020332650,2016-04-28 23:00:00,0
"8562",4020332650,2016-04-29 00:00:00,0
"8563",4020332650,2016-04-29 01:00:00,0
"8564",4020332650,2016-04-29 02:00:00,0
"8565",4020332650,2016-04-29 03:00:00,0
"8566",4020332650,2016-04-29 04:00:00,0
"8567",4020332650,2016-04-29 05:00:00,0
"8568",4020332650,2016-04-29 06:00:00,0
"8569",4020332650,2016-04-29 07:00:00,0
"8570",4020332650,2016-04-29 08:00:00,0
"8571",4020332650,2016-04-29 09:00:00,0
"8572",4020332650,2016-04-29 10:00:00,0
"8573",4020332650,2016-04-29 11:00:00,0
"8574",4020332650,2016-04-29 12:00:00,0
"8575",4020332650,2016-04-29 13:00:00,0
"8576",4020332650,2016-04-29 14:00:00,0
"8577",4020332650,2016-04-29 15:00:00,0
"8578",4020332650,2016-04-29 16:00:00,0
"8579",4020332650,2016-04-29 17:00:00,0
"8580",4020332650,2016-04-29 18:00:00,0
"8581",4020332650,2016-04-29 19:00:00,0
"8582",4020332650,2016-04-29 20:00:00,0
"8583",4020332650,2016-04-29 21:00:00,0
"8584",4020332650,2016-04-29 22:00:00,0
"8585",4020332650,2016-04-29 23:00:00,0
"8586",4020332650,2016-04-30 00:00:00,0
"8587",4020332650,2016-04-30 01:00:00,0
"8588",4020332650,2016-04-30 02:00:00,0
"8589",4020332650,2016-04-30 03:00:00,0
"8590",4020332650,2016-04-30 04:00:00,0
"8591",4020332650,2016-04-30 05:00:00,0
"8592",4020332650,2016-04-30 06:00:00,0
"8593",4020332650,2016-04-30 07:00:00,0
"8594",4020332650,2016-04-30 08:00:00,0
"8595",4020332650,2016-04-30 09:00:00,0
"8596",4020332650,2016-04-30 10:00:00,0
"8597",4020332650,2016-04-30 11:00:00,0
"8598",4020332650,2016-04-30 12:00:00,0
"8599",4020332650,2016-04-30 13:00:00,0
"8600",4020332650,2016-04-30 14:00:00,0
"8601",4020332650,2016-04-30 15:00:00,0
"8602",4020332650,2016-04-30 16:00:00,0
"8603",4020332650,2016-04-30 17:00:00,0
"8604",4020332650,2016-04-30 18:00:00,0
"8605",4020332650,2016-04-30 19:00:00,0
"8606",4020332650,2016-04-30 20:00:00,0
"8607",4020332650,2016-04-30 21:00:00,0
"8608",4020332650,2016-04-30 22:00:00,0
"8609",4020332650,2016-04-30 23:00:00,0
"8610",4020332650,2016-05-01 00:00:00,0
"8611",4020332650,2016-05-01 01:00:00,0
"8612",4020332650,2016-05-01 02:00:00,0
"8613",4020332650,2016-05-01 03:00:00,0
"8614",4020332650,2016-05-01 04:00:00,0
"8615",4020332650,2016-05-01 05:00:00,0
"8616",4020332650,2016-05-01 06:00:00,0
"8617",4020332650,2016-05-01 07:00:00,0
"8618",4020332650,2016-05-01 08:00:00,0
"8619",4020332650,2016-05-01 09:00:00,0
"8620",4020332650,2016-05-01 10:00:00,0
"8621",4020332650,2016-05-01 11:00:00,0
"8622",4020332650,2016-05-01 12:00:00,0
"8623",4020332650,2016-05-01 13:00:00,0
"8624",4020332650,2016-05-01 14:00:00,0
"8625",4020332650,2016-05-01 15:00:00,0
"8626",4020332650,2016-05-01 16:00:00,0
"8627",4020332650,2016-05-01 17:00:00,0
"8628",4020332650,2016-05-01 18:00:00,0
"8629",4020332650,2016-05-01 19:00:00,0
"8630",4020332650,2016-05-01 20:00:00,0
"8631",4020332650,2016-05-01 21:00:00,0
"8632",4020332650,2016-05-01 22:00:00,0
"8633",4020332650,2016-05-01 23:00:00,0
"8634",4020332650,2016-05-02 00:00:00,0
"8635",4020332650,2016-05-02 01:00:00,0
"8636",4020332650,2016-05-02 02:00:00,0
"8637",4020332650,2016-05-02 03:00:00,0
"8638",4020332650,2016-05-02 04:00:00,0
"8639",4020332650,2016-05-02 05:00:00,0
"8640",4020332650,2016-05-02 06:00:00,0
"8641",4020332650,2016-05-02 07:00:00,0
"8642",4020332650,2016-05-02 08:00:00,0
"8643",4020332650,2016-05-02 09:00:00,0
"8644",4020332650,2016-05-02 10:00:00,0
"8645",4020332650,2016-05-02 11:00:00,0
"8646",4020332650,2016-05-02 12:00:00,0
"8647",4020332650,2016-05-02 13:00:00,0
"8648",4020332650,2016-05-02 14:00:00,0
"8649",4020332650,2016-05-02 15:00:00,0
"8650",4020332650,2016-05-02 16:00:00,0
"8651",4020332650,2016-05-02 17:00:00,0
"8652",4020332650,2016-05-02 18:00:00,0
"8653",4020332650,2016-05-02 19:00:00,0
"8654",4020332650,2016-05-02 20:00:00,167
"8655",4020332650,2016-05-02 21:00:00,127
"8656",4020332650,2016-05-02 22:00:00,110
"8657",4020332650,2016-05-02 23:00:00,61
"8658",4020332650,2016-05-03 00:00:00,0
"8659",4020332650,2016-05-03 01:00:00,0
"8660",4020332650,2016-05-03 02:00:00,0
"8661",4020332650,2016-05-03 03:00:00,0
"8662",4020332650,2016-05-03 04:00:00,48
"8663",4020332650,2016-05-03 05:00:00,0
"8664",4020332650,2016-05-03 06:00:00,0
"8665",4020332650,2016-05-03 07:00:00,0
"8666",4020332650,2016-05-03 08:00:00,230
"8667",4020332650,2016-05-03 09:00:00,44
"8668",4020332650,2016-05-03 10:00:00,0
"8669",4020332650,2016-05-03 11:00:00,334
"8670",4020332650,2016-05-03 12:00:00,17
"8671",4020332650,2016-05-03 13:00:00,0
"8672",4020332650,2016-05-03 14:00:00,53
"8673",4020332650,2016-05-03 15:00:00,426
"8674",4020332650,2016-05-03 16:00:00,883
"8675",4020332650,2016-05-03 17:00:00,265
"8676",4020332650,2016-05-03 18:00:00,651
"8677",4020332650,2016-05-03 19:00:00,107
"8678",4020332650,2016-05-03 20:00:00,303
"8679",4020332650,2016-05-03 21:00:00,664
"8680",4020332650,2016-05-03 22:00:00,410
"8681",4020332650,2016-05-03 23:00:00,30
"8682",4020332650,2016-05-04 00:00:00,0
"8683",4020332650,2016-05-04 01:00:00,347
"8684",4020332650,2016-05-04 02:00:00,0
"8685",4020332650,2016-05-04 03:00:00,0
"8686",4020332650,2016-05-04 04:00:00,0
"8687",4020332650,2016-05-04 05:00:00,17
"8688",4020332650,2016-05-04 06:00:00,0
"8689",4020332650,2016-05-04 07:00:00,0
"8690",4020332650,2016-05-04 08:00:00,272
"8691",4020332650,2016-05-04 09:00:00,128
"8692",4020332650,2016-05-04 10:00:00,222
"8693",4020332650,2016-05-04 11:00:00,40
"8694",4020332650,2016-05-04 12:00:00,592
"8695",4020332650,2016-05-04 13:00:00,603
"8696",4020332650,2016-05-04 14:00:00,567
"8697",4020332650,2016-05-04 15:00:00,330
"8698",4020332650,2016-05-04 16:00:00,1552
"8699",4020332650,2016-05-04 17:00:00,794
"8700",4020332650,2016-05-04 18:00:00,839
"8701",4020332650,2016-05-04 19:00:00,451
"8702",4020332650,2016-05-04 20:00:00,882
"8703",4020332650,2016-05-04 21:00:00,677
"8704",4020332650,2016-05-04 22:00:00,827
"8705",4020332650,2016-05-04 23:00:00,1054
"8706",4020332650,2016-05-05 00:00:00,62
"8707",4020332650,2016-05-05 01:00:00,5
"8708",4020332650,2016-05-05 02:00:00,0
"8709",4020332650,2016-05-05 03:00:00,0
"8710",4020332650,2016-05-05 04:00:00,81
"8711",4020332650,2016-05-05 05:00:00,0
"8712",4020332650,2016-05-05 06:00:00,0
"8713",4020332650,2016-05-05 07:00:00,0
"8714",4020332650,2016-05-05 08:00:00,0
"8715",4020332650,2016-05-05 09:00:00,0
"8716",4020332650,2016-05-05 10:00:00,0
"8717",4020332650,2016-05-05 11:00:00,0
"8718",4020332650,2016-05-05 12:00:00,0
"8719",4020332650,2016-05-05 13:00:00,0
"8720",4020332650,2016-05-05 14:00:00,373
"8721",4020332650,2016-05-05 15:00:00,13
"8722",4020332650,2016-05-05 16:00:00,2737
"8723",4020332650,2016-05-05 17:00:00,689
"8724",4020332650,2016-05-05 18:00:00,1953
"8725",4020332650,2016-05-05 19:00:00,716
"8726",4020332650,2016-05-05 20:00:00,980
"8727",4020332650,2016-05-05 21:00:00,1197
"8728",4020332650,2016-05-05 22:00:00,2192
"8729",4020332650,2016-05-05 23:00:00,715
"8730",4020332650,2016-05-06 00:00:00,49
"8731",4020332650,2016-05-06 01:00:00,0
"8732",4020332650,2016-05-06 02:00:00,0
"8733",4020332650,2016-05-06 03:00:00,0
"8734",4020332650,2016-05-06 04:00:00,0
"8735",4020332650,2016-05-06 05:00:00,0
"8736",4020332650,2016-05-06 06:00:00,0
"8737",4020332650,2016-05-06 07:00:00,256
"8738",4020332650,2016-05-06 08:00:00,577
"8739",4020332650,2016-05-06 09:00:00,1001
"8740",4020332650,2016-05-06 10:00:00,833
"8741",4020332650,2016-05-06 11:00:00,431
"8742",4020332650,2016-05-06 12:00:00,263
"8743",4020332650,2016-05-06 13:00:00,114
"8744",4020332650,2016-05-06 14:00:00,304
"8745",4020332650,2016-05-06 15:00:00,288
"8746",4020332650,2016-05-06 16:00:00,241
"8747",4020332650,2016-05-06 17:00:00,0
"8748",4020332650,2016-05-06 18:00:00,0
"8749",4020332650,2016-05-06 19:00:00,0
"8750",4020332650,2016-05-06 20:00:00,0
"8751",4020332650,2016-05-06 21:00:00,0
"8752",4020332650,2016-05-06 22:00:00,0
"8753",4020332650,2016-05-06 23:00:00,0
"8754",4020332650,2016-05-07 00:00:00,0
"8755",4020332650,2016-05-07 01:00:00,0
"8756",4020332650,2016-05-07 02:00:00,0
"8757",4020332650,2016-05-07 03:00:00,0
"8758",4020332650,2016-05-07 04:00:00,0
"8759",4020332650,2016-05-07 05:00:00,0
"8760",4020332650,2016-05-07 06:00:00,0
"8761",4020332650,2016-05-07 07:00:00,0
"8762",4020332650,2016-05-07 08:00:00,209
"8763",4020332650,2016-05-07 09:00:00,811
"8764",4020332650,2016-05-07 10:00:00,106
"8765",4020332650,2016-05-07 11:00:00,307
"8766",4020332650,2016-05-07 12:00:00,204
"8767",4020332650,2016-05-07 13:00:00,372
"8768",4020332650,2016-05-07 14:00:00,101
"8769",4020332650,2016-05-07 15:00:00,688
"8770",4020332650,2016-05-07 16:00:00,10
"8771",4020332650,2016-05-07 17:00:00,438
"8772",4020332650,2016-05-07 18:00:00,199
"8773",4020332650,2016-05-07 19:00:00,540
"8774",4020332650,2016-05-07 20:00:00,538
"8775",4020332650,2016-05-07 21:00:00,192
"8776",4020332650,2016-05-07 22:00:00,290
"8777",4020332650,2016-05-07 23:00:00,0
"8778",4020332650,2016-05-08 00:00:00,79
"8779",4020332650,2016-05-08 01:00:00,0
"8780",4020332650,2016-05-08 02:00:00,184
"8781",4020332650,2016-05-08 03:00:00,0
"8782",4020332650,2016-05-08 04:00:00,0
"8783",4020332650,2016-05-08 05:00:00,0
"8784",4020332650,2016-05-08 06:00:00,0
"8785",4020332650,2016-05-08 07:00:00,149
"8786",4020332650,2016-05-08 08:00:00,396
"8787",4020332650,2016-05-08 09:00:00,286
"8788",4020332650,2016-05-08 10:00:00,509
"8789",4020332650,2016-05-08 11:00:00,493
"8790",4020332650,2016-05-08 12:00:00,322
"8791",4020332650,2016-05-08 13:00:00,218
"8792",4020332650,2016-05-08 14:00:00,291
"8793",4020332650,2016-05-08 15:00:00,422
"8794",4020332650,2016-05-08 16:00:00,608
"8795",4020332650,2016-05-08 17:00:00,571
"8796",4020332650,2016-05-08 18:00:00,507
"8797",4020332650,2016-05-08 19:00:00,348
"8798",4020332650,2016-05-08 20:00:00,257
"8799",4020332650,2016-05-08 21:00:00,136
"8800",4020332650,2016-05-08 22:00:00,19
"8801",4020332650,2016-05-08 23:00:00,17
"8802",4020332650,2016-05-09 00:00:00,0
"8803",4020332650,2016-05-09 01:00:00,0
"8804",4020332650,2016-05-09 02:00:00,0
"8805",4020332650,2016-05-09 03:00:00,0
"8806",4020332650,2016-05-09 04:00:00,0
"8807",4020332650,2016-05-09 05:00:00,0
"8808",4020332650,2016-05-09 06:00:00,0
"8809",4020332650,2016-05-09 07:00:00,0
"8810",4020332650,2016-05-09 08:00:00,0
"8811",4020332650,2016-05-09 09:00:00,0
"8812",4020332650,2016-05-09 10:00:00,0
"8813",4020332650,2016-05-09 11:00:00,0
"8814",4020332650,2016-05-09 12:00:00,0
"8815",4020332650,2016-05-09 13:00:00,0
"8816",4020332650,2016-05-09 14:00:00,694
"8817",4020332650,2016-05-09 15:00:00,319
"8818",4020332650,2016-05-09 16:00:00,379
"8819",4020332650,2016-05-09 17:00:00,845
"8820",4020332650,2016-05-09 18:00:00,537
"8821",4020332650,2016-05-09 19:00:00,656
"8822",4020332650,2016-05-09 20:00:00,591
"8823",4020332650,2016-05-09 21:00:00,191
"8824",4020332650,2016-05-09 22:00:00,158
"8825",4020332650,2016-05-09 23:00:00,186
"8826",4020332650,2016-05-10 00:00:00,0
"8827",4020332650,2016-05-10 01:00:00,0
"8828",4020332650,2016-05-10 02:00:00,180
"8829",4020332650,2016-05-10 03:00:00,0
"8830",4020332650,2016-05-10 04:00:00,0
"8831",4020332650,2016-05-10 05:00:00,14
"8832",4020332650,2016-05-10 06:00:00,12
"8833",4020332650,2016-05-10 07:00:00,223
"8834",4020332650,2016-05-10 08:00:00,198
"8835",4020332650,2016-05-10 09:00:00,30
"8836",4020332650,2016-05-10 10:00:00,346
"8837",4020332650,2016-05-10 11:00:00,550
"8838",4020332650,2016-05-10 12:00:00,765
"8839",4020332650,2016-05-10 13:00:00,118
"8840",4020332650,2016-05-10 14:00:00,79
"8841",4020332650,2016-05-10 15:00:00,773
"8842",4020332650,2016-05-10 16:00:00,1131
"8843",4020332650,2016-05-10 17:00:00,557
"8844",4020332650,2016-05-10 18:00:00,0
"8845",4020332650,2016-05-10 19:00:00,155
"8846",4020332650,2016-05-10 20:00:00,205
"8847",4020332650,2016-05-10 21:00:00,0
"8848",4020332650,2016-05-10 22:00:00,138
"8849",4020332650,2016-05-10 23:00:00,0
"8850",4020332650,2016-05-11 00:00:00,0
"8851",4020332650,2016-05-11 01:00:00,0
"8852",4020332650,2016-05-11 02:00:00,0
"8853",4020332650,2016-05-11 03:00:00,0
"8854",4020332650,2016-05-11 04:00:00,0
"8855",4020332650,2016-05-11 05:00:00,0
"8856",4020332650,2016-05-11 06:00:00,0
"8857",4020332650,2016-05-11 07:00:00,0
"8858",4020332650,2016-05-11 08:00:00,0
"8859",4020332650,2016-05-11 09:00:00,0
"8860",4020332650,2016-05-11 10:00:00,0
"8861",4020332650,2016-05-11 11:00:00,34
"8862",4020332650,2016-05-11 12:00:00,206
"8863",4020332650,2016-05-11 13:00:00,594
"8864",4020332650,2016-05-11 14:00:00,527
"8865",4020332650,2016-05-11 15:00:00,959
"8866",4020332650,2016-05-11 16:00:00,800
"8867",4020332650,2016-05-11 17:00:00,543
"8868",4020332650,2016-05-11 18:00:00,0
"8869",4020332650,2016-05-11 19:00:00,0
"8870",4020332650,2016-05-11 20:00:00,0
"8871",4020332650,2016-05-11 21:00:00,0
"8872",4020332650,2016-05-11 22:00:00,0
"8873",4020332650,2016-05-11 23:00:00,0
"8874",4020332650,2016-05-12 00:00:00,0
"8875",4020332650,2016-05-12 01:00:00,0
"8876",4020332650,2016-05-12 02:00:00,0
"8877",4020332650,2016-05-12 03:00:00,0
"8878",4020332650,2016-05-12 04:00:00,0
"8879",4020332650,2016-05-12 05:00:00,0
"8880",4020332650,2016-05-12 06:00:00,0
"8881",4020332650,2016-05-12 07:00:00,0
"8882",4020332650,2016-05-12 08:00:00,0
"8883",4020332650,2016-05-12 09:00:00,0
"8884",4020332650,2016-05-12 10:00:00,0
"8885",4020332650,2016-05-12 11:00:00,257
"8886",4057192912,2016-04-12 00:00:00,7
"8887",4057192912,2016-04-12 01:00:00,0
"8888",4057192912,2016-04-12 02:00:00,0
"8889",4057192912,2016-04-12 03:00:00,156
"8890",4057192912,2016-04-12 04:00:00,0
"8891",4057192912,2016-04-12 05:00:00,0
"8892",4057192912,2016-04-12 06:00:00,24
"8893",4057192912,2016-04-12 07:00:00,432
"8894",4057192912,2016-04-12 08:00:00,729
"8895",4057192912,2016-04-12 09:00:00,429
"8896",4057192912,2016-04-12 10:00:00,0
"8897",4057192912,2016-04-12 11:00:00,411
"8898",4057192912,2016-04-12 12:00:00,102
"8899",4057192912,2016-04-12 13:00:00,459
"8900",4057192912,2016-04-12 14:00:00,306
"8901",4057192912,2016-04-12 15:00:00,232
"8902",4057192912,2016-04-12 16:00:00,661
"8903",4057192912,2016-04-12 17:00:00,154
"8904",4057192912,2016-04-12 18:00:00,632
"8905",4057192912,2016-04-12 19:00:00,501
"8906",4057192912,2016-04-12 20:00:00,125
"8907",4057192912,2016-04-12 21:00:00,11
"8908",4057192912,2016-04-12 22:00:00,23
"8909",4057192912,2016-04-12 23:00:00,0
"8910",4057192912,2016-04-13 00:00:00,0
"8911",4057192912,2016-04-13 01:00:00,0
"8912",4057192912,2016-04-13 02:00:00,0
"8913",4057192912,2016-04-13 03:00:00,0
"8914",4057192912,2016-04-13 04:00:00,0
"8915",4057192912,2016-04-13 05:00:00,0
"8916",4057192912,2016-04-13 06:00:00,0
"8917",4057192912,2016-04-13 07:00:00,896
"8918",4057192912,2016-04-13 08:00:00,451
"8919",4057192912,2016-04-13 09:00:00,977
"8920",4057192912,2016-04-13 10:00:00,108
"8921",4057192912,2016-04-13 11:00:00,661
"8922",4057192912,2016-04-13 12:00:00,172
"8923",4057192912,2016-04-13 13:00:00,622
"8924",4057192912,2016-04-13 14:00:00,277
"8925",4057192912,2016-04-13 15:00:00,79
"8926",4057192912,2016-04-13 16:00:00,623
"8927",4057192912,2016-04-13 17:00:00,172
"8928",4057192912,2016-04-13 18:00:00,581
"8929",4057192912,2016-04-13 19:00:00,175
"8930",4057192912,2016-04-13 20:00:00,180
"8931",4057192912,2016-04-13 21:00:00,0
"8932",4057192912,2016-04-13 22:00:00,0
"8933",4057192912,2016-04-13 23:00:00,0
"8934",4057192912,2016-04-14 00:00:00,0
"8935",4057192912,2016-04-14 01:00:00,0
"8936",4057192912,2016-04-14 02:00:00,0
"8937",4057192912,2016-04-14 03:00:00,0
"8938",4057192912,2016-04-14 04:00:00,0
"8939",4057192912,2016-04-14 05:00:00,0
"8940",4057192912,2016-04-14 06:00:00,0
"8941",4057192912,2016-04-14 07:00:00,0
"8942",4057192912,2016-04-14 08:00:00,0
"8943",4057192912,2016-04-14 09:00:00,0
"8944",4057192912,2016-04-14 10:00:00,0
"8945",4057192912,2016-04-14 11:00:00,0
"8946",4057192912,2016-04-14 12:00:00,0
"8947",4057192912,2016-04-14 13:00:00,0
"8948",4057192912,2016-04-14 14:00:00,0
"8949",4057192912,2016-04-14 15:00:00,0
"8950",4057192912,2016-04-14 16:00:00,0
"8951",4057192912,2016-04-14 17:00:00,0
"8952",4057192912,2016-04-14 18:00:00,0
"8953",4057192912,2016-04-14 19:00:00,0
"8954",4057192912,2016-04-14 20:00:00,0
"8955",4057192912,2016-04-14 21:00:00,0
"8956",4057192912,2016-04-14 22:00:00,0
"8957",4057192912,2016-04-14 23:00:00,0
"8958",4057192912,2016-04-15 00:00:00,0
"8959",4057192912,2016-04-15 01:00:00,0
"8960",4057192912,2016-04-15 02:00:00,0
"8961",4057192912,2016-04-15 03:00:00,0
"8962",4057192912,2016-04-15 04:00:00,0
"8963",4057192912,2016-04-15 05:00:00,0
"8964",4057192912,2016-04-15 06:00:00,0
"8965",4057192912,2016-04-15 07:00:00,485
"8966",4057192912,2016-04-15 08:00:00,1115
"8967",4057192912,2016-04-15 09:00:00,384
"8968",4057192912,2016-04-15 10:00:00,217
"8969",4057192912,2016-04-15 11:00:00,761
"8970",4057192912,2016-04-15 12:00:00,164
"8971",4057192912,2016-04-15 13:00:00,576
"8972",4057192912,2016-04-15 14:00:00,147
"8973",4057192912,2016-04-15 15:00:00,88
"8974",4319703577,2016-04-12 00:00:00,0
"8975",4319703577,2016-04-12 01:00:00,0
"8976",4319703577,2016-04-12 02:00:00,0
"8977",4319703577,2016-04-12 03:00:00,0
"8978",4319703577,2016-04-12 04:00:00,0
"8979",4319703577,2016-04-12 05:00:00,0
"8980",4319703577,2016-04-12 06:00:00,0
"8981",4319703577,2016-04-12 07:00:00,0
"8982",4319703577,2016-04-12 08:00:00,0
"8983",4319703577,2016-04-12 09:00:00,0
"8984",4319703577,2016-04-12 10:00:00,0
"8985",4319703577,2016-04-12 11:00:00,0
"8986",4319703577,2016-04-12 12:00:00,0
"8987",4319703577,2016-04-12 13:00:00,0
"8988",4319703577,2016-04-12 14:00:00,0
"8989",4319703577,2016-04-12 15:00:00,0
"8990",4319703577,2016-04-12 16:00:00,0
"8991",4319703577,2016-04-12 17:00:00,0
"8992",4319703577,2016-04-12 18:00:00,0
"8993",4319703577,2016-04-12 19:00:00,0
"8994",4319703577,2016-04-12 20:00:00,0
"8995",4319703577,2016-04-12 21:00:00,0
"8996",4319703577,2016-04-12 22:00:00,0
"8997",4319703577,2016-04-12 23:00:00,0
"8998",4319703577,2016-04-13 00:00:00,0
"8999",4319703577,2016-04-13 01:00:00,0
"9000",4319703577,2016-04-13 02:00:00,0
"9001",4319703577,2016-04-13 03:00:00,0
"9002",4319703577,2016-04-13 04:00:00,0
"9003",4319703577,2016-04-13 05:00:00,0
"9004",4319703577,2016-04-13 06:00:00,0
"9005",4319703577,2016-04-13 07:00:00,0
"9006",4319703577,2016-04-13 08:00:00,0
"9007",4319703577,2016-04-13 09:00:00,0
"9008",4319703577,2016-04-13 10:00:00,0
"9009",4319703577,2016-04-13 11:00:00,0
"9010",4319703577,2016-04-13 12:00:00,0
"9011",4319703577,2016-04-13 13:00:00,0
"9012",4319703577,2016-04-13 14:00:00,0
"9013",4319703577,2016-04-13 15:00:00,7
"9014",4319703577,2016-04-13 16:00:00,759
"9015",4319703577,2016-04-13 17:00:00,387
"9016",4319703577,2016-04-13 18:00:00,182
"9017",4319703577,2016-04-13 19:00:00,1808
"9018",4319703577,2016-04-13 20:00:00,72
"9019",4319703577,2016-04-13 21:00:00,0
"9020",4319703577,2016-04-13 22:00:00,404
"9021",4319703577,2016-04-13 23:00:00,0
"9022",4319703577,2016-04-14 00:00:00,0
"9023",4319703577,2016-04-14 01:00:00,0
"9024",4319703577,2016-04-14 02:00:00,0
"9025",4319703577,2016-04-14 03:00:00,0
"9026",4319703577,2016-04-14 04:00:00,9
"9027",4319703577,2016-04-14 05:00:00,19
"9028",4319703577,2016-04-14 06:00:00,0
"9029",4319703577,2016-04-14 07:00:00,0
"9030",4319703577,2016-04-14 08:00:00,166
"9031",4319703577,2016-04-14 09:00:00,346
"9032",4319703577,2016-04-14 10:00:00,1611
"9033",4319703577,2016-04-14 11:00:00,764
"9034",4319703577,2016-04-14 12:00:00,1029
"9035",4319703577,2016-04-14 13:00:00,302
"9036",4319703577,2016-04-14 14:00:00,155
"9037",4319703577,2016-04-14 15:00:00,220
"9038",4319703577,2016-04-14 16:00:00,724
"9039",4319703577,2016-04-14 17:00:00,1154
"9040",4319703577,2016-04-14 18:00:00,720
"9041",4319703577,2016-04-14 19:00:00,972
"9042",4319703577,2016-04-14 20:00:00,893
"9043",4319703577,2016-04-14 21:00:00,63
"9044",4319703577,2016-04-14 22:00:00,889
"9045",4319703577,2016-04-14 23:00:00,174
"9046",4319703577,2016-04-15 00:00:00,0
"9047",4319703577,2016-04-15 01:00:00,0
"9048",4319703577,2016-04-15 02:00:00,0
"9049",4319703577,2016-04-15 03:00:00,0
"9050",4319703577,2016-04-15 04:00:00,10
"9051",4319703577,2016-04-15 05:00:00,6
"9052",4319703577,2016-04-15 06:00:00,5
"9053",4319703577,2016-04-15 07:00:00,16
"9054",4319703577,2016-04-15 08:00:00,236
"9055",4319703577,2016-04-15 09:00:00,0
"9056",4319703577,2016-04-15 10:00:00,1954
"9057",4319703577,2016-04-15 11:00:00,257
"9058",4319703577,2016-04-15 12:00:00,428
"9059",4319703577,2016-04-15 13:00:00,73
"9060",4319703577,2016-04-15 14:00:00,614
"9061",4319703577,2016-04-15 15:00:00,187
"9062",4319703577,2016-04-15 16:00:00,159
"9063",4319703577,2016-04-15 17:00:00,4
"9064",4319703577,2016-04-15 18:00:00,357
"9065",4319703577,2016-04-15 19:00:00,691
"9066",4319703577,2016-04-15 20:00:00,126
"9067",4319703577,2016-04-15 21:00:00,327
"9068",4319703577,2016-04-15 22:00:00,164
"9069",4319703577,2016-04-15 23:00:00,50
"9070",4319703577,2016-04-16 00:00:00,67
"9071",4319703577,2016-04-16 01:00:00,0
"9072",4319703577,2016-04-16 02:00:00,0
"9073",4319703577,2016-04-16 03:00:00,11
"9074",4319703577,2016-04-16 04:00:00,0
"9075",4319703577,2016-04-16 05:00:00,0
"9076",4319703577,2016-04-16 06:00:00,10
"9077",4319703577,2016-04-16 07:00:00,0
"9078",4319703577,2016-04-16 08:00:00,0
"9079",4319703577,2016-04-16 09:00:00,419
"9080",4319703577,2016-04-16 10:00:00,724
"9081",4319703577,2016-04-16 11:00:00,873
"9082",4319703577,2016-04-16 12:00:00,749
"9083",4319703577,2016-04-16 13:00:00,446
"9084",4319703577,2016-04-16 14:00:00,263
"9085",4319703577,2016-04-16 15:00:00,1170
"9086",4319703577,2016-04-16 16:00:00,0
"9087",4319703577,2016-04-16 17:00:00,12
"9088",4319703577,2016-04-16 18:00:00,0
"9089",4319703577,2016-04-16 19:00:00,0
"9090",4319703577,2016-04-16 20:00:00,0
"9091",4319703577,2016-04-16 21:00:00,0
"9092",4319703577,2016-04-16 22:00:00,0
"9093",4319703577,2016-04-16 23:00:00,0
"9094",4319703577,2016-04-17 00:00:00,0
"9095",4319703577,2016-04-17 01:00:00,0
"9096",4319703577,2016-04-17 02:00:00,0
"9097",4319703577,2016-04-17 03:00:00,0
"9098",4319703577,2016-04-17 04:00:00,0
"9099",4319703577,2016-04-17 05:00:00,0
"9100",4319703577,2016-04-17 06:00:00,0
"9101",4319703577,2016-04-17 07:00:00,0
"9102",4319703577,2016-04-17 08:00:00,0
"9103",4319703577,2016-04-17 09:00:00,0
"9104",4319703577,2016-04-17 10:00:00,0
"9105",4319703577,2016-04-17 11:00:00,0
"9106",4319703577,2016-04-17 12:00:00,0
"9107",4319703577,2016-04-17 13:00:00,0
"9108",4319703577,2016-04-17 14:00:00,0
"9109",4319703577,2016-04-17 15:00:00,0
"9110",4319703577,2016-04-17 16:00:00,0
"9111",4319703577,2016-04-17 17:00:00,0
"9112",4319703577,2016-04-17 18:00:00,0
"9113",4319703577,2016-04-17 19:00:00,0
"9114",4319703577,2016-04-17 20:00:00,0
"9115",4319703577,2016-04-17 21:00:00,0
"9116",4319703577,2016-04-17 22:00:00,16
"9117",4319703577,2016-04-17 23:00:00,13
"9118",4319703577,2016-04-18 00:00:00,0
"9119",4319703577,2016-04-18 01:00:00,0
"9120",4319703577,2016-04-18 02:00:00,0
"9121",4319703577,2016-04-18 03:00:00,0
"9122",4319703577,2016-04-18 04:00:00,0
"9123",4319703577,2016-04-18 05:00:00,16
"9124",4319703577,2016-04-18 06:00:00,0
"9125",4319703577,2016-04-18 07:00:00,0
"9126",4319703577,2016-04-18 08:00:00,206
"9127",4319703577,2016-04-18 09:00:00,27
"9128",4319703577,2016-04-18 10:00:00,1756
"9129",4319703577,2016-04-18 11:00:00,152
"9130",4319703577,2016-04-18 12:00:00,0
"9131",4319703577,2016-04-18 13:00:00,0
"9132",4319703577,2016-04-18 14:00:00,0
"9133",4319703577,2016-04-18 15:00:00,0
"9134",4319703577,2016-04-18 16:00:00,0
"9135",4319703577,2016-04-18 17:00:00,0
"9136",4319703577,2016-04-18 18:00:00,13
"9137",4319703577,2016-04-18 19:00:00,0
"9138",4319703577,2016-04-18 20:00:00,0
"9139",4319703577,2016-04-18 21:00:00,0
"9140",4319703577,2016-04-18 22:00:00,51
"9141",4319703577,2016-04-18 23:00:00,8
"9142",4319703577,2016-04-19 00:00:00,0
"9143",4319703577,2016-04-19 01:00:00,13
"9144",4319703577,2016-04-19 02:00:00,0
"9145",4319703577,2016-04-19 03:00:00,33
"9146",4319703577,2016-04-19 04:00:00,0
"9147",4319703577,2016-04-19 05:00:00,0
"9148",4319703577,2016-04-19 06:00:00,0
"9149",4319703577,2016-04-19 07:00:00,554
"9150",4319703577,2016-04-19 08:00:00,447
"9151",4319703577,2016-04-19 09:00:00,42
"9152",4319703577,2016-04-19 10:00:00,1872
"9153",4319703577,2016-04-19 11:00:00,923
"9154",4319703577,2016-04-19 12:00:00,562
"9155",4319703577,2016-04-19 13:00:00,125
"9156",4319703577,2016-04-19 14:00:00,551
"9157",4319703577,2016-04-19 15:00:00,346
"9158",4319703577,2016-04-19 16:00:00,703
"9159",4319703577,2016-04-19 17:00:00,313
"9160",4319703577,2016-04-19 18:00:00,498
"9161",4319703577,2016-04-19 19:00:00,1332
"9162",4319703577,2016-04-19 20:00:00,254
"9163",4319703577,2016-04-19 21:00:00,63
"9164",4319703577,2016-04-19 22:00:00,294
"9165",4319703577,2016-04-19 23:00:00,0
"9166",4319703577,2016-04-20 00:00:00,0
"9167",4319703577,2016-04-20 01:00:00,0
"9168",4319703577,2016-04-20 02:00:00,7
"9169",4319703577,2016-04-20 03:00:00,0
"9170",4319703577,2016-04-20 04:00:00,0
"9171",4319703577,2016-04-20 05:00:00,0
"9172",4319703577,2016-04-20 06:00:00,8
"9173",4319703577,2016-04-20 07:00:00,580
"9174",4319703577,2016-04-20 08:00:00,93
"9175",4319703577,2016-04-20 09:00:00,443
"9176",4319703577,2016-04-20 10:00:00,1114
"9177",4319703577,2016-04-20 11:00:00,787
"9178",4319703577,2016-04-20 12:00:00,1717
"9179",4319703577,2016-04-20 13:00:00,253
"9180",4319703577,2016-04-20 14:00:00,185
"9181",4319703577,2016-04-20 15:00:00,781
"9182",4319703577,2016-04-20 16:00:00,497
"9183",4319703577,2016-04-20 17:00:00,501
"9184",4319703577,2016-04-20 18:00:00,592
"9185",4319703577,2016-04-20 19:00:00,947
"9186",4319703577,2016-04-20 20:00:00,76
"9187",4319703577,2016-04-20 21:00:00,177
"9188",4319703577,2016-04-20 22:00:00,157
"9189",4319703577,2016-04-20 23:00:00,0
"9190",4319703577,2016-04-21 00:00:00,0
"9191",4319703577,2016-04-21 01:00:00,0
"9192",4319703577,2016-04-21 02:00:00,0
"9193",4319703577,2016-04-21 03:00:00,0
"9194",4319703577,2016-04-21 04:00:00,0
"9195",4319703577,2016-04-21 05:00:00,0
"9196",4319703577,2016-04-21 06:00:00,0
"9197",4319703577,2016-04-21 07:00:00,0
"9198",4319703577,2016-04-21 08:00:00,0
"9199",4319703577,2016-04-21 09:00:00,0
"9200",4319703577,2016-04-21 10:00:00,0
"9201",4319703577,2016-04-21 11:00:00,0
"9202",4319703577,2016-04-21 12:00:00,0
"9203",4319703577,2016-04-21 13:00:00,0
"9204",4319703577,2016-04-21 14:00:00,95
"9205",4319703577,2016-04-21 15:00:00,41
"9206",4319703577,2016-04-21 16:00:00,13
"9207",4319703577,2016-04-21 17:00:00,19
"9208",4319703577,2016-04-21 18:00:00,65
"9209",4319703577,2016-04-21 19:00:00,116
"9210",4319703577,2016-04-21 20:00:00,0
"9211",4319703577,2016-04-21 21:00:00,6
"9212",4319703577,2016-04-21 22:00:00,157
"9213",4319703577,2016-04-21 23:00:00,5
"9214",4319703577,2016-04-22 00:00:00,10
"9215",4319703577,2016-04-22 01:00:00,0
"9216",4319703577,2016-04-22 02:00:00,0
"9217",4319703577,2016-04-22 03:00:00,0
"9218",4319703577,2016-04-22 04:00:00,0
"9219",4319703577,2016-04-22 05:00:00,18
"9220",4319703577,2016-04-22 06:00:00,0
"9221",4319703577,2016-04-22 07:00:00,10
"9222",4319703577,2016-04-22 08:00:00,1479
"9223",4319703577,2016-04-22 09:00:00,115
"9224",4319703577,2016-04-22 10:00:00,4
"9225",4319703577,2016-04-22 11:00:00,477
"9226",4319703577,2016-04-22 12:00:00,374
"9227",4319703577,2016-04-22 13:00:00,81
"9228",4319703577,2016-04-22 14:00:00,102
"9229",4319703577,2016-04-22 15:00:00,110
"9230",4319703577,2016-04-22 16:00:00,542
"9231",4319703577,2016-04-22 17:00:00,222
"9232",4319703577,2016-04-22 18:00:00,234
"9233",4319703577,2016-04-22 19:00:00,107
"9234",4319703577,2016-04-22 20:00:00,120
"9235",4319703577,2016-04-22 21:00:00,209
"9236",4319703577,2016-04-22 22:00:00,286
"9237",4319703577,2016-04-22 23:00:00,0
"9238",4319703577,2016-04-23 00:00:00,10
"9239",4319703577,2016-04-23 01:00:00,0
"9240",4319703577,2016-04-23 02:00:00,0
"9241",4319703577,2016-04-23 03:00:00,0
"9242",4319703577,2016-04-23 04:00:00,5
"9243",4319703577,2016-04-23 05:00:00,5
"9244",4319703577,2016-04-23 06:00:00,9
"9245",4319703577,2016-04-23 07:00:00,0
"9246",4319703577,2016-04-23 08:00:00,0
"9247",4319703577,2016-04-23 09:00:00,0
"9248",4319703577,2016-04-23 10:00:00,9
"9249",4319703577,2016-04-23 11:00:00,18
"9250",4319703577,2016-04-23 12:00:00,1067
"9251",4319703577,2016-04-23 13:00:00,276
"9252",4319703577,2016-04-23 14:00:00,106
"9253",4319703577,2016-04-23 15:00:00,344
"9254",4319703577,2016-04-23 16:00:00,850
"9255",4319703577,2016-04-23 17:00:00,856
"9256",4319703577,2016-04-23 18:00:00,178
"9257",4319703577,2016-04-23 19:00:00,375
"9258",4319703577,2016-04-23 20:00:00,206
"9259",4319703577,2016-04-23 21:00:00,252
"9260",4319703577,2016-04-23 22:00:00,53
"9261",4319703577,2016-04-23 23:00:00,316
"9262",4319703577,2016-04-24 00:00:00,0
"9263",4319703577,2016-04-24 01:00:00,0
"9264",4319703577,2016-04-24 02:00:00,0
"9265",4319703577,2016-04-24 03:00:00,68
"9266",4319703577,2016-04-24 04:00:00,0
"9267",4319703577,2016-04-24 05:00:00,0
"9268",4319703577,2016-04-24 06:00:00,12
"9269",4319703577,2016-04-24 07:00:00,0
"9270",4319703577,2016-04-24 08:00:00,171
"9271",4319703577,2016-04-24 09:00:00,646
"9272",4319703577,2016-04-24 10:00:00,31
"9273",4319703577,2016-04-24 11:00:00,103
"9274",4319703577,2016-04-24 12:00:00,207
"9275",4319703577,2016-04-24 13:00:00,626
"9276",4319703577,2016-04-24 14:00:00,748
"9277",4319703577,2016-04-24 15:00:00,218
"9278",4319703577,2016-04-24 16:00:00,122
"9279",4319703577,2016-04-24 17:00:00,185
"9280",4319703577,2016-04-24 18:00:00,209
"9281",4319703577,2016-04-24 19:00:00,120
"9282",4319703577,2016-04-24 20:00:00,86
"9283",4319703577,2016-04-24 21:00:00,137
"9284",4319703577,2016-04-24 22:00:00,384
"9285",4319703577,2016-04-24 23:00:00,8
"9286",4319703577,2016-04-25 00:00:00,0
"9287",4319703577,2016-04-25 01:00:00,0
"9288",4319703577,2016-04-25 02:00:00,10
"9289",4319703577,2016-04-25 03:00:00,0
"9290",4319703577,2016-04-25 04:00:00,27
"9291",4319703577,2016-04-25 05:00:00,0
"9292",4319703577,2016-04-25 06:00:00,0
"9293",4319703577,2016-04-25 07:00:00,61
"9294",4319703577,2016-04-25 08:00:00,287
"9295",4319703577,2016-04-25 09:00:00,53
"9296",4319703577,2016-04-25 10:00:00,1839
"9297",4319703577,2016-04-25 11:00:00,696
"9298",4319703577,2016-04-25 12:00:00,676
"9299",4319703577,2016-04-25 13:00:00,453
"9300",4319703577,2016-04-25 14:00:00,1105
"9301",4319703577,2016-04-25 15:00:00,352
"9302",4319703577,2016-04-25 16:00:00,362
"9303",4319703577,2016-04-25 17:00:00,946
"9304",4319703577,2016-04-25 18:00:00,1014
"9305",4319703577,2016-04-25 19:00:00,900
"9306",4319703577,2016-04-25 20:00:00,49
"9307",4319703577,2016-04-25 21:00:00,47
"9308",4319703577,2016-04-25 22:00:00,306
"9309",4319703577,2016-04-25 23:00:00,76
"9310",4319703577,2016-04-26 00:00:00,0
"9311",4319703577,2016-04-26 01:00:00,0
"9312",4319703577,2016-04-26 02:00:00,0
"9313",4319703577,2016-04-26 03:00:00,0
"9314",4319703577,2016-04-26 04:00:00,0
"9315",4319703577,2016-04-26 05:00:00,0
"9316",4319703577,2016-04-26 06:00:00,0
"9317",4319703577,2016-04-26 07:00:00,47
"9318",4319703577,2016-04-26 08:00:00,1197
"9319",4319703577,2016-04-26 09:00:00,0
"9320",4319703577,2016-04-26 10:00:00,1826
"9321",4319703577,2016-04-26 11:00:00,669
"9322",4319703577,2016-04-26 12:00:00,1049
"9323",4319703577,2016-04-26 13:00:00,349
"9324",4319703577,2016-04-26 14:00:00,323
"9325",4319703577,2016-04-26 15:00:00,501
"9326",4319703577,2016-04-26 16:00:00,273
"9327",4319703577,2016-04-26 17:00:00,704
"9328",4319703577,2016-04-26 18:00:00,564
"9329",4319703577,2016-04-26 19:00:00,2273
"9330",4319703577,2016-04-26 20:00:00,117
"9331",4319703577,2016-04-26 21:00:00,0
"9332",4319703577,2016-04-26 22:00:00,7
"9333",4319703577,2016-04-26 23:00:00,0
"9334",4319703577,2016-04-27 00:00:00,0
"9335",4319703577,2016-04-27 01:00:00,0
"9336",4319703577,2016-04-27 02:00:00,10
"9337",4319703577,2016-04-27 03:00:00,0
"9338",4319703577,2016-04-27 04:00:00,18
"9339",4319703577,2016-04-27 05:00:00,8
"9340",4319703577,2016-04-27 06:00:00,0
"9341",4319703577,2016-04-27 07:00:00,55
"9342",4319703577,2016-04-27 08:00:00,1072
"9343",4319703577,2016-04-27 09:00:00,45
"9344",4319703577,2016-04-27 10:00:00,1971
"9345",4319703577,2016-04-27 11:00:00,683
"9346",4319703577,2016-04-27 12:00:00,2445
"9347",4319703577,2016-04-27 13:00:00,276
"9348",4319703577,2016-04-27 14:00:00,1267
"9349",4319703577,2016-04-27 15:00:00,585
"9350",4319703577,2016-04-27 16:00:00,290
"9351",4319703577,2016-04-27 17:00:00,304
"9352",4319703577,2016-04-27 18:00:00,488
"9353",4319703577,2016-04-27 19:00:00,971
"9354",4319703577,2016-04-27 20:00:00,136
"9355",4319703577,2016-04-27 21:00:00,102
"9356",4319703577,2016-04-27 22:00:00,54
"9357",4319703577,2016-04-27 23:00:00,0
"9358",4319703577,2016-04-28 00:00:00,0
"9359",4319703577,2016-04-28 01:00:00,6
"9360",4319703577,2016-04-28 02:00:00,0
"9361",4319703577,2016-04-28 03:00:00,0
"9362",4319703577,2016-04-28 04:00:00,64
"9363",4319703577,2016-04-28 05:00:00,0
"9364",4319703577,2016-04-28 06:00:00,0
"9365",4319703577,2016-04-28 07:00:00,466
"9366",4319703577,2016-04-28 08:00:00,632
"9367",4319703577,2016-04-28 09:00:00,289
"9368",4319703577,2016-04-28 10:00:00,1155
"9369",4319703577,2016-04-28 11:00:00,941
"9370",4319703577,2016-04-28 12:00:00,976
"9371",4319703577,2016-04-28 13:00:00,319
"9372",4319703577,2016-04-28 14:00:00,513
"9373",4319703577,2016-04-28 15:00:00,287
"9374",4319703577,2016-04-28 16:00:00,603
"9375",4319703577,2016-04-28 17:00:00,877
"9376",4319703577,2016-04-28 18:00:00,1143
"9377",4319703577,2016-04-28 19:00:00,815
"9378",4319703577,2016-04-28 20:00:00,1360
"9379",4319703577,2016-04-28 21:00:00,37
"9380",4319703577,2016-04-28 22:00:00,301
"9381",4319703577,2016-04-28 23:00:00,26
"9382",4319703577,2016-04-29 00:00:00,48
"9383",4319703577,2016-04-29 01:00:00,7
"9384",4319703577,2016-04-29 02:00:00,0
"9385",4319703577,2016-04-29 03:00:00,7
"9386",4319703577,2016-04-29 04:00:00,0
"9387",4319703577,2016-04-29 05:00:00,4
"9388",4319703577,2016-04-29 06:00:00,0
"9389",4319703577,2016-04-29 07:00:00,16
"9390",4319703577,2016-04-29 08:00:00,155
"9391",4319703577,2016-04-29 09:00:00,256
"9392",4319703577,2016-04-29 10:00:00,1604
"9393",4319703577,2016-04-29 11:00:00,786
"9394",4319703577,2016-04-29 12:00:00,401
"9395",4319703577,2016-04-29 13:00:00,671
"9396",4319703577,2016-04-29 14:00:00,349
"9397",4319703577,2016-04-29 15:00:00,474
"9398",4319703577,2016-04-29 16:00:00,877
"9399",4319703577,2016-04-29 17:00:00,239
"9400",4319703577,2016-04-29 18:00:00,548
"9401",4319703577,2016-04-29 19:00:00,1033
"9402",4319703577,2016-04-29 20:00:00,257
"9403",4319703577,2016-04-29 21:00:00,0
"9404",4319703577,2016-04-29 22:00:00,80
"9405",4319703577,2016-04-29 23:00:00,178
"9406",4319703577,2016-04-30 00:00:00,0
"9407",4319703577,2016-04-30 01:00:00,0
"9408",4319703577,2016-04-30 02:00:00,7
"9409",4319703577,2016-04-30 03:00:00,24
"9410",4319703577,2016-04-30 04:00:00,0
"9411",4319703577,2016-04-30 05:00:00,0
"9412",4319703577,2016-04-30 06:00:00,0
"9413",4319703577,2016-04-30 07:00:00,38
"9414",4319703577,2016-04-30 08:00:00,58
"9415",4319703577,2016-04-30 09:00:00,0
"9416",4319703577,2016-04-30 10:00:00,106
"9417",4319703577,2016-04-30 11:00:00,340
"9418",4319703577,2016-04-30 12:00:00,1058
"9419",4319703577,2016-04-30 13:00:00,1233
"9420",4319703577,2016-04-30 14:00:00,1191
"9421",4319703577,2016-04-30 15:00:00,316
"9422",4319703577,2016-04-30 16:00:00,495
"9423",4319703577,2016-04-30 17:00:00,371
"9424",4319703577,2016-04-30 18:00:00,99
"9425",4319703577,2016-04-30 19:00:00,318
"9426",4319703577,2016-04-30 20:00:00,1661
"9427",4319703577,2016-04-30 21:00:00,646
"9428",4319703577,2016-04-30 22:00:00,27
"9429",4319703577,2016-04-30 23:00:00,233
"9430",4319703577,2016-05-01 00:00:00,0
"9431",4319703577,2016-05-01 01:00:00,0
"9432",4319703577,2016-05-01 02:00:00,0
"9433",4319703577,2016-05-01 03:00:00,6
"9434",4319703577,2016-05-01 04:00:00,0
"9435",4319703577,2016-05-01 05:00:00,0
"9436",4319703577,2016-05-01 06:00:00,0
"9437",4319703577,2016-05-01 07:00:00,35
"9438",4319703577,2016-05-01 08:00:00,94
"9439",4319703577,2016-05-01 09:00:00,162
"9440",4319703577,2016-05-01 10:00:00,88
"9441",4319703577,2016-05-01 11:00:00,84
"9442",4319703577,2016-05-01 12:00:00,0
"9443",4319703577,2016-05-01 13:00:00,0
"9444",4319703577,2016-05-01 14:00:00,0
"9445",4319703577,2016-05-01 15:00:00,0
"9446",4319703577,2016-05-01 16:00:00,0
"9447",4319703577,2016-05-01 17:00:00,0
"9448",4319703577,2016-05-01 18:00:00,0
"9449",4319703577,2016-05-01 19:00:00,0
"9450",4319703577,2016-05-01 20:00:00,127
"9451",4319703577,2016-05-01 21:00:00,27
"9452",4319703577,2016-05-01 22:00:00,628
"9453",4319703577,2016-05-01 23:00:00,0
"9454",4319703577,2016-05-02 00:00:00,10
"9455",4319703577,2016-05-02 01:00:00,19
"9456",4319703577,2016-05-02 02:00:00,0
"9457",4319703577,2016-05-02 03:00:00,0
"9458",4319703577,2016-05-02 04:00:00,29
"9459",4319703577,2016-05-02 05:00:00,4
"9460",4319703577,2016-05-02 06:00:00,0
"9461",4319703577,2016-05-02 07:00:00,135
"9462",4319703577,2016-05-02 08:00:00,26
"9463",4319703577,2016-05-02 09:00:00,159
"9464",4319703577,2016-05-02 10:00:00,1722
"9465",4319703577,2016-05-02 11:00:00,871
"9466",4319703577,2016-05-02 12:00:00,541
"9467",4319703577,2016-05-02 13:00:00,334
"9468",4319703577,2016-05-02 14:00:00,529
"9469",4319703577,2016-05-02 15:00:00,522
"9470",4319703577,2016-05-02 16:00:00,1085
"9471",4319703577,2016-05-02 17:00:00,589
"9472",4319703577,2016-05-02 18:00:00,745
"9473",4319703577,2016-05-02 19:00:00,529
"9474",4319703577,2016-05-02 20:00:00,506
"9475",4319703577,2016-05-02 21:00:00,556
"9476",4319703577,2016-05-02 22:00:00,204
"9477",4319703577,2016-05-02 23:00:00,6
"9478",4319703577,2016-05-03 00:00:00,0
"9479",4319703577,2016-05-03 01:00:00,6
"9480",4319703577,2016-05-03 02:00:00,15
"9481",4319703577,2016-05-03 03:00:00,0
"9482",4319703577,2016-05-03 04:00:00,9
"9483",4319703577,2016-05-03 05:00:00,0
"9484",4319703577,2016-05-03 06:00:00,5
"9485",4319703577,2016-05-03 07:00:00,149
"9486",4319703577,2016-05-03 08:00:00,115
"9487",4319703577,2016-05-03 09:00:00,100
"9488",4319703577,2016-05-03 10:00:00,1984
"9489",4319703577,2016-05-03 11:00:00,1353
"9490",4319703577,2016-05-03 12:00:00,1146
"9491",4319703577,2016-05-03 13:00:00,69
"9492",4319703577,2016-05-03 14:00:00,708
"9493",4319703577,2016-05-03 15:00:00,308
"9494",4319703577,2016-05-03 16:00:00,669
"9495",4319703577,2016-05-03 17:00:00,637
"9496",4319703577,2016-05-03 18:00:00,646
"9497",4319703577,2016-05-03 19:00:00,1170
"9498",4319703577,2016-05-03 20:00:00,115
"9499",4319703577,2016-05-03 21:00:00,149
"9500",4319703577,2016-05-03 22:00:00,295
"9501",4319703577,2016-05-03 23:00:00,0
"9502",4319703577,2016-05-04 00:00:00,0
"9503",4319703577,2016-05-04 01:00:00,0
"9504",4319703577,2016-05-04 02:00:00,0
"9505",4319703577,2016-05-04 03:00:00,0
"9506",4319703577,2016-05-04 04:00:00,0
"9507",4319703577,2016-05-04 05:00:00,0
"9508",4319703577,2016-05-04 06:00:00,0
"9509",4319703577,2016-05-04 07:00:00,10
"9510",4319703577,2016-05-04 08:00:00,212
"9511",4319703577,2016-05-04 09:00:00,230
"9512",4319703577,2016-05-04 10:00:00,1778
"9513",4319703577,2016-05-04 11:00:00,969
"9514",4319703577,2016-05-04 12:00:00,1624
"9515",4319703577,2016-05-04 13:00:00,942
"9516",4319703577,2016-05-04 14:00:00,867
"9517",4319703577,2016-05-04 15:00:00,913
"9518",4319703577,2016-05-04 16:00:00,86
"9519",4319703577,2016-05-04 17:00:00,238
"9520",4319703577,2016-05-04 18:00:00,570
"9521",4319703577,2016-05-04 19:00:00,1622
"9522",4319703577,2016-05-04 20:00:00,306
"9523",4319703577,2016-05-04 21:00:00,45
"9524",4319703577,2016-05-04 22:00:00,17
"9525",4319703577,2016-05-04 23:00:00,0
"9526",4319703577,2016-05-05 00:00:00,0
"9527",4319703577,2016-05-05 01:00:00,0
"9528",4319703577,2016-05-05 02:00:00,0
"9529",4319703577,2016-05-05 03:00:00,0
"9530",4319703577,2016-05-05 04:00:00,0
"9531",4319703577,2016-05-05 05:00:00,1950
"9532",4319703577,2016-05-05 06:00:00,3547
"9533",4319703577,2016-05-05 07:00:00,330
"9534",4319703577,2016-05-05 08:00:00,74
"9535",4319703577,2016-05-05 09:00:00,165
"9536",4319703577,2016-05-05 10:00:00,1517
"9537",4319703577,2016-05-05 11:00:00,878
"9538",4319703577,2016-05-05 12:00:00,781
"9539",4319703577,2016-05-05 13:00:00,307
"9540",4319703577,2016-05-05 14:00:00,546
"9541",4319703577,2016-05-05 15:00:00,432
"9542",4319703577,2016-05-05 16:00:00,189
"9543",4319703577,2016-05-05 17:00:00,152
"9544",4319703577,2016-05-05 18:00:00,686
"9545",4319703577,2016-05-05 19:00:00,1178
"9546",4319703577,2016-05-05 20:00:00,702
"9547",4319703577,2016-05-05 21:00:00,80
"9548",4319703577,2016-05-05 22:00:00,144
"9549",4319703577,2016-05-05 23:00:00,0
"9550",4319703577,2016-05-06 00:00:00,39
"9551",4319703577,2016-05-06 01:00:00,8
"9552",4319703577,2016-05-06 02:00:00,8
"9553",4319703577,2016-05-06 03:00:00,16
"9554",4319703577,2016-05-06 04:00:00,6
"9555",4319703577,2016-05-06 05:00:00,0
"9556",4319703577,2016-05-06 06:00:00,51
"9557",4319703577,2016-05-06 07:00:00,1279
"9558",4319703577,2016-05-06 08:00:00,41
"9559",4319703577,2016-05-06 09:00:00,237
"9560",4319703577,2016-05-06 10:00:00,33
"9561",4319703577,2016-05-06 11:00:00,1384
"9562",4319703577,2016-05-06 12:00:00,61
"9563",4319703577,2016-05-06 13:00:00,636
"9564",4319703577,2016-05-06 14:00:00,55
"9565",4319703577,2016-05-06 15:00:00,639
"9566",4319703577,2016-05-06 16:00:00,597
"9567",4319703577,2016-05-06 17:00:00,401
"9568",4319703577,2016-05-06 18:00:00,372
"9569",4319703577,2016-05-06 19:00:00,2033
"9570",4319703577,2016-05-06 20:00:00,1022
"9571",4319703577,2016-05-06 21:00:00,249
"9572",4319703577,2016-05-06 22:00:00,44
"9573",4319703577,2016-05-06 23:00:00,215
"9574",4319703577,2016-05-07 00:00:00,0
"9575",4319703577,2016-05-07 01:00:00,10
"9576",4319703577,2016-05-07 02:00:00,0
"9577",4319703577,2016-05-07 03:00:00,6
"9578",4319703577,2016-05-07 04:00:00,0
"9579",4319703577,2016-05-07 05:00:00,6
"9580",4319703577,2016-05-07 06:00:00,11
"9581",4319703577,2016-05-07 07:00:00,0
"9582",4319703577,2016-05-07 08:00:00,73
"9583",4319703577,2016-05-07 09:00:00,1278
"9584",4319703577,2016-05-07 10:00:00,59
"9585",4319703577,2016-05-07 11:00:00,404
"9586",4319703577,2016-05-07 12:00:00,381
"9587",4319703577,2016-05-07 13:00:00,1390
"9588",4319703577,2016-05-07 14:00:00,412
"9589",4319703577,2016-05-07 15:00:00,278
"9590",4319703577,2016-05-07 16:00:00,337
"9591",4319703577,2016-05-07 17:00:00,640
"9592",4319703577,2016-05-07 18:00:00,1045
"9593",4319703577,2016-05-07 19:00:00,879
"9594",4319703577,2016-05-07 20:00:00,225
"9595",4319703577,2016-05-07 21:00:00,131
"9596",4319703577,2016-05-07 22:00:00,263
"9597",4319703577,2016-05-07 23:00:00,109
"9598",4319703577,2016-05-08 00:00:00,0
"9599",4319703577,2016-05-08 01:00:00,0
"9600",4319703577,2016-05-08 02:00:00,0
"9601",4319703577,2016-05-08 03:00:00,0
"9602",4319703577,2016-05-08 04:00:00,0
"9603",4319703577,2016-05-08 05:00:00,13
"9604",4319703577,2016-05-08 06:00:00,0
"9605",4319703577,2016-05-08 07:00:00,0
"9606",4319703577,2016-05-08 08:00:00,0
"9607",4319703577,2016-05-08 09:00:00,6
"9608",4319703577,2016-05-08 10:00:00,187
"9609",4319703577,2016-05-08 11:00:00,125
"9610",4319703577,2016-05-08 12:00:00,626
"9611",4319703577,2016-05-08 13:00:00,702
"9612",4319703577,2016-05-08 14:00:00,952
"9613",4319703577,2016-05-08 15:00:00,461
"9614",4319703577,2016-05-08 16:00:00,48
"9615",4319703577,2016-05-08 17:00:00,0
"9616",4319703577,2016-05-08 18:00:00,0
"9617",4319703577,2016-05-08 19:00:00,0
"9618",4319703577,2016-05-08 20:00:00,224
"9619",4319703577,2016-05-08 21:00:00,46
"9620",4319703577,2016-05-08 22:00:00,282
"9621",4319703577,2016-05-08 23:00:00,0
"9622",4319703577,2016-05-09 00:00:00,16
"9623",4319703577,2016-05-09 01:00:00,17
"9624",4319703577,2016-05-09 02:00:00,0
"9625",4319703577,2016-05-09 03:00:00,16
"9626",4319703577,2016-05-09 04:00:00,22
"9627",4319703577,2016-05-09 05:00:00,0
"9628",4319703577,2016-05-09 06:00:00,8
"9629",4319703577,2016-05-09 07:00:00,0
"9630",4319703577,2016-05-09 08:00:00,195
"9631",4319703577,2016-05-09 09:00:00,70
"9632",4319703577,2016-05-09 10:00:00,1720
"9633",4319703577,2016-05-09 11:00:00,842
"9634",4319703577,2016-05-09 12:00:00,513
"9635",4319703577,2016-05-09 13:00:00,331
"9636",4319703577,2016-05-09 14:00:00,577
"9637",4319703577,2016-05-09 15:00:00,411
"9638",4319703577,2016-05-09 16:00:00,291
"9639",4319703577,2016-05-09 17:00:00,1218
"9640",4319703577,2016-05-09 18:00:00,1046
"9641",4319703577,2016-05-09 19:00:00,1993
"9642",4319703577,2016-05-09 20:00:00,745
"9643",4319703577,2016-05-09 21:00:00,107
"9644",4319703577,2016-05-09 22:00:00,211
"9645",4319703577,2016-05-09 23:00:00,13
"9646",4319703577,2016-05-10 00:00:00,6
"9647",4319703577,2016-05-10 01:00:00,0
"9648",4319703577,2016-05-10 02:00:00,0
"9649",4319703577,2016-05-10 03:00:00,6
"9650",4319703577,2016-05-10 04:00:00,0
"9651",4319703577,2016-05-10 05:00:00,8
"9652",4319703577,2016-05-10 06:00:00,6
"9653",4319703577,2016-05-10 07:00:00,151
"9654",4319703577,2016-05-10 08:00:00,25
"9655",4319703577,2016-05-10 09:00:00,170
"9656",4319703577,2016-05-10 10:00:00,1669
"9657",4319703577,2016-05-10 11:00:00,536
"9658",4319703577,2016-05-10 12:00:00,930
"9659",4319703577,2016-05-10 13:00:00,990
"9660",4319703577,2016-05-10 14:00:00,824
"9661",4319703577,2016-05-10 15:00:00,958
"9662",4319703577,2016-05-10 16:00:00,288
"9663",4319703577,2016-05-10 17:00:00,173
"9664",4319703577,2016-05-10 18:00:00,1092
"9665",4319703577,2016-05-10 19:00:00,1156
"9666",4319703577,2016-05-10 20:00:00,154
"9667",4319703577,2016-05-10 21:00:00,140
"9668",4319703577,2016-05-10 22:00:00,205
"9669",4319703577,2016-05-10 23:00:00,0
"9670",4319703577,2016-05-11 00:00:00,0
"9671",4319703577,2016-05-11 01:00:00,12
"9672",4319703577,2016-05-11 02:00:00,0
"9673",4319703577,2016-05-11 03:00:00,0
"9674",4319703577,2016-05-11 04:00:00,0
"9675",4319703577,2016-05-11 05:00:00,0
"9676",4319703577,2016-05-11 06:00:00,0
"9677",4319703577,2016-05-11 07:00:00,0
"9678",4319703577,2016-05-11 08:00:00,258
"9679",4319703577,2016-05-11 09:00:00,49
"9680",4319703577,2016-05-11 10:00:00,1735
"9681",4319703577,2016-05-11 11:00:00,734
"9682",4319703577,2016-05-11 12:00:00,1037
"9683",4319703577,2016-05-11 13:00:00,398
"9684",4319703577,2016-05-11 14:00:00,597
"9685",4319703577,2016-05-11 15:00:00,715
"9686",4319703577,2016-05-11 16:00:00,793
"9687",4319703577,2016-05-11 17:00:00,269
"9688",4319703577,2016-05-11 18:00:00,430
"9689",4319703577,2016-05-11 19:00:00,1613
"9690",4319703577,2016-05-11 20:00:00,262
"9691",4319703577,2016-05-11 21:00:00,80
"9692",4319703577,2016-05-11 22:00:00,147
"9693",4319703577,2016-05-11 23:00:00,0
"9694",4319703577,2016-05-12 00:00:00,0
"9695",4319703577,2016-05-12 01:00:00,0
"9696",4319703577,2016-05-12 02:00:00,10
"9697",4319703577,2016-05-12 03:00:00,7
"9698",4388161847,2016-04-12 00:00:00,0
"9699",4388161847,2016-04-12 01:00:00,0
"9700",4388161847,2016-04-12 02:00:00,0
"9701",4388161847,2016-04-12 03:00:00,0
"9702",4388161847,2016-04-12 04:00:00,0
"9703",4388161847,2016-04-12 05:00:00,0
"9704",4388161847,2016-04-12 06:00:00,0
"9705",4388161847,2016-04-12 07:00:00,0
"9706",4388161847,2016-04-12 08:00:00,0
"9707",4388161847,2016-04-12 09:00:00,0
"9708",4388161847,2016-04-12 10:00:00,0
"9709",4388161847,2016-04-12 11:00:00,0
"9710",4388161847,2016-04-12 12:00:00,0
"9711",4388161847,2016-04-12 13:00:00,0
"9712",4388161847,2016-04-12 14:00:00,0
"9713",4388161847,2016-04-12 15:00:00,0
"9714",4388161847,2016-04-12 16:00:00,0
"9715",4388161847,2016-04-12 17:00:00,0
"9716",4388161847,2016-04-12 18:00:00,0
"9717",4388161847,2016-04-12 19:00:00,0
"9718",4388161847,2016-04-12 20:00:00,0
"9719",4388161847,2016-04-12 21:00:00,0
"9720",4388161847,2016-04-12 22:00:00,0
"9721",4388161847,2016-04-12 23:00:00,0
"9722",4388161847,2016-04-13 00:00:00,0
"9723",4388161847,2016-04-13 01:00:00,0
"9724",4388161847,2016-04-13 02:00:00,0
"9725",4388161847,2016-04-13 03:00:00,0
"9726",4388161847,2016-04-13 04:00:00,0
"9727",4388161847,2016-04-13 05:00:00,0
"9728",4388161847,2016-04-13 06:00:00,0
"9729",4388161847,2016-04-13 07:00:00,0
"9730",4388161847,2016-04-13 08:00:00,0
"9731",4388161847,2016-04-13 09:00:00,0
"9732",4388161847,2016-04-13 10:00:00,0
"9733",4388161847,2016-04-13 11:00:00,0
"9734",4388161847,2016-04-13 12:00:00,0
"9735",4388161847,2016-04-13 13:00:00,0
"9736",4388161847,2016-04-13 14:00:00,28
"9737",4388161847,2016-04-13 15:00:00,410
"9738",4388161847,2016-04-13 16:00:00,1100
"9739",4388161847,2016-04-13 17:00:00,629
"9740",4388161847,2016-04-13 18:00:00,1508
"9741",4388161847,2016-04-13 19:00:00,2118
"9742",4388161847,2016-04-13 20:00:00,145
"9743",4388161847,2016-04-13 21:00:00,0
"9744",4388161847,2016-04-13 22:00:00,0
"9745",4388161847,2016-04-13 23:00:00,0
"9746",4388161847,2016-04-14 00:00:00,0
"9747",4388161847,2016-04-14 01:00:00,0
"9748",4388161847,2016-04-14 02:00:00,0
"9749",4388161847,2016-04-14 03:00:00,0
"9750",4388161847,2016-04-14 04:00:00,11
"9751",4388161847,2016-04-14 05:00:00,352
"9752",4388161847,2016-04-14 06:00:00,1134
"9753",4388161847,2016-04-14 07:00:00,157
"9754",4388161847,2016-04-14 08:00:00,252
"9755",4388161847,2016-04-14 09:00:00,413
"9756",4388161847,2016-04-14 10:00:00,590
"9757",4388161847,2016-04-14 11:00:00,434
"9758",4388161847,2016-04-14 12:00:00,187
"9759",4388161847,2016-04-14 13:00:00,268
"9760",4388161847,2016-04-14 14:00:00,76
"9761",4388161847,2016-04-14 15:00:00,475
"9762",4388161847,2016-04-14 16:00:00,931
"9763",4388161847,2016-04-14 17:00:00,2321
"9764",4388161847,2016-04-14 18:00:00,284
"9765",4388161847,2016-04-14 19:00:00,875
"9766",4388161847,2016-04-14 20:00:00,52
"9767",4388161847,2016-04-14 21:00:00,36
"9768",4388161847,2016-04-14 22:00:00,15
"9769",4388161847,2016-04-14 23:00:00,0
"9770",4388161847,2016-04-15 00:00:00,0
"9771",4388161847,2016-04-15 01:00:00,0
"9772",4388161847,2016-04-15 02:00:00,0
"9773",4388161847,2016-04-15 03:00:00,13
"9774",4388161847,2016-04-15 04:00:00,83
"9775",4388161847,2016-04-15 05:00:00,879
"9776",4388161847,2016-04-15 06:00:00,1664
"9777",4388161847,2016-04-15 07:00:00,150
"9778",4388161847,2016-04-15 08:00:00,376
"9779",4388161847,2016-04-15 09:00:00,92
"9780",4388161847,2016-04-15 10:00:00,701
"9781",4388161847,2016-04-15 11:00:00,399
"9782",4388161847,2016-04-15 12:00:00,88
"9783",4388161847,2016-04-15 13:00:00,193
"9784",4388161847,2016-04-15 14:00:00,117
"9785",4388161847,2016-04-15 15:00:00,452
"9786",4388161847,2016-04-15 16:00:00,1100
"9787",4388161847,2016-04-15 17:00:00,430
"9788",4388161847,2016-04-15 18:00:00,510
"9789",4388161847,2016-04-15 19:00:00,261
"9790",4388161847,2016-04-15 20:00:00,110
"9791",4388161847,2016-04-15 21:00:00,360
"9792",4388161847,2016-04-15 22:00:00,387
"9793",4388161847,2016-04-15 23:00:00,393
"9794",4388161847,2016-04-16 00:00:00,0
"9795",4388161847,2016-04-16 01:00:00,0
"9796",4388161847,2016-04-16 02:00:00,0
"9797",4388161847,2016-04-16 03:00:00,0
"9798",4388161847,2016-04-16 04:00:00,17
"9799",4388161847,2016-04-16 05:00:00,0
"9800",4388161847,2016-04-16 06:00:00,261
"9801",4388161847,2016-04-16 07:00:00,92
"9802",4388161847,2016-04-16 08:00:00,1309
"9803",4388161847,2016-04-16 09:00:00,817
"9804",4388161847,2016-04-16 10:00:00,190
"9805",4388161847,2016-04-16 11:00:00,434
"9806",4388161847,2016-04-16 12:00:00,185
"9807",4388161847,2016-04-16 13:00:00,737
"9808",4388161847,2016-04-16 14:00:00,917
"9809",4388161847,2016-04-16 15:00:00,383
"9810",4388161847,2016-04-16 16:00:00,107
"9811",4388161847,2016-04-16 17:00:00,96
"9812",4388161847,2016-04-16 18:00:00,526
"9813",4388161847,2016-04-16 19:00:00,162
"9814",4388161847,2016-04-16 20:00:00,62
"9815",4388161847,2016-04-16 21:00:00,273
"9816",4388161847,2016-04-16 22:00:00,12
"9817",4388161847,2016-04-16 23:00:00,0
"9818",4388161847,2016-04-17 00:00:00,0
"9819",4388161847,2016-04-17 01:00:00,0
"9820",4388161847,2016-04-17 02:00:00,11
"9821",4388161847,2016-04-17 03:00:00,0
"9822",4388161847,2016-04-17 04:00:00,0
"9823",4388161847,2016-04-17 05:00:00,7
"9824",4388161847,2016-04-17 06:00:00,313
"9825",4388161847,2016-04-17 07:00:00,35
"9826",4388161847,2016-04-17 08:00:00,386
"9827",4388161847,2016-04-17 09:00:00,735
"9828",4388161847,2016-04-17 10:00:00,296
"9829",4388161847,2016-04-17 11:00:00,141
"9830",4388161847,2016-04-17 12:00:00,550
"9831",4388161847,2016-04-17 13:00:00,51
"9832",4388161847,2016-04-17 14:00:00,7
"9833",4388161847,2016-04-17 15:00:00,117
"9834",4388161847,2016-04-17 16:00:00,251
"9835",4388161847,2016-04-17 17:00:00,324
"9836",4388161847,2016-04-17 18:00:00,661
"9837",4388161847,2016-04-17 19:00:00,160
"9838",4388161847,2016-04-17 20:00:00,398
"9839",4388161847,2016-04-17 21:00:00,52
"9840",4388161847,2016-04-17 22:00:00,165
"9841",4388161847,2016-04-17 23:00:00,0
"9842",4388161847,2016-04-18 00:00:00,0
"9843",4388161847,2016-04-18 01:00:00,0
"9844",4388161847,2016-04-18 02:00:00,0
"9845",4388161847,2016-04-18 03:00:00,0
"9846",4388161847,2016-04-18 04:00:00,0
"9847",4388161847,2016-04-18 05:00:00,0
"9848",4388161847,2016-04-18 06:00:00,195
"9849",4388161847,2016-04-18 07:00:00,654
"9850",4388161847,2016-04-18 08:00:00,200
"9851",4388161847,2016-04-18 09:00:00,193
"9852",4388161847,2016-04-18 10:00:00,495
"9853",4388161847,2016-04-18 11:00:00,228
"9854",4388161847,2016-04-18 12:00:00,232
"9855",4388161847,2016-04-18 13:00:00,315
"9856",4388161847,2016-04-18 14:00:00,169
"9857",4388161847,2016-04-18 15:00:00,291
"9858",4388161847,2016-04-18 16:00:00,3253
"9859",4388161847,2016-04-18 17:00:00,1914
"9860",4388161847,2016-04-18 18:00:00,871
"9861",4388161847,2016-04-18 19:00:00,558
"9862",4388161847,2016-04-18 20:00:00,1387
"9863",4388161847,2016-04-18 21:00:00,25
"9864",4388161847,2016-04-18 22:00:00,11
"9865",4388161847,2016-04-18 23:00:00,18
"9866",4388161847,2016-04-19 00:00:00,0
"9867",4388161847,2016-04-19 01:00:00,7
"9868",4388161847,2016-04-19 02:00:00,0
"9869",4388161847,2016-04-19 03:00:00,0
"9870",4388161847,2016-04-19 04:00:00,75
"9871",4388161847,2016-04-19 05:00:00,1717
"9872",4388161847,2016-04-19 06:00:00,2438
"9873",4388161847,2016-04-19 07:00:00,462
"9874",4388161847,2016-04-19 08:00:00,237
"9875",4388161847,2016-04-19 09:00:00,308
"9876",4388161847,2016-04-19 10:00:00,488
"9877",4388161847,2016-04-19 11:00:00,140
"9878",4388161847,2016-04-19 12:00:00,420
"9879",4388161847,2016-04-19 13:00:00,179
"9880",4388161847,2016-04-19 14:00:00,338
"9881",4388161847,2016-04-19 15:00:00,150
"9882",4388161847,2016-04-19 16:00:00,1053
"9883",4388161847,2016-04-19 17:00:00,544
"9884",4388161847,2016-04-19 18:00:00,391
"9885",4388161847,2016-04-19 19:00:00,91
"9886",4388161847,2016-04-19 20:00:00,553
"9887",4388161847,2016-04-19 21:00:00,561
"9888",4388161847,2016-04-19 22:00:00,23
"9889",4388161847,2016-04-19 23:00:00,6
"9890",4388161847,2016-04-20 00:00:00,0
"9891",4388161847,2016-04-20 01:00:00,17
"9892",4388161847,2016-04-20 02:00:00,0
"9893",4388161847,2016-04-20 03:00:00,0
"9894",4388161847,2016-04-20 04:00:00,13
"9895",4388161847,2016-04-20 05:00:00,1079
"9896",4388161847,2016-04-20 06:00:00,2114
"9897",4388161847,2016-04-20 07:00:00,257
"9898",4388161847,2016-04-20 08:00:00,189
"9899",4388161847,2016-04-20 09:00:00,122
"9900",4388161847,2016-04-20 10:00:00,554
"9901",4388161847,2016-04-20 11:00:00,162
"9902",4388161847,2016-04-20 12:00:00,413
"9903",4388161847,2016-04-20 13:00:00,344
"9904",4388161847,2016-04-20 14:00:00,0
"9905",4388161847,2016-04-20 15:00:00,334
"9906",4388161847,2016-04-20 16:00:00,870
"9907",4388161847,2016-04-20 17:00:00,1656
"9908",4388161847,2016-04-20 18:00:00,176
"9909",4388161847,2016-04-20 19:00:00,1713
"9910",4388161847,2016-04-20 20:00:00,440
"9911",4388161847,2016-04-20 21:00:00,80
"9912",4388161847,2016-04-20 22:00:00,20
"9913",4388161847,2016-04-20 23:00:00,0
"9914",4388161847,2016-04-21 00:00:00,0
"9915",4388161847,2016-04-21 01:00:00,6
"9916",4388161847,2016-04-21 02:00:00,16
"9917",4388161847,2016-04-21 03:00:00,0
"9918",4388161847,2016-04-21 04:00:00,0
"9919",4388161847,2016-04-21 05:00:00,603
"9920",4388161847,2016-04-21 06:00:00,1437
"9921",4388161847,2016-04-21 07:00:00,325
"9922",4388161847,2016-04-21 08:00:00,222
"9923",4388161847,2016-04-21 09:00:00,35
"9924",4388161847,2016-04-21 10:00:00,443
"9925",4388161847,2016-04-21 11:00:00,249
"9926",4388161847,2016-04-21 12:00:00,464
"9927",4388161847,2016-04-21 13:00:00,190
"9928",4388161847,2016-04-21 14:00:00,177
"9929",4388161847,2016-04-21 15:00:00,195
"9930",4388161847,2016-04-21 16:00:00,1068
"9931",4388161847,2016-04-21 17:00:00,95
"9932",4388161847,2016-04-21 18:00:00,1616
"9933",4388161847,2016-04-21 19:00:00,1488
"9934",4388161847,2016-04-21 20:00:00,1394
"9935",4388161847,2016-04-21 21:00:00,32
"9936",4388161847,2016-04-21 22:00:00,0
"9937",4388161847,2016-04-21 23:00:00,0
"9938",4388161847,2016-04-22 00:00:00,0
"9939",4388161847,2016-04-22 01:00:00,0
"9940",4388161847,2016-04-22 02:00:00,0
"9941",4388161847,2016-04-22 03:00:00,0
"9942",4388161847,2016-04-22 04:00:00,0
"9943",4388161847,2016-04-22 05:00:00,0
"9944",4388161847,2016-04-22 06:00:00,528
"9945",4388161847,2016-04-22 07:00:00,619
"9946",4388161847,2016-04-22 08:00:00,2503
"9947",4388161847,2016-04-22 09:00:00,2203
"9948",4388161847,2016-04-22 10:00:00,1035
"9949",4388161847,2016-04-22 11:00:00,56
"9950",4388161847,2016-04-22 12:00:00,409
"9951",4388161847,2016-04-22 13:00:00,9
"9952",4388161847,2016-04-22 14:00:00,150
"9953",4388161847,2016-04-22 15:00:00,542
"9954",4388161847,2016-04-22 16:00:00,9
"9955",4388161847,2016-04-22 17:00:00,338
"9956",4388161847,2016-04-22 18:00:00,2985
"9957",4388161847,2016-04-22 19:00:00,355
"9958",4388161847,2016-04-22 20:00:00,192
"9959",4388161847,2016-04-22 21:00:00,0
"9960",4388161847,2016-04-22 22:00:00,197
"9961",4388161847,2016-04-22 23:00:00,9
"9962",4388161847,2016-04-23 00:00:00,22
"9963",4388161847,2016-04-23 01:00:00,0
"9964",4388161847,2016-04-23 02:00:00,0
"9965",4388161847,2016-04-23 03:00:00,4
"9966",4388161847,2016-04-23 04:00:00,0
"9967",4388161847,2016-04-23 05:00:00,0
"9968",4388161847,2016-04-23 06:00:00,42
"9969",4388161847,2016-04-23 07:00:00,14
"9970",4388161847,2016-04-23 08:00:00,71
"9971",4388161847,2016-04-23 09:00:00,6
"9972",4388161847,2016-04-23 10:00:00,829
"9973",4388161847,2016-04-23 11:00:00,1343
"9974",4388161847,2016-04-23 12:00:00,863
"9975",4388161847,2016-04-23 13:00:00,2925
"9976",4388161847,2016-04-23 14:00:00,5237
"9977",4388161847,2016-04-23 15:00:00,575
"9978",4388161847,2016-04-23 16:00:00,39
"9979",4388161847,2016-04-23 17:00:00,30
"9980",4388161847,2016-04-23 18:00:00,574
"9981",4388161847,2016-04-23 19:00:00,181
"9982",4388161847,2016-04-23 20:00:00,106
"9983",4388161847,2016-04-23 21:00:00,24
"9984",4388161847,2016-04-23 22:00:00,347
"9985",4388161847,2016-04-23 23:00:00,4
"9986",4388161847,2016-04-24 00:00:00,9
"9987",4388161847,2016-04-24 01:00:00,14
"9988",4388161847,2016-04-24 02:00:00,0
"9989",4388161847,2016-04-24 03:00:00,9
"9990",4388161847,2016-04-24 04:00:00,0
"9991",4388161847,2016-04-24 05:00:00,9
"9992",4388161847,2016-04-24 06:00:00,420
"9993",4388161847,2016-04-24 07:00:00,22
"9994",4388161847,2016-04-24 08:00:00,312
"9995",4388161847,2016-04-24 09:00:00,0
"9996",4388161847,2016-04-24 10:00:00,253
"9997",4388161847,2016-04-24 11:00:00,72
"9998",4388161847,2016-04-24 12:00:00,939
"9999",4388161847,2016-04-24 13:00:00,966
"10000",4388161847,2016-04-24 14:00:00,2228
"10001",4388161847,2016-04-24 15:00:00,1708
"10002",4388161847,2016-04-24 16:00:00,28
"10003",4388161847,2016-04-24 17:00:00,0
"10004",4388161847,2016-04-24 18:00:00,613
"10005",4388161847,2016-04-24 19:00:00,215
"10006",4388161847,2016-04-24 20:00:00,2235
"10007",4388161847,2016-04-24 21:00:00,191
"10008",4388161847,2016-04-24 22:00:00,0
"10009",4388161847,2016-04-24 23:00:00,0
"10010",4388161847,2016-04-25 00:00:00,0
"10011",4388161847,2016-04-25 01:00:00,0
"10012",4388161847,2016-04-25 02:00:00,0
"10013",4388161847,2016-04-25 03:00:00,0
"10014",4388161847,2016-04-25 04:00:00,0
"10015",4388161847,2016-04-25 05:00:00,595
"10016",4388161847,2016-04-25 06:00:00,659
"10017",4388161847,2016-04-25 07:00:00,826
"10018",4388161847,2016-04-25 08:00:00,104
"10019",4388161847,2016-04-25 09:00:00,474
"10020",4388161847,2016-04-25 10:00:00,262
"10021",4388161847,2016-04-25 11:00:00,459
"10022",4388161847,2016-04-25 12:00:00,335
"10023",4388161847,2016-04-25 13:00:00,189
"10024",4388161847,2016-04-25 14:00:00,295
"10025",4388161847,2016-04-25 15:00:00,455
"10026",4388161847,2016-04-25 16:00:00,981
"10027",4388161847,2016-04-25 17:00:00,2238
"10028",4388161847,2016-04-25 18:00:00,667
"10029",4388161847,2016-04-25 19:00:00,1501
"10030",4388161847,2016-04-25 20:00:00,2349
"10031",4388161847,2016-04-25 21:00:00,511
"10032",4388161847,2016-04-25 22:00:00,46
"10033",4388161847,2016-04-25 23:00:00,15
"10034",4388161847,2016-04-26 00:00:00,0
"10035",4388161847,2016-04-26 01:00:00,0
"10036",4388161847,2016-04-26 02:00:00,4
"10037",4388161847,2016-04-26 03:00:00,11
"10038",4388161847,2016-04-26 04:00:00,14
"10039",4388161847,2016-04-26 05:00:00,838
"10040",4388161847,2016-04-26 06:00:00,2662
"10041",4388161847,2016-04-26 07:00:00,630
"10042",4388161847,2016-04-26 08:00:00,122
"10043",4388161847,2016-04-26 09:00:00,407
"10044",4388161847,2016-04-26 10:00:00,631
"10045",4388161847,2016-04-26 11:00:00,383
"10046",4388161847,2016-04-26 12:00:00,414
"10047",4388161847,2016-04-26 13:00:00,279
"10048",4388161847,2016-04-26 14:00:00,369
"10049",4388161847,2016-04-26 15:00:00,435
"10050",4388161847,2016-04-26 16:00:00,571
"10051",4388161847,2016-04-26 17:00:00,1046
"10052",4388161847,2016-04-26 18:00:00,219
"10053",4388161847,2016-04-26 19:00:00,74
"10054",4388161847,2016-04-26 20:00:00,320
"10055",4388161847,2016-04-26 21:00:00,15
"10056",4388161847,2016-04-26 22:00:00,6
"10057",4388161847,2016-04-26 23:00:00,11
"10058",4388161847,2016-04-27 00:00:00,7
"10059",4388161847,2016-04-27 01:00:00,12
"10060",4388161847,2016-04-27 02:00:00,41
"10061",4388161847,2016-04-27 03:00:00,8
"10062",4388161847,2016-04-27 04:00:00,0
"10063",4388161847,2016-04-27 05:00:00,329
"10064",4388161847,2016-04-27 06:00:00,939
"10065",4388161847,2016-04-27 07:00:00,225
"10066",4388161847,2016-04-27 08:00:00,156
"10067",4388161847,2016-04-27 09:00:00,145
"10068",4388161847,2016-04-27 10:00:00,450
"10069",4388161847,2016-04-27 11:00:00,496
"10070",4388161847,2016-04-27 12:00:00,516
"10071",4388161847,2016-04-27 13:00:00,28
"10072",4388161847,2016-04-27 14:00:00,347
"10073",4388161847,2016-04-27 15:00:00,284
"10074",4388161847,2016-04-27 16:00:00,856
"10075",4388161847,2016-04-27 17:00:00,1183
"10076",4388161847,2016-04-27 18:00:00,4037
"10077",4388161847,2016-04-27 19:00:00,447
"10078",4388161847,2016-04-27 20:00:00,357
"10079",4388161847,2016-04-27 21:00:00,304
"10080",4388161847,2016-04-27 22:00:00,12
"10081",4388161847,2016-04-27 23:00:00,14
"10082",4388161847,2016-04-28 00:00:00,0
"10083",4388161847,2016-04-28 01:00:00,0
"10084",4388161847,2016-04-28 02:00:00,10
"10085",4388161847,2016-04-28 03:00:00,0
"10086",4388161847,2016-04-28 04:00:00,8
"10087",4388161847,2016-04-28 05:00:00,1305
"10088",4388161847,2016-04-28 06:00:00,2267
"10089",4388161847,2016-04-28 07:00:00,733
"10090",4388161847,2016-04-28 08:00:00,265
"10091",4388161847,2016-04-28 09:00:00,52
"10092",4388161847,2016-04-28 10:00:00,491
"10093",4388161847,2016-04-28 11:00:00,593
"10094",4388161847,2016-04-28 12:00:00,243
"10095",4388161847,2016-04-28 13:00:00,301
"10096",4388161847,2016-04-28 14:00:00,173
"10097",4388161847,2016-04-28 15:00:00,191
"10098",4388161847,2016-04-28 16:00:00,1251
"10099",4388161847,2016-04-28 17:00:00,1180
"10100",4388161847,2016-04-28 18:00:00,680
"10101",4388161847,2016-04-28 19:00:00,178
"10102",4388161847,2016-04-28 20:00:00,153
"10103",4388161847,2016-04-28 21:00:00,0
"10104",4388161847,2016-04-28 22:00:00,0
"10105",4388161847,2016-04-28 23:00:00,0
"10106",4388161847,2016-04-29 00:00:00,0
"10107",4388161847,2016-04-29 01:00:00,0
"10108",4388161847,2016-04-29 02:00:00,0
"10109",4388161847,2016-04-29 03:00:00,0
"10110",4388161847,2016-04-29 04:00:00,0
"10111",4388161847,2016-04-29 05:00:00,1015
"10112",4388161847,2016-04-29 06:00:00,2168
"10113",4388161847,2016-04-29 07:00:00,795
"10114",4388161847,2016-04-29 08:00:00,178
"10115",4388161847,2016-04-29 09:00:00,242
"10116",4388161847,2016-04-29 10:00:00,306
"10117",4388161847,2016-04-29 11:00:00,210
"10118",4388161847,2016-04-29 12:00:00,355
"10119",4388161847,2016-04-29 13:00:00,316
"10120",4388161847,2016-04-29 14:00:00,543
"10121",4388161847,2016-04-29 15:00:00,25
"10122",4388161847,2016-04-29 16:00:00,44
"10123",4388161847,2016-04-29 17:00:00,894
"10124",4388161847,2016-04-29 18:00:00,726
"10125",4388161847,2016-04-29 19:00:00,162
"10126",4388161847,2016-04-29 20:00:00,946
"10127",4388161847,2016-04-29 21:00:00,45
"10128",4388161847,2016-04-29 22:00:00,246
"10129",4388161847,2016-04-29 23:00:00,16
"10130",4388161847,2016-04-30 00:00:00,6
"10131",4388161847,2016-04-30 01:00:00,7
"10132",4388161847,2016-04-30 02:00:00,11
"10133",4388161847,2016-04-30 03:00:00,11
"10134",4388161847,2016-04-30 04:00:00,0
"10135",4388161847,2016-04-30 05:00:00,24
"10136",4388161847,2016-04-30 06:00:00,185
"10137",4388161847,2016-04-30 07:00:00,189
"10138",4388161847,2016-04-30 08:00:00,0
"10139",4388161847,2016-04-30 09:00:00,1349
"10140",4388161847,2016-04-30 10:00:00,247
"10141",4388161847,2016-04-30 11:00:00,2916
"10142",4388161847,2016-04-30 12:00:00,2355
"10143",4388161847,2016-04-30 13:00:00,1073
"10144",4388161847,2016-04-30 14:00:00,35
"10145",4388161847,2016-04-30 15:00:00,134
"10146",4388161847,2016-04-30 16:00:00,1016
"10147",4388161847,2016-04-30 17:00:00,269
"10148",4388161847,2016-04-30 18:00:00,746
"10149",4388161847,2016-04-30 19:00:00,328
"10150",4388161847,2016-04-30 20:00:00,1245
"10151",4388161847,2016-04-30 21:00:00,353
"10152",4388161847,2016-04-30 22:00:00,11
"10153",4388161847,2016-04-30 23:00:00,23
"10154",4388161847,2016-05-01 00:00:00,20
"10155",4388161847,2016-05-01 01:00:00,51
"10156",4388161847,2016-05-01 02:00:00,0
"10157",4388161847,2016-05-01 03:00:00,5
"10158",4388161847,2016-05-01 04:00:00,0
"10159",4388161847,2016-05-01 05:00:00,0
"10160",4388161847,2016-05-01 06:00:00,0
"10161",4388161847,2016-05-01 07:00:00,21
"10162",4388161847,2016-05-01 08:00:00,2564
"10163",4388161847,2016-05-01 09:00:00,201
"10164",4388161847,2016-05-01 10:00:00,1238
"10165",4388161847,2016-05-01 11:00:00,846
"10166",4388161847,2016-05-01 12:00:00,914
"10167",4388161847,2016-05-01 13:00:00,904
"10168",4388161847,2016-05-01 14:00:00,21
"10169",4388161847,2016-05-01 15:00:00,1214
"10170",4388161847,2016-05-01 16:00:00,362
"10171",4388161847,2016-05-01 17:00:00,477
"10172",4388161847,2016-05-01 18:00:00,142
"10173",4388161847,2016-05-01 19:00:00,831
"10174",4388161847,2016-05-01 20:00:00,181
"10175",4388161847,2016-05-01 21:00:00,78
"10176",4388161847,2016-05-01 22:00:00,185
"10177",4388161847,2016-05-01 23:00:00,0
"10178",4388161847,2016-05-02 00:00:00,73
"10179",4388161847,2016-05-02 01:00:00,9
"10180",4388161847,2016-05-02 02:00:00,0
"10181",4388161847,2016-05-02 03:00:00,0
"10182",4388161847,2016-05-02 04:00:00,0
"10183",4388161847,2016-05-02 05:00:00,137
"10184",4388161847,2016-05-02 06:00:00,712
"10185",4388161847,2016-05-02 07:00:00,698
"10186",4388161847,2016-05-02 08:00:00,130
"10187",4388161847,2016-05-02 09:00:00,201
"10188",4388161847,2016-05-02 10:00:00,411
"10189",4388161847,2016-05-02 11:00:00,231
"10190",4388161847,2016-05-02 12:00:00,437
"10191",4388161847,2016-05-02 13:00:00,201
"10192",4388161847,2016-05-02 14:00:00,139
"10193",4388161847,2016-05-02 15:00:00,180
"10194",4388161847,2016-05-02 16:00:00,915
"10195",4388161847,2016-05-02 17:00:00,665
"10196",4388161847,2016-05-02 18:00:00,4273
"10197",4388161847,2016-05-02 19:00:00,322
"10198",4388161847,2016-05-02 20:00:00,181
"10199",4388161847,2016-05-02 21:00:00,181
"10200",4388161847,2016-05-02 22:00:00,0
"10201",4388161847,2016-05-02 23:00:00,0
"10202",4388161847,2016-05-03 00:00:00,0
"10203",4388161847,2016-05-03 01:00:00,0
"10204",4388161847,2016-05-03 02:00:00,0
"10205",4388161847,2016-05-03 03:00:00,0
"10206",4388161847,2016-05-03 04:00:00,0
"10207",4388161847,2016-05-03 05:00:00,1620
"10208",4388161847,2016-05-03 06:00:00,2252
"10209",4388161847,2016-05-03 07:00:00,457
"10210",4388161847,2016-05-03 08:00:00,255
"10211",4388161847,2016-05-03 09:00:00,530
"10212",4388161847,2016-05-03 10:00:00,232
"10213",4388161847,2016-05-03 11:00:00,403
"10214",4388161847,2016-05-03 12:00:00,513
"10215",4388161847,2016-05-03 13:00:00,91
"10216",4388161847,2016-05-03 14:00:00,257
"10217",4388161847,2016-05-03 15:00:00,195
"10218",4388161847,2016-05-03 16:00:00,941
"10219",4388161847,2016-05-03 17:00:00,1139
"10220",4388161847,2016-05-03 18:00:00,1968
"10221",4388161847,2016-05-03 19:00:00,1228
"10222",4388161847,2016-05-03 20:00:00,325
"10223",4388161847,2016-05-03 21:00:00,313
"10224",4388161847,2016-05-03 22:00:00,0
"10225",4388161847,2016-05-03 23:00:00,8
"10226",4388161847,2016-05-04 00:00:00,12
"10227",4388161847,2016-05-04 01:00:00,0
"10228",4388161847,2016-05-04 02:00:00,49
"10229",4388161847,2016-05-04 03:00:00,0
"10230",4388161847,2016-05-04 04:00:00,0
"10231",4388161847,2016-05-04 05:00:00,803
"10232",4388161847,2016-05-04 06:00:00,1720
"10233",4388161847,2016-05-04 07:00:00,707
"10234",4388161847,2016-05-04 08:00:00,216
"10235",4388161847,2016-05-04 09:00:00,391
"10236",4388161847,2016-05-04 10:00:00,554
"10237",4388161847,2016-05-04 11:00:00,420
"10238",4388161847,2016-05-04 12:00:00,537
"10239",4388161847,2016-05-04 13:00:00,188
"10240",4388161847,2016-05-04 14:00:00,223
"10241",4388161847,2016-05-04 15:00:00,161
"10242",4388161847,2016-05-04 16:00:00,1022
"10243",4388161847,2016-05-04 17:00:00,3803
"10244",4388161847,2016-05-04 18:00:00,764
"10245",4388161847,2016-05-04 19:00:00,370
"10246",4388161847,2016-05-04 20:00:00,371
"10247",4388161847,2016-05-04 21:00:00,0
"10248",4388161847,2016-05-04 22:00:00,64
"10249",4388161847,2016-05-04 23:00:00,0
"10250",4388161847,2016-05-05 00:00:00,0
"10251",4388161847,2016-05-05 01:00:00,0
"10252",4388161847,2016-05-05 02:00:00,11
"10253",4388161847,2016-05-05 03:00:00,36
"10254",4388161847,2016-05-05 04:00:00,0
"10255",4388161847,2016-05-05 05:00:00,582
"10256",4388161847,2016-05-05 06:00:00,2160
"10257",4388161847,2016-05-05 07:00:00,488
"10258",4388161847,2016-05-05 08:00:00,381
"10259",4388161847,2016-05-05 09:00:00,44
"10260",4388161847,2016-05-05 10:00:00,408
"10261",4388161847,2016-05-05 11:00:00,344
"10262",4388161847,2016-05-05 12:00:00,557
"10263",4388161847,2016-05-05 13:00:00,130
"10264",4388161847,2016-05-05 14:00:00,241
"10265",4388161847,2016-05-05 15:00:00,416
"10266",4388161847,2016-05-05 16:00:00,1259
"10267",4388161847,2016-05-05 17:00:00,1388
"10268",4388161847,2016-05-05 18:00:00,387
"10269",4388161847,2016-05-05 19:00:00,534
"10270",4388161847,2016-05-05 20:00:00,237
"10271",4388161847,2016-05-05 21:00:00,0
"10272",4388161847,2016-05-05 22:00:00,0
"10273",4388161847,2016-05-05 23:00:00,0
"10274",4388161847,2016-05-06 00:00:00,0
"10275",4388161847,2016-05-06 01:00:00,0
"10276",4388161847,2016-05-06 02:00:00,0
"10277",4388161847,2016-05-06 03:00:00,263
"10278",4388161847,2016-05-06 04:00:00,441
"10279",4388161847,2016-05-06 05:00:00,2844
"10280",4388161847,2016-05-06 06:00:00,1560
"10281",4388161847,2016-05-06 07:00:00,712
"10282",4388161847,2016-05-06 08:00:00,213
"10283",4388161847,2016-05-06 09:00:00,258
"10284",4388161847,2016-05-06 10:00:00,787
"10285",4388161847,2016-05-06 11:00:00,302
"10286",4388161847,2016-05-06 12:00:00,255
"10287",4388161847,2016-05-06 13:00:00,158
"10288",4388161847,2016-05-06 14:00:00,211
"10289",4388161847,2016-05-06 15:00:00,430
"10290",4388161847,2016-05-06 16:00:00,524
"10291",4388161847,2016-05-06 17:00:00,19
"10292",4388161847,2016-05-06 18:00:00,442
"10293",4388161847,2016-05-06 19:00:00,92
"10294",4388161847,2016-05-06 20:00:00,2715
"10295",4388161847,2016-05-06 21:00:00,936
"10296",4388161847,2016-05-06 22:00:00,13
"10297",4388161847,2016-05-06 23:00:00,0
"10298",4388161847,2016-05-07 00:00:00,6
"10299",4388161847,2016-05-07 01:00:00,26
"10300",4388161847,2016-05-07 02:00:00,0
"10301",4388161847,2016-05-07 03:00:00,0
"10302",4388161847,2016-05-07 04:00:00,0
"10303",4388161847,2016-05-07 05:00:00,0
"10304",4388161847,2016-05-07 06:00:00,0
"10305",4388161847,2016-05-07 07:00:00,4
"10306",4388161847,2016-05-07 08:00:00,947
"10307",4388161847,2016-05-07 09:00:00,3345
"10308",4388161847,2016-05-07 10:00:00,650
"10309",4388161847,2016-05-07 11:00:00,1972
"10310",4388161847,2016-05-07 12:00:00,4167
"10311",4388161847,2016-05-07 13:00:00,695
"10312",4388161847,2016-05-07 14:00:00,0
"10313",4388161847,2016-05-07 15:00:00,149
"10314",4388161847,2016-05-07 16:00:00,3735
"10315",4388161847,2016-05-07 17:00:00,1838
"10316",4388161847,2016-05-07 18:00:00,676
"10317",4388161847,2016-05-07 19:00:00,1853
"10318",4388161847,2016-05-07 20:00:00,1991
"10319",4388161847,2016-05-07 21:00:00,413
"10320",4388161847,2016-05-07 22:00:00,287
"10321",4388161847,2016-05-07 23:00:00,16
"10322",4388161847,2016-05-08 00:00:00,10
"10323",4388161847,2016-05-08 01:00:00,0
"10324",4388161847,2016-05-08 02:00:00,9
"10325",4388161847,2016-05-08 03:00:00,0
"10326",4388161847,2016-05-08 04:00:00,0
"10327",4388161847,2016-05-08 05:00:00,0
"10328",4388161847,2016-05-08 06:00:00,0
"10329",4388161847,2016-05-08 07:00:00,0
"10330",4388161847,2016-05-08 08:00:00,292
"10331",4388161847,2016-05-08 09:00:00,304
"10332",4388161847,2016-05-08 10:00:00,2772
"10333",4388161847,2016-05-08 11:00:00,0
"10334",4388161847,2016-05-08 12:00:00,393
"10335",4388161847,2016-05-08 13:00:00,3075
"10336",4388161847,2016-05-08 14:00:00,1304
"10337",4388161847,2016-05-08 15:00:00,381
"10338",4388161847,2016-05-08 16:00:00,133
"10339",4388161847,2016-05-08 17:00:00,951
"10340",4388161847,2016-05-08 18:00:00,256
"10341",4388161847,2016-05-08 19:00:00,4770
"10342",4388161847,2016-05-08 20:00:00,2503
"10343",4388161847,2016-05-08 21:00:00,145
"10344",4388161847,2016-05-08 22:00:00,0
"10345",4388161847,2016-05-08 23:00:00,0
"10346",4388161847,2016-05-09 00:00:00,0
"10347",4388161847,2016-05-09 01:00:00,0
"10348",4388161847,2016-05-09 02:00:00,0
"10349",4388161847,2016-05-09 03:00:00,0
"10350",4388161847,2016-05-09 04:00:00,0
"10351",4388161847,2016-05-09 05:00:00,611
"10352",4388161847,2016-05-09 06:00:00,1558
"10353",4388161847,2016-05-09 07:00:00,556
"10354",4388161847,2016-05-09 08:00:00,223
"10355",4388161847,2016-05-09 09:00:00,269
"10356",4388161847,2016-05-09 10:00:00,319
"10357",4388161847,2016-05-09 11:00:00,373
"10358",4388161847,2016-05-09 12:00:00,373
"10359",4388161847,2016-05-09 13:00:00,198
"10360",4388161847,2016-05-09 14:00:00,117
"10361",4388161847,2016-05-09 15:00:00,372
"10362",4388161847,2016-05-09 16:00:00,914
"10363",4388161847,2016-05-09 17:00:00,953
"10364",4388161847,2016-05-09 18:00:00,989
"10365",4388161847,2016-05-09 19:00:00,2188
"10366",4388161847,2016-05-09 20:00:00,119
"10367",4388161847,2016-05-09 21:00:00,43
"10368",4388161847,2016-05-09 22:00:00,28
"10369",4388161847,2016-05-09 23:00:00,15
"10370",4388161847,2016-05-10 00:00:00,8
"10371",4388161847,2016-05-10 01:00:00,0
"10372",4388161847,2016-05-10 02:00:00,8
"10373",4388161847,2016-05-10 03:00:00,12
"10374",4388161847,2016-05-10 04:00:00,0
"10375",4388161847,2016-05-10 05:00:00,1887
"10376",4388161847,2016-05-10 06:00:00,1533
"10377",4388161847,2016-05-10 07:00:00,336
"10378",4388161847,2016-05-10 08:00:00,920
"10379",4388161847,2016-05-10 09:00:00,36
"10380",4388161847,2016-05-10 10:00:00,285
"10381",4388161847,2016-05-10 11:00:00,586
"10382",4388161847,2016-05-10 12:00:00,248
"10383",4388161847,2016-05-10 13:00:00,416
"10384",4388161847,2016-05-10 14:00:00,126
"10385",4388161847,2016-05-10 15:00:00,295
"10386",4388161847,2016-05-10 16:00:00,76
"10387",4388161847,2016-05-10 17:00:00,1078
"10388",4388161847,2016-05-10 18:00:00,721
"10389",4388161847,2016-05-10 19:00:00,1430
"10390",4388161847,2016-05-10 20:00:00,298
"10391",4388161847,2016-05-10 21:00:00,0
"10392",4388161847,2016-05-10 22:00:00,0
"10393",4388161847,2016-05-10 23:00:00,0
"10394",4388161847,2016-05-11 00:00:00,0
"10395",4388161847,2016-05-11 01:00:00,0
"10396",4388161847,2016-05-11 02:00:00,0
"10397",4388161847,2016-05-11 03:00:00,0
"10398",4388161847,2016-05-11 04:00:00,4
"10399",4388161847,2016-05-11 05:00:00,591
"10400",4388161847,2016-05-11 06:00:00,1938
"10401",4388161847,2016-05-11 07:00:00,747
"10402",4388161847,2016-05-11 08:00:00,364
"10403",4388161847,2016-05-11 09:00:00,175
"10404",4388161847,2016-05-11 10:00:00,642
"10405",4388161847,2016-05-11 11:00:00,252
"10406",4388161847,2016-05-11 12:00:00,566
"10407",4388161847,2016-05-11 13:00:00,458
"10408",4388161847,2016-05-11 14:00:00,147
"10409",4388161847,2016-05-11 15:00:00,365
"10410",4388161847,2016-05-11 16:00:00,1050
"10411",4388161847,2016-05-11 17:00:00,1280
"10412",4388161847,2016-05-11 18:00:00,310
"10413",4388161847,2016-05-11 19:00:00,688
"10414",4388161847,2016-05-11 20:00:00,624
"10415",4388161847,2016-05-11 21:00:00,0
"10416",4388161847,2016-05-11 22:00:00,0
"10417",4388161847,2016-05-11 23:00:00,0
"10418",4388161847,2016-05-12 00:00:00,0
"10419",4388161847,2016-05-12 01:00:00,0
"10420",4388161847,2016-05-12 02:00:00,0
"10421",4388161847,2016-05-12 03:00:00,0
"10422",4388161847,2016-05-12 04:00:00,0
"10423",4388161847,2016-05-12 05:00:00,0
"10424",4388161847,2016-05-12 06:00:00,161
"10425",4388161847,2016-05-12 07:00:00,594
"10426",4388161847,2016-05-12 08:00:00,120
"10427",4388161847,2016-05-12 09:00:00,186
"10428",4388161847,2016-05-12 10:00:00,182
"10429",4388161847,2016-05-12 11:00:00,398
"10430",4388161847,2016-05-12 12:00:00,799
"10431",4388161847,2016-05-12 13:00:00,326
"10432",4388161847,2016-05-12 14:00:00,313
"10433",4445114986,2016-04-12 00:00:00,0
"10434",4445114986,2016-04-12 01:00:00,88
"10435",4445114986,2016-04-12 02:00:00,0
"10436",4445114986,2016-04-12 03:00:00,42
"10437",4445114986,2016-04-12 04:00:00,15
"10438",4445114986,2016-04-12 05:00:00,0
"10439",4445114986,2016-04-12 06:00:00,0
"10440",4445114986,2016-04-12 07:00:00,73
"10441",4445114986,2016-04-12 08:00:00,60
"10442",4445114986,2016-04-12 09:00:00,0
"10443",4445114986,2016-04-12 10:00:00,6
"10444",4445114986,2016-04-12 11:00:00,171
"10445",4445114986,2016-04-12 12:00:00,197
"10446",4445114986,2016-04-12 13:00:00,436
"10447",4445114986,2016-04-12 14:00:00,81
"10448",4445114986,2016-04-12 15:00:00,332
"10449",4445114986,2016-04-12 16:00:00,399
"10450",4445114986,2016-04-12 17:00:00,400
"10451",4445114986,2016-04-12 18:00:00,100
"10452",4445114986,2016-04-12 19:00:00,321
"10453",4445114986,2016-04-12 20:00:00,401
"10454",4445114986,2016-04-12 21:00:00,134
"10455",4445114986,2016-04-12 22:00:00,0
"10456",4445114986,2016-04-12 23:00:00,20
"10457",4445114986,2016-04-13 00:00:00,0
"10458",4445114986,2016-04-13 01:00:00,0
"10459",4445114986,2016-04-13 02:00:00,0
"10460",4445114986,2016-04-13 03:00:00,0
"10461",4445114986,2016-04-13 04:00:00,50
"10462",4445114986,2016-04-13 05:00:00,0
"10463",4445114986,2016-04-13 06:00:00,0
"10464",4445114986,2016-04-13 07:00:00,33
"10465",4445114986,2016-04-13 08:00:00,0
"10466",4445114986,2016-04-13 09:00:00,14
"10467",4445114986,2016-04-13 10:00:00,0
"10468",4445114986,2016-04-13 11:00:00,157
"10469",4445114986,2016-04-13 12:00:00,178
"10470",4445114986,2016-04-13 13:00:00,101
"10471",4445114986,2016-04-13 14:00:00,166
"10472",4445114986,2016-04-13 15:00:00,214
"10473",4445114986,2016-04-13 16:00:00,254
"10474",4445114986,2016-04-13 17:00:00,440
"10475",4445114986,2016-04-13 18:00:00,410
"10476",4445114986,2016-04-13 19:00:00,82
"10477",4445114986,2016-04-13 20:00:00,243
"10478",4445114986,2016-04-13 21:00:00,48
"10479",4445114986,2016-04-13 22:00:00,195
"10480",4445114986,2016-04-13 23:00:00,376
"10481",4445114986,2016-04-14 00:00:00,173
"10482",4445114986,2016-04-14 01:00:00,56
"10483",4445114986,2016-04-14 02:00:00,109
"10484",4445114986,2016-04-14 03:00:00,0
"10485",4445114986,2016-04-14 04:00:00,0
"10486",4445114986,2016-04-14 05:00:00,8
"10487",4445114986,2016-04-14 06:00:00,0
"10488",4445114986,2016-04-14 07:00:00,0
"10489",4445114986,2016-04-14 08:00:00,0
"10490",4445114986,2016-04-14 09:00:00,13
"10491",4445114986,2016-04-14 10:00:00,0
"10492",4445114986,2016-04-14 11:00:00,31
"10493",4445114986,2016-04-14 12:00:00,164
"10494",4445114986,2016-04-14 13:00:00,156
"10495",4445114986,2016-04-14 14:00:00,118
"10496",4445114986,2016-04-14 15:00:00,489
"10497",4445114986,2016-04-14 16:00:00,265
"10498",4445114986,2016-04-14 17:00:00,503
"10499",4445114986,2016-04-14 18:00:00,286
"10500",4445114986,2016-04-14 19:00:00,222
"10501",4445114986,2016-04-14 20:00:00,395
"10502",4445114986,2016-04-14 21:00:00,230
"10503",4445114986,2016-04-14 22:00:00,493
"10504",4445114986,2016-04-14 23:00:00,263
"10505",4445114986,2016-04-15 00:00:00,312
"10506",4445114986,2016-04-15 01:00:00,16
"10507",4445114986,2016-04-15 02:00:00,6
"10508",4445114986,2016-04-15 03:00:00,13
"10509",4445114986,2016-04-15 04:00:00,0
"10510",4445114986,2016-04-15 05:00:00,0
"10511",4445114986,2016-04-15 06:00:00,0
"10512",4445114986,2016-04-15 07:00:00,66
"10513",4445114986,2016-04-15 08:00:00,271
"10514",4445114986,2016-04-15 09:00:00,225
"10515",4445114986,2016-04-15 10:00:00,318
"10516",4445114986,2016-04-15 11:00:00,408
"10517",4445114986,2016-04-15 12:00:00,355
"10518",4445114986,2016-04-15 13:00:00,684
"10519",4445114986,2016-04-15 14:00:00,743
"10520",4445114986,2016-04-15 15:00:00,594
"10521",4445114986,2016-04-15 16:00:00,788
"10522",4445114986,2016-04-15 17:00:00,345
"10523",4445114986,2016-04-15 18:00:00,208
"10524",4445114986,2016-04-15 19:00:00,184
"10525",4445114986,2016-04-15 20:00:00,285
"10526",4445114986,2016-04-15 21:00:00,678
"10527",4445114986,2016-04-15 22:00:00,277
"10528",4445114986,2016-04-15 23:00:00,422
"10529",4445114986,2016-04-16 00:00:00,0
"10530",4445114986,2016-04-16 01:00:00,0
"10531",4445114986,2016-04-16 02:00:00,4
"10532",4445114986,2016-04-16 03:00:00,10
"10533",4445114986,2016-04-16 04:00:00,0
"10534",4445114986,2016-04-16 05:00:00,0
"10535",4445114986,2016-04-16 06:00:00,0
"10536",4445114986,2016-04-16 07:00:00,0
"10537",4445114986,2016-04-16 08:00:00,0
"10538",4445114986,2016-04-16 09:00:00,0
"10539",4445114986,2016-04-16 10:00:00,119
"10540",4445114986,2016-04-16 11:00:00,515
"10541",4445114986,2016-04-16 12:00:00,136
"10542",4445114986,2016-04-16 13:00:00,111
"10543",4445114986,2016-04-16 14:00:00,251
"10544",4445114986,2016-04-16 15:00:00,0
"10545",4445114986,2016-04-16 16:00:00,171
"10546",4445114986,2016-04-16 17:00:00,327
"10547",4445114986,2016-04-16 18:00:00,696
"10548",4445114986,2016-04-16 19:00:00,368
"10549",4445114986,2016-04-16 20:00:00,153
"10550",4445114986,2016-04-16 21:00:00,230
"10551",4445114986,2016-04-16 22:00:00,757
"10552",4445114986,2016-04-16 23:00:00,97
"10553",4445114986,2016-04-17 00:00:00,42
"10554",4445114986,2016-04-17 01:00:00,0
"10555",4445114986,2016-04-17 02:00:00,70
"10556",4445114986,2016-04-17 03:00:00,0
"10557",4445114986,2016-04-17 04:00:00,0
"10558",4445114986,2016-04-17 05:00:00,0
"10559",4445114986,2016-04-17 06:00:00,0
"10560",4445114986,2016-04-17 07:00:00,0
"10561",4445114986,2016-04-17 08:00:00,0
"10562",4445114986,2016-04-17 09:00:00,0
"10563",4445114986,2016-04-17 10:00:00,0
"10564",4445114986,2016-04-17 11:00:00,0
"10565",4445114986,2016-04-17 12:00:00,0
"10566",4445114986,2016-04-17 13:00:00,0
"10567",4445114986,2016-04-17 14:00:00,0
"10568",4445114986,2016-04-17 15:00:00,270
"10569",4445114986,2016-04-17 16:00:00,154
"10570",4445114986,2016-04-17 17:00:00,302
"10571",4445114986,2016-04-17 18:00:00,216
"10572",4445114986,2016-04-17 19:00:00,216
"10573",4445114986,2016-04-17 20:00:00,85
"10574",4445114986,2016-04-17 21:00:00,619
"10575",4445114986,2016-04-17 22:00:00,284
"10576",4445114986,2016-04-17 23:00:00,0
"10577",4445114986,2016-04-18 00:00:00,0
"10578",4445114986,2016-04-18 01:00:00,0
"10579",4445114986,2016-04-18 02:00:00,0
"10580",4445114986,2016-04-18 03:00:00,0
"10581",4445114986,2016-04-18 04:00:00,0
"10582",4445114986,2016-04-18 05:00:00,0
"10583",4445114986,2016-04-18 06:00:00,0
"10584",4445114986,2016-04-18 07:00:00,0
"10585",4445114986,2016-04-18 08:00:00,0
"10586",4445114986,2016-04-18 09:00:00,0
"10587",4445114986,2016-04-18 10:00:00,0
"10588",4445114986,2016-04-18 11:00:00,0
"10589",4445114986,2016-04-18 12:00:00,368
"10590",4445114986,2016-04-18 13:00:00,360
"10591",4445114986,2016-04-18 14:00:00,71
"10592",4445114986,2016-04-18 15:00:00,250
"10593",4445114986,2016-04-18 16:00:00,221
"10594",4445114986,2016-04-18 17:00:00,359
"10595",4445114986,2016-04-18 18:00:00,3367
"10596",4445114986,2016-04-18 19:00:00,137
"10597",4445114986,2016-04-18 20:00:00,140
"10598",4445114986,2016-04-18 21:00:00,327
"10599",4445114986,2016-04-18 22:00:00,428
"10600",4445114986,2016-04-18 23:00:00,127
"10601",4445114986,2016-04-19 00:00:00,102
"10602",4445114986,2016-04-19 01:00:00,111
"10603",4445114986,2016-04-19 02:00:00,10
"10604",4445114986,2016-04-19 03:00:00,9
"10605",4445114986,2016-04-19 04:00:00,0
"10606",4445114986,2016-04-19 05:00:00,0
"10607",4445114986,2016-04-19 06:00:00,11
"10608",4445114986,2016-04-19 07:00:00,0
"10609",4445114986,2016-04-19 08:00:00,33
"10610",4445114986,2016-04-19 09:00:00,12
"10611",4445114986,2016-04-19 10:00:00,0
"10612",4445114986,2016-04-19 11:00:00,232
"10613",4445114986,2016-04-19 12:00:00,300
"10614",4445114986,2016-04-19 13:00:00,179
"10615",4445114986,2016-04-19 14:00:00,59
"10616",4445114986,2016-04-19 15:00:00,138
"10617",4445114986,2016-04-19 16:00:00,82
"10618",4445114986,2016-04-19 17:00:00,27
"10619",4445114986,2016-04-19 18:00:00,82
"10620",4445114986,2016-04-19 19:00:00,64
"10621",4445114986,2016-04-19 20:00:00,352
"10622",4445114986,2016-04-19 21:00:00,190
"10623",4445114986,2016-04-19 22:00:00,71
"10624",4445114986,2016-04-19 23:00:00,0
"10625",4445114986,2016-04-20 00:00:00,0
"10626",4445114986,2016-04-20 01:00:00,0
"10627",4445114986,2016-04-20 02:00:00,94
"10628",4445114986,2016-04-20 03:00:00,0
"10629",4445114986,2016-04-20 04:00:00,0
"10630",4445114986,2016-04-20 05:00:00,0
"10631",4445114986,2016-04-20 06:00:00,0
"10632",4445114986,2016-04-20 07:00:00,0
"10633",4445114986,2016-04-20 08:00:00,22
"10634",4445114986,2016-04-20 09:00:00,0
"10635",4445114986,2016-04-20 10:00:00,0
"10636",4445114986,2016-04-20 11:00:00,130
"10637",4445114986,2016-04-20 12:00:00,104
"10638",4445114986,2016-04-20 13:00:00,199
"10639",4445114986,2016-04-20 14:00:00,265
"10640",4445114986,2016-04-20 15:00:00,69
"10641",4445114986,2016-04-20 16:00:00,655
"10642",4445114986,2016-04-20 17:00:00,71
"10643",4445114986,2016-04-20 18:00:00,99
"10644",4445114986,2016-04-20 19:00:00,75
"10645",4445114986,2016-04-20 20:00:00,59
"10646",4445114986,2016-04-20 21:00:00,63
"10647",4445114986,2016-04-20 22:00:00,167
"10648",4445114986,2016-04-20 23:00:00,0
"10649",4445114986,2016-04-21 00:00:00,0
"10650",4445114986,2016-04-21 01:00:00,0
"10651",4445114986,2016-04-21 02:00:00,29
"10652",4445114986,2016-04-21 03:00:00,0
"10653",4445114986,2016-04-21 04:00:00,0
"10654",4445114986,2016-04-21 05:00:00,0
"10655",4445114986,2016-04-21 06:00:00,45
"10656",4445114986,2016-04-21 07:00:00,13
"10657",4445114986,2016-04-21 08:00:00,10
"10658",4445114986,2016-04-21 09:00:00,7
"10659",4445114986,2016-04-21 10:00:00,9
"10660",4445114986,2016-04-21 11:00:00,0
"10661",4445114986,2016-04-21 12:00:00,190
"10662",4445114986,2016-04-21 13:00:00,666
"10663",4445114986,2016-04-21 14:00:00,423
"10664",4445114986,2016-04-21 15:00:00,562
"10665",4445114986,2016-04-21 16:00:00,209
"10666",4445114986,2016-04-21 17:00:00,309
"10667",4445114986,2016-04-21 18:00:00,444
"10668",4445114986,2016-04-21 19:00:00,106
"10669",4445114986,2016-04-21 20:00:00,327
"10670",4445114986,2016-04-21 21:00:00,158
"10671",4445114986,2016-04-21 22:00:00,182
"10672",4445114986,2016-04-21 23:00:00,100
"10673",4445114986,2016-04-22 00:00:00,112
"10674",4445114986,2016-04-22 01:00:00,107
"10675",4445114986,2016-04-22 02:00:00,206
"10676",4445114986,2016-04-22 03:00:00,8
"10677",4445114986,2016-04-22 04:00:00,0
"10678",4445114986,2016-04-22 05:00:00,0
"10679",4445114986,2016-04-22 06:00:00,62
"10680",4445114986,2016-04-22 07:00:00,0
"10681",4445114986,2016-04-22 08:00:00,0
"10682",4445114986,2016-04-22 09:00:00,8
"10683",4445114986,2016-04-22 10:00:00,48
"10684",4445114986,2016-04-22 11:00:00,467
"10685",4445114986,2016-04-22 12:00:00,815
"10686",4445114986,2016-04-22 13:00:00,330
"10687",4445114986,2016-04-22 14:00:00,109
"10688",4445114986,2016-04-22 15:00:00,262
"10689",4445114986,2016-04-22 16:00:00,200
"10690",4445114986,2016-04-22 17:00:00,451
"10691",4445114986,2016-04-22 18:00:00,491
"10692",4445114986,2016-04-22 19:00:00,1175
"10693",4445114986,2016-04-22 20:00:00,487
"10694",4445114986,2016-04-22 21:00:00,550
"10695",4445114986,2016-04-22 22:00:00,444
"10696",4445114986,2016-04-22 23:00:00,499
"10697",4445114986,2016-04-23 00:00:00,0
"10698",4445114986,2016-04-23 01:00:00,0
"10699",4445114986,2016-04-23 02:00:00,0
"10700",4445114986,2016-04-23 03:00:00,0
"10701",4445114986,2016-04-23 04:00:00,0
"10702",4445114986,2016-04-23 05:00:00,0
"10703",4445114986,2016-04-23 06:00:00,0
"10704",4445114986,2016-04-23 07:00:00,0
"10705",4445114986,2016-04-23 08:00:00,0
"10706",4445114986,2016-04-23 09:00:00,0
"10707",4445114986,2016-04-23 10:00:00,0
"10708",4445114986,2016-04-23 11:00:00,0
"10709",4445114986,2016-04-23 12:00:00,210
"10710",4445114986,2016-04-23 13:00:00,864
"10711",4445114986,2016-04-23 14:00:00,408
"10712",4445114986,2016-04-23 15:00:00,39
"10713",4445114986,2016-04-23 16:00:00,193
"10714",4445114986,2016-04-23 17:00:00,235
"10715",4445114986,2016-04-23 18:00:00,520
"10716",4445114986,2016-04-23 19:00:00,561
"10717",4445114986,2016-04-23 20:00:00,266
"10718",4445114986,2016-04-23 21:00:00,413
"10719",4445114986,2016-04-23 22:00:00,511
"10720",4445114986,2016-04-23 23:00:00,143
"10721",4445114986,2016-04-24 00:00:00,148
"10722",4445114986,2016-04-24 01:00:00,232
"10723",4445114986,2016-04-24 02:00:00,80
"10724",4445114986,2016-04-24 03:00:00,0
"10725",4445114986,2016-04-24 04:00:00,0
"10726",4445114986,2016-04-24 05:00:00,0
"10727",4445114986,2016-04-24 06:00:00,0
"10728",4445114986,2016-04-24 07:00:00,0
"10729",4445114986,2016-04-24 08:00:00,0
"10730",4445114986,2016-04-24 09:00:00,693
"10731",4445114986,2016-04-24 10:00:00,303
"10732",4445114986,2016-04-24 11:00:00,644
"10733",4445114986,2016-04-24 12:00:00,223
"10734",4445114986,2016-04-24 13:00:00,113
"10735",4445114986,2016-04-24 14:00:00,88
"10736",4445114986,2016-04-24 15:00:00,299
"10737",4445114986,2016-04-24 16:00:00,425
"10738",4445114986,2016-04-24 17:00:00,579
"10739",4445114986,2016-04-24 18:00:00,324
"10740",4445114986,2016-04-24 19:00:00,494
"10741",4445114986,2016-04-24 20:00:00,230
"10742",4445114986,2016-04-24 21:00:00,80
"10743",4445114986,2016-04-24 22:00:00,0
"10744",4445114986,2016-04-24 23:00:00,47
"10745",4445114986,2016-04-25 00:00:00,99
"10746",4445114986,2016-04-25 01:00:00,83
"10747",4445114986,2016-04-25 02:00:00,0
"10748",4445114986,2016-04-25 03:00:00,0
"10749",4445114986,2016-04-25 04:00:00,8
"10750",4445114986,2016-04-25 05:00:00,76
"10751",4445114986,2016-04-25 06:00:00,0
"10752",4445114986,2016-04-25 07:00:00,53
"10753",4445114986,2016-04-25 08:00:00,8
"10754",4445114986,2016-04-25 09:00:00,0
"10755",4445114986,2016-04-25 10:00:00,0
"10756",4445114986,2016-04-25 11:00:00,0
"10757",4445114986,2016-04-25 12:00:00,0
"10758",4445114986,2016-04-25 13:00:00,0
"10759",4445114986,2016-04-25 14:00:00,340
"10760",4445114986,2016-04-25 15:00:00,248
"10761",4445114986,2016-04-25 16:00:00,360
"10762",4445114986,2016-04-25 17:00:00,595
"10763",4445114986,2016-04-25 18:00:00,94
"10764",4445114986,2016-04-25 19:00:00,428
"10765",4445114986,2016-04-25 20:00:00,147
"10766",4445114986,2016-04-25 21:00:00,158
"10767",4445114986,2016-04-25 22:00:00,386
"10768",4445114986,2016-04-25 23:00:00,302
"10769",4445114986,2016-04-26 00:00:00,0
"10770",4445114986,2016-04-26 01:00:00,186
"10771",4445114986,2016-04-26 02:00:00,0
"10772",4445114986,2016-04-26 03:00:00,0
"10773",4445114986,2016-04-26 04:00:00,10
"10774",4445114986,2016-04-26 05:00:00,17
"10775",4445114986,2016-04-26 06:00:00,0
"10776",4445114986,2016-04-26 07:00:00,19
"10777",4445114986,2016-04-26 08:00:00,0
"10778",4445114986,2016-04-26 09:00:00,0
"10779",4445114986,2016-04-26 10:00:00,119
"10780",4445114986,2016-04-26 11:00:00,374
"10781",4445114986,2016-04-26 12:00:00,355
"10782",4445114986,2016-04-26 13:00:00,265
"10783",4445114986,2016-04-26 14:00:00,151
"10784",4445114986,2016-04-26 15:00:00,159
"10785",4445114986,2016-04-26 16:00:00,10
"10786",4445114986,2016-04-26 17:00:00,180
"10787",4445114986,2016-04-26 18:00:00,357
"10788",4445114986,2016-04-26 19:00:00,3567
"10789",4445114986,2016-04-26 20:00:00,81
"10790",4445114986,2016-04-26 21:00:00,13
"10791",4445114986,2016-04-26 22:00:00,95
"10792",4445114986,2016-04-26 23:00:00,368
"10793",4445114986,2016-04-27 00:00:00,7
"10794",4445114986,2016-04-27 01:00:00,62
"10795",4445114986,2016-04-27 02:00:00,103
"10796",4445114986,2016-04-27 03:00:00,17
"10797",4445114986,2016-04-27 04:00:00,0
"10798",4445114986,2016-04-27 05:00:00,23
"10799",4445114986,2016-04-27 06:00:00,12
"10800",4445114986,2016-04-27 07:00:00,0
"10801",4445114986,2016-04-27 08:00:00,0
"10802",4445114986,2016-04-27 09:00:00,0
"10803",4445114986,2016-04-27 10:00:00,42
"10804",4445114986,2016-04-27 11:00:00,58
"10805",4445114986,2016-04-27 12:00:00,392
"10806",4445114986,2016-04-27 13:00:00,197
"10807",4445114986,2016-04-27 14:00:00,92
"10808",4445114986,2016-04-27 15:00:00,129
"10809",4445114986,2016-04-27 16:00:00,326
"10810",4445114986,2016-04-27 17:00:00,318
"10811",4445114986,2016-04-27 18:00:00,3941
"10812",4445114986,2016-04-27 19:00:00,405
"10813",4445114986,2016-04-27 20:00:00,218
"10814",4445114986,2016-04-27 21:00:00,420
"10815",4445114986,2016-04-27 22:00:00,54
"10816",4445114986,2016-04-27 23:00:00,427
"10817",4445114986,2016-04-28 00:00:00,0
"10818",4445114986,2016-04-28 01:00:00,183
"10819",4445114986,2016-04-28 02:00:00,38
"10820",4445114986,2016-04-28 03:00:00,13
"10821",4445114986,2016-04-28 04:00:00,24
"10822",4445114986,2016-04-28 05:00:00,0
"10823",4445114986,2016-04-28 06:00:00,0
"10824",4445114986,2016-04-28 07:00:00,7
"10825",4445114986,2016-04-28 08:00:00,7
"10826",4445114986,2016-04-28 09:00:00,0
"10827",4445114986,2016-04-28 10:00:00,6
"10828",4445114986,2016-04-28 11:00:00,270
"10829",4445114986,2016-04-28 12:00:00,387
"10830",4445114986,2016-04-28 13:00:00,110
"10831",4445114986,2016-04-28 14:00:00,443
"10832",4445114986,2016-04-28 15:00:00,455
"10833",4445114986,2016-04-28 16:00:00,496
"10834",4445114986,2016-04-28 17:00:00,10
"10835",4445114986,2016-04-28 18:00:00,469
"10836",4445114986,2016-04-28 19:00:00,595
"10837",4445114986,2016-04-28 20:00:00,226
"10838",4445114986,2016-04-28 21:00:00,134
"10839",4445114986,2016-04-28 22:00:00,323
"10840",4445114986,2016-04-28 23:00:00,297
"10841",4445114986,2016-04-29 00:00:00,0
"10842",4445114986,2016-04-29 01:00:00,80
"10843",4445114986,2016-04-29 02:00:00,0
"10844",4445114986,2016-04-29 03:00:00,0
"10845",4445114986,2016-04-29 04:00:00,95
"10846",4445114986,2016-04-29 05:00:00,0
"10847",4445114986,2016-04-29 06:00:00,0
"10848",4445114986,2016-04-29 07:00:00,42
"10849",4445114986,2016-04-29 08:00:00,18
"10850",4445114986,2016-04-29 09:00:00,0
"10851",4445114986,2016-04-29 10:00:00,0
"10852",4445114986,2016-04-29 11:00:00,0
"10853",4445114986,2016-04-29 12:00:00,0
"10854",4445114986,2016-04-29 13:00:00,237
"10855",4445114986,2016-04-29 14:00:00,145
"10856",4445114986,2016-04-29 15:00:00,148
"10857",4445114986,2016-04-29 16:00:00,468
"10858",4445114986,2016-04-29 17:00:00,661
"10859",4445114986,2016-04-29 18:00:00,614
"10860",4445114986,2016-04-29 19:00:00,207
"10861",4445114986,2016-04-29 20:00:00,369
"10862",4445114986,2016-04-29 21:00:00,341
"10863",4445114986,2016-04-29 22:00:00,612
"10864",4445114986,2016-04-29 23:00:00,621
"10865",4445114986,2016-04-30 00:00:00,165
"10866",4445114986,2016-04-30 01:00:00,67
"10867",4445114986,2016-04-30 02:00:00,0
"10868",4445114986,2016-04-30 03:00:00,0
"10869",4445114986,2016-04-30 04:00:00,0
"10870",4445114986,2016-04-30 05:00:00,23
"10871",4445114986,2016-04-30 06:00:00,0
"10872",4445114986,2016-04-30 07:00:00,0
"10873",4445114986,2016-04-30 08:00:00,427
"10874",4445114986,2016-04-30 09:00:00,363
"10875",4445114986,2016-04-30 10:00:00,78
"10876",4445114986,2016-04-30 11:00:00,136
"10877",4445114986,2016-04-30 12:00:00,415
"10878",4445114986,2016-04-30 13:00:00,464
"10879",4445114986,2016-04-30 14:00:00,40
"10880",4445114986,2016-04-30 15:00:00,786
"10881",4445114986,2016-04-30 16:00:00,707
"10882",4445114986,2016-04-30 17:00:00,597
"10883",4445114986,2016-04-30 18:00:00,551
"10884",4445114986,2016-04-30 19:00:00,643
"10885",4445114986,2016-04-30 20:00:00,38
"10886",4445114986,2016-04-30 21:00:00,112
"10887",4445114986,2016-04-30 22:00:00,384
"10888",4445114986,2016-04-30 23:00:00,226
"10889",4445114986,2016-05-01 00:00:00,125
"10890",4445114986,2016-05-01 01:00:00,22
"10891",4445114986,2016-05-01 02:00:00,0
"10892",4445114986,2016-05-01 03:00:00,0
"10893",4445114986,2016-05-01 04:00:00,0
"10894",4445114986,2016-05-01 05:00:00,0
"10895",4445114986,2016-05-01 06:00:00,0
"10896",4445114986,2016-05-01 07:00:00,35
"10897",4445114986,2016-05-01 08:00:00,47
"10898",4445114986,2016-05-01 09:00:00,14
"10899",4445114986,2016-05-01 10:00:00,8
"10900",4445114986,2016-05-01 11:00:00,46
"10901",4445114986,2016-05-01 12:00:00,269
"10902",4445114986,2016-05-01 13:00:00,791
"10903",4445114986,2016-05-01 14:00:00,414
"10904",4445114986,2016-05-01 15:00:00,1298
"10905",4445114986,2016-05-01 16:00:00,222
"10906",4445114986,2016-05-01 17:00:00,316
"10907",4445114986,2016-05-01 18:00:00,110
"10908",4445114986,2016-05-01 19:00:00,459
"10909",4445114986,2016-05-01 20:00:00,289
"10910",4445114986,2016-05-01 21:00:00,213
"10911",4445114986,2016-05-01 22:00:00,379
"10912",4445114986,2016-05-01 23:00:00,175
"10913",4445114986,2016-05-02 00:00:00,0
"10914",4445114986,2016-05-02 01:00:00,52
"10915",4445114986,2016-05-02 02:00:00,12
"10916",4445114986,2016-05-02 03:00:00,0
"10917",4445114986,2016-05-02 04:00:00,11
"10918",4445114986,2016-05-02 05:00:00,0
"10919",4445114986,2016-05-02 06:00:00,0
"10920",4445114986,2016-05-02 07:00:00,0
"10921",4445114986,2016-05-02 08:00:00,54
"10922",4445114986,2016-05-02 09:00:00,0
"10923",4445114986,2016-05-02 10:00:00,9
"10924",4445114986,2016-05-02 11:00:00,71
"10925",4445114986,2016-05-02 12:00:00,432
"10926",4445114986,2016-05-02 13:00:00,256
"10927",4445114986,2016-05-02 14:00:00,277
"10928",4445114986,2016-05-02 15:00:00,202
"10929",4445114986,2016-05-02 16:00:00,172
"10930",4445114986,2016-05-02 17:00:00,15
"10931",4445114986,2016-05-02 18:00:00,3764
"10932",4445114986,2016-05-02 19:00:00,264
"10933",4445114986,2016-05-02 20:00:00,483
"10934",4445114986,2016-05-02 21:00:00,420
"10935",4445114986,2016-05-02 22:00:00,218
"10936",4445114986,2016-05-02 23:00:00,198
"10937",4445114986,2016-05-03 00:00:00,0
"10938",4445114986,2016-05-03 01:00:00,78
"10939",4445114986,2016-05-03 02:00:00,0
"10940",4445114986,2016-05-03 03:00:00,0
"10941",4445114986,2016-05-03 04:00:00,0
"10942",4445114986,2016-05-03 05:00:00,0
"10943",4445114986,2016-05-03 06:00:00,0
"10944",4445114986,2016-05-03 07:00:00,6
"10945",4445114986,2016-05-03 08:00:00,246
"10946",4445114986,2016-05-03 09:00:00,93
"10947",4445114986,2016-05-03 10:00:00,7
"10948",4445114986,2016-05-03 11:00:00,29
"10949",4445114986,2016-05-03 12:00:00,227
"10950",4445114986,2016-05-03 13:00:00,514
"10951",4445114986,2016-05-03 14:00:00,188
"10952",4445114986,2016-05-03 15:00:00,533
"10953",4445114986,2016-05-03 16:00:00,468
"10954",4445114986,2016-05-03 17:00:00,37
"10955",4445114986,2016-05-03 18:00:00,3955
"10956",4445114986,2016-05-03 19:00:00,245
"10957",4445114986,2016-05-03 20:00:00,185
"10958",4445114986,2016-05-03 21:00:00,337
"10959",4445114986,2016-05-03 22:00:00,215
"10960",4445114986,2016-05-03 23:00:00,139
"10961",4445114986,2016-05-04 00:00:00,92
"10962",4445114986,2016-05-04 01:00:00,45
"10963",4445114986,2016-05-04 02:00:00,31
"10964",4445114986,2016-05-04 03:00:00,0
"10965",4445114986,2016-05-04 04:00:00,0
"10966",4445114986,2016-05-04 05:00:00,10
"10967",4445114986,2016-05-04 06:00:00,54
"10968",4445114986,2016-05-04 07:00:00,25
"10969",4445114986,2016-05-04 08:00:00,0
"10970",4445114986,2016-05-04 09:00:00,0
"10971",4445114986,2016-05-04 10:00:00,14
"10972",4445114986,2016-05-04 11:00:00,28
"10973",4445114986,2016-05-04 12:00:00,207
"10974",4445114986,2016-05-04 13:00:00,110
"10975",4445114986,2016-05-04 14:00:00,38
"10976",4445114986,2016-05-04 15:00:00,232
"10977",4445114986,2016-05-04 16:00:00,133
"10978",4445114986,2016-05-04 17:00:00,173
"10979",4445114986,2016-05-04 18:00:00,400
"10980",4445114986,2016-05-04 19:00:00,737
"10981",4445114986,2016-05-04 20:00:00,122
"10982",4445114986,2016-05-04 21:00:00,144
"10983",4445114986,2016-05-04 22:00:00,30
"10984",4445114986,2016-05-04 23:00:00,298
"10985",4445114986,2016-05-05 00:00:00,9
"10986",4445114986,2016-05-05 01:00:00,74
"10987",4445114986,2016-05-05 02:00:00,0
"10988",4445114986,2016-05-05 03:00:00,0
"10989",4445114986,2016-05-05 04:00:00,0
"10990",4445114986,2016-05-05 05:00:00,14
"10991",4445114986,2016-05-05 06:00:00,0
"10992",4445114986,2016-05-05 07:00:00,44
"10993",4445114986,2016-05-05 08:00:00,21
"10994",4445114986,2016-05-05 09:00:00,0
"10995",4445114986,2016-05-05 10:00:00,0
"10996",4445114986,2016-05-05 11:00:00,0
"10997",4445114986,2016-05-05 12:00:00,210
"10998",4445114986,2016-05-05 13:00:00,96
"10999",4445114986,2016-05-05 14:00:00,530
"11000",4445114986,2016-05-05 15:00:00,172
"11001",4445114986,2016-05-05 16:00:00,842
"11002",4445114986,2016-05-05 17:00:00,454
"11003",4445114986,2016-05-05 18:00:00,125
"11004",4445114986,2016-05-05 19:00:00,372
"11005",4445114986,2016-05-05 20:00:00,0
"11006",4445114986,2016-05-05 21:00:00,349
"11007",4445114986,2016-05-05 22:00:00,244
"11008",4445114986,2016-05-05 23:00:00,244
"11009",4445114986,2016-05-06 00:00:00,33
"11010",4445114986,2016-05-06 01:00:00,111
"11011",4445114986,2016-05-06 02:00:00,7
"11012",4445114986,2016-05-06 03:00:00,44
"11013",4445114986,2016-05-06 04:00:00,12
"11014",4445114986,2016-05-06 05:00:00,0
"11015",4445114986,2016-05-06 06:00:00,0
"11016",4445114986,2016-05-06 07:00:00,86
"11017",4445114986,2016-05-06 08:00:00,447
"11018",4445114986,2016-05-06 09:00:00,22
"11019",4445114986,2016-05-06 10:00:00,11
"11020",4445114986,2016-05-06 11:00:00,58
"11021",4445114986,2016-05-06 12:00:00,341
"11022",4445114986,2016-05-06 13:00:00,377
"11023",4445114986,2016-05-06 14:00:00,150
"11024",4445114986,2016-05-06 15:00:00,104
"11025",4445114986,2016-05-06 16:00:00,133
"11026",4445114986,2016-05-06 17:00:00,340
"11027",4445114986,2016-05-06 18:00:00,669
"11028",4445114986,2016-05-06 19:00:00,597
"11029",4445114986,2016-05-06 20:00:00,233
"11030",4445114986,2016-05-06 21:00:00,10
"11031",4445114986,2016-05-06 22:00:00,162
"11032",4445114986,2016-05-06 23:00:00,567
"11033",4445114986,2016-05-07 00:00:00,201
"11034",4445114986,2016-05-07 01:00:00,165
"11035",4445114986,2016-05-07 02:00:00,55
"11036",4445114986,2016-05-07 03:00:00,0
"11037",4445114986,2016-05-07 04:00:00,0
"11038",4445114986,2016-05-07 05:00:00,0
"11039",4445114986,2016-05-07 06:00:00,15
"11040",4445114986,2016-05-07 07:00:00,7
"11041",4445114986,2016-05-07 08:00:00,0
"11042",4445114986,2016-05-07 09:00:00,270
"11043",4445114986,2016-05-07 10:00:00,3403
"11044",4445114986,2016-05-07 11:00:00,0
"11045",4445114986,2016-05-07 12:00:00,0
"11046",4445114986,2016-05-07 13:00:00,0
"11047",4445114986,2016-05-07 14:00:00,14
"11048",4445114986,2016-05-07 15:00:00,0
"11049",4445114986,2016-05-07 16:00:00,0
"11050",4445114986,2016-05-07 17:00:00,154
"11051",4445114986,2016-05-07 18:00:00,359
"11052",4445114986,2016-05-07 19:00:00,138
"11053",4445114986,2016-05-07 20:00:00,155
"11054",4445114986,2016-05-07 21:00:00,41
"11055",4445114986,2016-05-07 22:00:00,190
"11056",4445114986,2016-05-07 23:00:00,0
"11057",4445114986,2016-05-08 00:00:00,0
"11058",4445114986,2016-05-08 01:00:00,0
"11059",4445114986,2016-05-08 02:00:00,0
"11060",4445114986,2016-05-08 03:00:00,0
"11061",4445114986,2016-05-08 04:00:00,0
"11062",4445114986,2016-05-08 05:00:00,0
"11063",4445114986,2016-05-08 06:00:00,0
"11064",4445114986,2016-05-08 07:00:00,0
"11065",4445114986,2016-05-08 08:00:00,0
"11066",4445114986,2016-05-08 09:00:00,147
"11067",4445114986,2016-05-08 10:00:00,219
"11068",4445114986,2016-05-08 11:00:00,539
"11069",4445114986,2016-05-08 12:00:00,415
"11070",4445114986,2016-05-08 13:00:00,864
"11071",4445114986,2016-05-08 14:00:00,939
"11072",4445114986,2016-05-08 15:00:00,1217
"11073",4445114986,2016-05-08 16:00:00,630
"11074",4445114986,2016-05-08 17:00:00,765
"11075",4445114986,2016-05-08 18:00:00,238
"11076",4445114986,2016-05-08 19:00:00,692
"11077",4445114986,2016-05-08 20:00:00,378
"11078",4445114986,2016-05-08 21:00:00,42
"11079",4445114986,2016-05-08 22:00:00,191
"11080",4445114986,2016-05-08 23:00:00,27
"11081",4445114986,2016-05-09 00:00:00,4
"11082",4445114986,2016-05-09 01:00:00,10
"11083",4445114986,2016-05-09 02:00:00,8
"11084",4445114986,2016-05-09 03:00:00,11
"11085",4445114986,2016-05-09 04:00:00,0
"11086",4445114986,2016-05-09 05:00:00,0
"11087",4445114986,2016-05-09 06:00:00,40
"11088",4445114986,2016-05-09 07:00:00,18
"11089",4445114986,2016-05-09 08:00:00,0
"11090",4445114986,2016-05-09 09:00:00,18
"11091",4445114986,2016-05-09 10:00:00,341
"11092",4445114986,2016-05-09 11:00:00,839
"11093",4445114986,2016-05-09 12:00:00,96
"11094",4445114986,2016-05-09 13:00:00,411
"11095",4445114986,2016-05-09 14:00:00,522
"11096",4445114986,2016-05-09 15:00:00,135
"11097",4445114986,2016-05-09 16:00:00,232
"11098",4445114986,2016-05-09 17:00:00,160
"11099",4445114986,2016-05-09 18:00:00,127
"11100",4445114986,2016-05-09 19:00:00,336
"11101",4445114986,2016-05-09 20:00:00,839
"11102",4445114986,2016-05-09 21:00:00,479
"11103",4445114986,2016-05-09 22:00:00,402
"11104",4445114986,2016-05-09 23:00:00,247
"11105",4445114986,2016-05-10 00:00:00,106
"11106",4445114986,2016-05-10 01:00:00,46
"11107",4445114986,2016-05-10 02:00:00,32
"11108",4445114986,2016-05-10 03:00:00,0
"11109",4445114986,2016-05-10 04:00:00,0
"11110",4445114986,2016-05-10 05:00:00,39
"11111",4445114986,2016-05-10 06:00:00,0
"11112",4445114986,2016-05-10 07:00:00,6
"11113",4445114986,2016-05-10 08:00:00,86
"11114",4445114986,2016-05-10 09:00:00,16
"11115",4445114986,2016-05-10 10:00:00,79
"11116",4445114986,2016-05-10 11:00:00,189
"11117",4445114986,2016-05-10 12:00:00,238
"11118",4445114986,2016-05-10 13:00:00,365
"11119",4445114986,2016-05-10 14:00:00,157
"11120",4445114986,2016-05-10 15:00:00,148
"11121",4445114986,2016-05-10 16:00:00,430
"11122",4445114986,2016-05-10 17:00:00,265
"11123",4445114986,2016-05-10 18:00:00,564
"11124",4445114986,2016-05-10 19:00:00,407
"11125",4445114986,2016-05-10 20:00:00,79
"11126",4445114986,2016-05-10 21:00:00,163
"11127",4445114986,2016-05-10 22:00:00,330
"11128",4445114986,2016-05-10 23:00:00,170
"11129",4445114986,2016-05-11 00:00:00,51
"11130",4445114986,2016-05-11 01:00:00,56
"11131",4445114986,2016-05-11 02:00:00,0
"11132",4445114986,2016-05-11 03:00:00,0
"11133",4445114986,2016-05-11 04:00:00,11
"11134",4445114986,2016-05-11 05:00:00,16
"11135",4445114986,2016-05-11 06:00:00,0
"11136",4445114986,2016-05-11 07:00:00,0
"11137",4445114986,2016-05-11 08:00:00,0
"11138",4445114986,2016-05-11 09:00:00,0
"11139",4445114986,2016-05-11 10:00:00,253
"11140",4445114986,2016-05-11 11:00:00,0
"11141",4445114986,2016-05-11 12:00:00,258
"11142",4445114986,2016-05-11 13:00:00,4379
"11143",4445114986,2016-05-11 14:00:00,890
"11144",4445114986,2016-05-11 15:00:00,79
"11145",4445114986,2016-05-11 16:00:00,339
"11146",4445114986,2016-05-11 17:00:00,214
"11147",4445114986,2016-05-11 18:00:00,318
"11148",4445114986,2016-05-11 19:00:00,445
"11149",4445114986,2016-05-11 20:00:00,487
"11150",4445114986,2016-05-11 21:00:00,389
"11151",4445114986,2016-05-11 22:00:00,188
"11152",4445114986,2016-05-11 23:00:00,732
"11153",4445114986,2016-05-12 00:00:00,0
"11154",4445114986,2016-05-12 01:00:00,11
"11155",4445114986,2016-05-12 02:00:00,0
"11156",4445114986,2016-05-12 03:00:00,8
"11157",4445114986,2016-05-12 04:00:00,29
"11158",4445114986,2016-05-12 05:00:00,0
"11159",4445114986,2016-05-12 06:00:00,0
"11160",4445114986,2016-05-12 07:00:00,16
"11161",4445114986,2016-05-12 08:00:00,0
"11162",4445114986,2016-05-12 09:00:00,0
"11163",4445114986,2016-05-12 10:00:00,180
"11164",4445114986,2016-05-12 11:00:00,142
"11165",4445114986,2016-05-12 12:00:00,98
"11166",4445114986,2016-05-12 13:00:00,51
"11167",4445114986,2016-05-12 14:00:00,152
"11168",4558609924,2016-04-12 00:00:00,0
"11169",4558609924,2016-04-12 01:00:00,0
"11170",4558609924,2016-04-12 02:00:00,0
"11171",4558609924,2016-04-12 03:00:00,0
"11172",4558609924,2016-04-12 04:00:00,0
"11173",4558609924,2016-04-12 05:00:00,0
"11174",4558609924,2016-04-12 06:00:00,151
"11175",4558609924,2016-04-12 07:00:00,208
"11176",4558609924,2016-04-12 08:00:00,163
"11177",4558609924,2016-04-12 09:00:00,514
"11178",4558609924,2016-04-12 10:00:00,526
"11179",4558609924,2016-04-12 11:00:00,397
"11180",4558609924,2016-04-12 12:00:00,230
"11181",4558609924,2016-04-12 13:00:00,277
"11182",4558609924,2016-04-12 14:00:00,561
"11183",4558609924,2016-04-12 15:00:00,24
"11184",4558609924,2016-04-12 16:00:00,684
"11185",4558609924,2016-04-12 17:00:00,402
"11186",4558609924,2016-04-12 18:00:00,398
"11187",4558609924,2016-04-12 19:00:00,161
"11188",4558609924,2016-04-12 20:00:00,148
"11189",4558609924,2016-04-12 21:00:00,146
"11190",4558609924,2016-04-12 22:00:00,145
"11191",4558609924,2016-04-12 23:00:00,0
"11192",4558609924,2016-04-13 00:00:00,0
"11193",4558609924,2016-04-13 01:00:00,0
"11194",4558609924,2016-04-13 02:00:00,0
"11195",4558609924,2016-04-13 03:00:00,0
"11196",4558609924,2016-04-13 04:00:00,0
"11197",4558609924,2016-04-13 05:00:00,0
"11198",4558609924,2016-04-13 06:00:00,0
"11199",4558609924,2016-04-13 07:00:00,0
"11200",4558609924,2016-04-13 08:00:00,0
"11201",4558609924,2016-04-13 09:00:00,0
"11202",4558609924,2016-04-13 10:00:00,0
"11203",4558609924,2016-04-13 11:00:00,272
"11204",4558609924,2016-04-13 12:00:00,701
"11205",4558609924,2016-04-13 13:00:00,316
"11206",4558609924,2016-04-13 14:00:00,292
"11207",4558609924,2016-04-13 15:00:00,113
"11208",4558609924,2016-04-13 16:00:00,1957
"11209",4558609924,2016-04-13 17:00:00,1303
"11210",4558609924,2016-04-13 18:00:00,24
"11211",4558609924,2016-04-13 19:00:00,0
"11212",4558609924,2016-04-13 20:00:00,0
"11213",4558609924,2016-04-13 21:00:00,0
"11214",4558609924,2016-04-13 22:00:00,0
"11215",4558609924,2016-04-13 23:00:00,0
"11216",4558609924,2016-04-14 00:00:00,0
"11217",4558609924,2016-04-14 01:00:00,0
"11218",4558609924,2016-04-14 02:00:00,0
"11219",4558609924,2016-04-14 03:00:00,0
"11220",4558609924,2016-04-14 04:00:00,0
"11221",4558609924,2016-04-14 05:00:00,0
"11222",4558609924,2016-04-14 06:00:00,0
"11223",4558609924,2016-04-14 07:00:00,0
"11224",4558609924,2016-04-14 08:00:00,0
"11225",4558609924,2016-04-14 09:00:00,622
"11226",4558609924,2016-04-14 10:00:00,280
"11227",4558609924,2016-04-14 11:00:00,238
"11228",4558609924,2016-04-14 12:00:00,528
"11229",4558609924,2016-04-14 13:00:00,688
"11230",4558609924,2016-04-14 14:00:00,1032
"11231",4558609924,2016-04-14 15:00:00,71
"11232",4558609924,2016-04-14 16:00:00,984
"11233",4558609924,2016-04-14 17:00:00,966
"11234",4558609924,2016-04-14 18:00:00,216
"11235",4558609924,2016-04-14 19:00:00,431
"11236",4558609924,2016-04-14 20:00:00,576
"11237",4558609924,2016-04-14 21:00:00,112
"11238",4558609924,2016-04-14 22:00:00,55
"11239",4558609924,2016-04-14 23:00:00,0
"11240",4558609924,2016-04-15 00:00:00,0
"11241",4558609924,2016-04-15 01:00:00,0
"11242",4558609924,2016-04-15 02:00:00,0
"11243",4558609924,2016-04-15 03:00:00,0
"11244",4558609924,2016-04-15 04:00:00,0
"11245",4558609924,2016-04-15 05:00:00,0
"11246",4558609924,2016-04-15 06:00:00,0
"11247",4558609924,2016-04-15 07:00:00,0
"11248",4558609924,2016-04-15 08:00:00,110
"11249",4558609924,2016-04-15 09:00:00,269
"11250",4558609924,2016-04-15 10:00:00,411
"11251",4558609924,2016-04-15 11:00:00,468
"11252",4558609924,2016-04-15 12:00:00,459
"11253",4558609924,2016-04-15 13:00:00,1578
"11254",4558609924,2016-04-15 14:00:00,962
"11255",4558609924,2016-04-15 15:00:00,237
"11256",4558609924,2016-04-15 16:00:00,414
"11257",4558609924,2016-04-15 17:00:00,932
"11258",4558609924,2016-04-15 18:00:00,259
"11259",4558609924,2016-04-15 19:00:00,1238
"11260",4558609924,2016-04-15 20:00:00,234
"11261",4558609924,2016-04-15 21:00:00,10
"11262",4558609924,2016-04-15 22:00:00,150
"11263",4558609924,2016-04-15 23:00:00,64
"11264",4558609924,2016-04-16 00:00:00,89
"11265",4558609924,2016-04-16 01:00:00,0
"11266",4558609924,2016-04-16 02:00:00,11
"11267",4558609924,2016-04-16 03:00:00,0
"11268",4558609924,2016-04-16 04:00:00,0
"11269",4558609924,2016-04-16 05:00:00,0
"11270",4558609924,2016-04-16 06:00:00,0
"11271",4558609924,2016-04-16 07:00:00,0
"11272",4558609924,2016-04-16 08:00:00,0
"11273",4558609924,2016-04-16 09:00:00,270
"11274",4558609924,2016-04-16 10:00:00,604
"11275",4558609924,2016-04-16 11:00:00,128
"11276",4558609924,2016-04-16 12:00:00,514
"11277",4558609924,2016-04-16 13:00:00,464
"11278",4558609924,2016-04-16 14:00:00,917
"11279",4558609924,2016-04-16 15:00:00,573
"11280",4558609924,2016-04-16 16:00:00,465
"11281",4558609924,2016-04-16 17:00:00,279
"11282",4558609924,2016-04-16 18:00:00,364
"11283",4558609924,2016-04-16 19:00:00,2036
"11284",4558609924,2016-04-16 20:00:00,384
"11285",4558609924,2016-04-16 21:00:00,30
"11286",4558609924,2016-04-16 22:00:00,29
"11287",4558609924,2016-04-16 23:00:00,108
"11288",4558609924,2016-04-17 00:00:00,32
"11289",4558609924,2016-04-17 01:00:00,0
"11290",4558609924,2016-04-17 02:00:00,0
"11291",4558609924,2016-04-17 03:00:00,0
"11292",4558609924,2016-04-17 04:00:00,0
"11293",4558609924,2016-04-17 05:00:00,0
"11294",4558609924,2016-04-17 06:00:00,0
"11295",4558609924,2016-04-17 07:00:00,0
"11296",4558609924,2016-04-17 08:00:00,0
"11297",4558609924,2016-04-17 09:00:00,360
"11298",4558609924,2016-04-17 10:00:00,661
"11299",4558609924,2016-04-17 11:00:00,2127
"11300",4558609924,2016-04-17 12:00:00,2483
"11301",4558609924,2016-04-17 13:00:00,258
"11302",4558609924,2016-04-17 14:00:00,717
"11303",4558609924,2016-04-17 15:00:00,246
"11304",4558609924,2016-04-17 16:00:00,336
"11305",4558609924,2016-04-17 17:00:00,800
"11306",4558609924,2016-04-17 18:00:00,45
"11307",4558609924,2016-04-17 19:00:00,659
"11308",4558609924,2016-04-17 20:00:00,272
"11309",4558609924,2016-04-17 21:00:00,349
"11310",4558609924,2016-04-17 22:00:00,284
"11311",4558609924,2016-04-17 23:00:00,5
"11312",4558609924,2016-04-18 00:00:00,0
"11313",4558609924,2016-04-18 01:00:00,0
"11314",4558609924,2016-04-18 02:00:00,0
"11315",4558609924,2016-04-18 03:00:00,0
"11316",4558609924,2016-04-18 04:00:00,0
"11317",4558609924,2016-04-18 05:00:00,0
"11318",4558609924,2016-04-18 06:00:00,0
"11319",4558609924,2016-04-18 07:00:00,120
"11320",4558609924,2016-04-18 08:00:00,401
"11321",4558609924,2016-04-18 09:00:00,329
"11322",4558609924,2016-04-18 10:00:00,292
"11323",4558609924,2016-04-18 11:00:00,893
"11324",4558609924,2016-04-18 12:00:00,309
"11325",4558609924,2016-04-18 13:00:00,487
"11326",4558609924,2016-04-18 14:00:00,243
"11327",4558609924,2016-04-18 15:00:00,292
"11328",4558609924,2016-04-18 16:00:00,3396
"11329",4558609924,2016-04-18 17:00:00,547
"11330",4558609924,2016-04-18 18:00:00,463
"11331",4558609924,2016-04-18 19:00:00,596
"11332",4558609924,2016-04-18 20:00:00,471
"11333",4558609924,2016-04-18 21:00:00,92
"11334",4558609924,2016-04-18 22:00:00,9
"11335",4558609924,2016-04-18 23:00:00,0
"11336",4558609924,2016-04-19 00:00:00,0
"11337",4558609924,2016-04-19 01:00:00,0
"11338",4558609924,2016-04-19 02:00:00,0
"11339",4558609924,2016-04-19 03:00:00,0
"11340",4558609924,2016-04-19 04:00:00,0
"11341",4558609924,2016-04-19 05:00:00,0
"11342",4558609924,2016-04-19 06:00:00,0
"11343",4558609924,2016-04-19 07:00:00,0
"11344",4558609924,2016-04-19 08:00:00,0
"11345",4558609924,2016-04-19 09:00:00,0
"11346",4558609924,2016-04-19 10:00:00,0
"11347",4558609924,2016-04-19 11:00:00,0
"11348",4558609924,2016-04-19 12:00:00,27
"11349",4558609924,2016-04-19 13:00:00,480
"11350",4558609924,2016-04-19 14:00:00,444
"11351",4558609924,2016-04-19 15:00:00,197
"11352",4558609924,2016-04-19 16:00:00,386
"11353",4558609924,2016-04-19 17:00:00,1134
"11354",4558609924,2016-04-19 18:00:00,503
"11355",4558609924,2016-04-19 19:00:00,882
"11356",4558609924,2016-04-19 20:00:00,501
"11357",4558609924,2016-04-19 21:00:00,278
"11358",4558609924,2016-04-19 22:00:00,539
"11359",4558609924,2016-04-19 23:00:00,30
"11360",4558609924,2016-04-20 00:00:00,29
"11361",4558609924,2016-04-20 01:00:00,0
"11362",4558609924,2016-04-20 02:00:00,0
"11363",4558609924,2016-04-20 03:00:00,0
"11364",4558609924,2016-04-20 04:00:00,0
"11365",4558609924,2016-04-20 05:00:00,0
"11366",4558609924,2016-04-20 06:00:00,0
"11367",4558609924,2016-04-20 07:00:00,0
"11368",4558609924,2016-04-20 08:00:00,0
"11369",4558609924,2016-04-20 09:00:00,0
"11370",4558609924,2016-04-20 10:00:00,69
"11371",4558609924,2016-04-20 11:00:00,442
"11372",4558609924,2016-04-20 12:00:00,305
"11373",4558609924,2016-04-20 13:00:00,442
"11374",4558609924,2016-04-20 14:00:00,315
"11375",4558609924,2016-04-20 15:00:00,252
"11376",4558609924,2016-04-20 16:00:00,190
"11377",4558609924,2016-04-20 17:00:00,453
"11378",4558609924,2016-04-20 18:00:00,723
"11379",4558609924,2016-04-20 19:00:00,640
"11380",4558609924,2016-04-20 20:00:00,499
"11381",4558609924,2016-04-20 21:00:00,100
"11382",4558609924,2016-04-20 22:00:00,139
"11383",4558609924,2016-04-20 23:00:00,205
"11384",4558609924,2016-04-21 00:00:00,58
"11385",4558609924,2016-04-21 01:00:00,0
"11386",4558609924,2016-04-21 02:00:00,11
"11387",4558609924,2016-04-21 03:00:00,0
"11388",4558609924,2016-04-21 04:00:00,0
"11389",4558609924,2016-04-21 05:00:00,0
"11390",4558609924,2016-04-21 06:00:00,0
"11391",4558609924,2016-04-21 07:00:00,188
"11392",4558609924,2016-04-21 08:00:00,1190
"11393",4558609924,2016-04-21 09:00:00,1096
"11394",4558609924,2016-04-21 10:00:00,1954
"11395",4558609924,2016-04-21 11:00:00,1449
"11396",4558609924,2016-04-21 12:00:00,1045
"11397",4558609924,2016-04-21 13:00:00,556
"11398",4558609924,2016-04-21 14:00:00,548
"11399",4558609924,2016-04-21 15:00:00,446
"11400",4558609924,2016-04-21 16:00:00,803
"11401",4558609924,2016-04-21 17:00:00,1498
"11402",4558609924,2016-04-21 18:00:00,1686
"11403",4558609924,2016-04-21 19:00:00,422
"11404",4558609924,2016-04-21 20:00:00,212
"11405",4558609924,2016-04-21 21:00:00,271
"11406",4558609924,2016-04-21 22:00:00,208
"11407",4558609924,2016-04-21 23:00:00,102
"11408",4558609924,2016-04-22 00:00:00,32
"11409",4558609924,2016-04-22 01:00:00,62
"11410",4558609924,2016-04-22 02:00:00,0
"11411",4558609924,2016-04-22 03:00:00,0
"11412",4558609924,2016-04-22 04:00:00,0
"11413",4558609924,2016-04-22 05:00:00,0
"11414",4558609924,2016-04-22 06:00:00,0
"11415",4558609924,2016-04-22 07:00:00,0
"11416",4558609924,2016-04-22 08:00:00,0
"11417",4558609924,2016-04-22 09:00:00,235
"11418",4558609924,2016-04-22 10:00:00,487
"11419",4558609924,2016-04-22 11:00:00,387
"11420",4558609924,2016-04-22 12:00:00,147
"11421",4558609924,2016-04-22 13:00:00,365
"11422",4558609924,2016-04-22 14:00:00,438
"11423",4558609924,2016-04-22 15:00:00,829
"11424",4558609924,2016-04-22 16:00:00,367
"11425",4558609924,2016-04-22 17:00:00,317
"11426",4558609924,2016-04-22 18:00:00,4688
"11427",4558609924,2016-04-22 19:00:00,73
"11428",4558609924,2016-04-22 20:00:00,520
"11429",4558609924,2016-04-22 21:00:00,173
"11430",4558609924,2016-04-22 22:00:00,454
"11431",4558609924,2016-04-22 23:00:00,27
"11432",4558609924,2016-04-23 00:00:00,489
"11433",4558609924,2016-04-23 01:00:00,56
"11434",4558609924,2016-04-23 02:00:00,0
"11435",4558609924,2016-04-23 03:00:00,0
"11436",4558609924,2016-04-23 04:00:00,0
"11437",4558609924,2016-04-23 05:00:00,0
"11438",4558609924,2016-04-23 06:00:00,0
"11439",4558609924,2016-04-23 07:00:00,0
"11440",4558609924,2016-04-23 08:00:00,0
"11441",4558609924,2016-04-23 09:00:00,385
"11442",4558609924,2016-04-23 10:00:00,269
"11443",4558609924,2016-04-23 11:00:00,145
"11444",4558609924,2016-04-23 12:00:00,187
"11445",4558609924,2016-04-23 13:00:00,387
"11446",4558609924,2016-04-23 14:00:00,1265
"11447",4558609924,2016-04-23 15:00:00,838
"11448",4558609924,2016-04-23 16:00:00,551
"11449",4558609924,2016-04-23 17:00:00,350
"11450",4558609924,2016-04-23 18:00:00,640
"11451",4558609924,2016-04-23 19:00:00,516
"11452",4558609924,2016-04-23 20:00:00,256
"11453",4558609924,2016-04-23 21:00:00,399
"11454",4558609924,2016-04-23 22:00:00,8
"11455",4558609924,2016-04-23 23:00:00,149
"11456",4558609924,2016-04-24 00:00:00,0
"11457",4558609924,2016-04-24 01:00:00,0
"11458",4558609924,2016-04-24 02:00:00,0
"11459",4558609924,2016-04-24 03:00:00,0
"11460",4558609924,2016-04-24 04:00:00,0
"11461",4558609924,2016-04-24 05:00:00,0
"11462",4558609924,2016-04-24 06:00:00,0
"11463",4558609924,2016-04-24 07:00:00,0
"11464",4558609924,2016-04-24 08:00:00,522
"11465",4558609924,2016-04-24 09:00:00,422
"11466",4558609924,2016-04-24 10:00:00,1081
"11467",4558609924,2016-04-24 11:00:00,420
"11468",4558609924,2016-04-24 12:00:00,1046
"11469",4558609924,2016-04-24 13:00:00,214
"11470",4558609924,2016-04-24 14:00:00,657
"11471",4558609924,2016-04-24 15:00:00,1136
"11472",4558609924,2016-04-24 16:00:00,484
"11473",4558609924,2016-04-24 17:00:00,563
"11474",4558609924,2016-04-24 18:00:00,401
"11475",4558609924,2016-04-24 19:00:00,395
"11476",4558609924,2016-04-24 20:00:00,219
"11477",4558609924,2016-04-24 21:00:00,239
"11478",4558609924,2016-04-24 22:00:00,271
"11479",4558609924,2016-04-24 23:00:00,483
"11480",4558609924,2016-04-25 00:00:00,98
"11481",4558609924,2016-04-25 01:00:00,54
"11482",4558609924,2016-04-25 02:00:00,0
"11483",4558609924,2016-04-25 03:00:00,0
"11484",4558609924,2016-04-25 04:00:00,0
"11485",4558609924,2016-04-25 05:00:00,0
"11486",4558609924,2016-04-25 06:00:00,0
"11487",4558609924,2016-04-25 07:00:00,0
"11488",4558609924,2016-04-25 08:00:00,0
"11489",4558609924,2016-04-25 09:00:00,359
"11490",4558609924,2016-04-25 10:00:00,476
"11491",4558609924,2016-04-25 11:00:00,289
"11492",4558609924,2016-04-25 12:00:00,272
"11493",4558609924,2016-04-25 13:00:00,499
"11494",4558609924,2016-04-25 14:00:00,570
"11495",4558609924,2016-04-25 15:00:00,670
"11496",4558609924,2016-04-25 16:00:00,1641
"11497",4558609924,2016-04-25 17:00:00,358
"11498",4558609924,2016-04-25 18:00:00,433
"11499",4558609924,2016-04-25 19:00:00,654
"11500",4558609924,2016-04-25 20:00:00,449
"11501",4558609924,2016-04-25 21:00:00,990
"11502",4558609924,2016-04-25 22:00:00,283
"11503",4558609924,2016-04-25 23:00:00,0
"11504",4558609924,2016-04-26 00:00:00,0
"11505",4558609924,2016-04-26 01:00:00,0
"11506",4558609924,2016-04-26 02:00:00,0
"11507",4558609924,2016-04-26 03:00:00,0
"11508",4558609924,2016-04-26 04:00:00,0
"11509",4558609924,2016-04-26 05:00:00,0
"11510",4558609924,2016-04-26 06:00:00,0
"11511",4558609924,2016-04-26 07:00:00,0
"11512",4558609924,2016-04-26 08:00:00,192
"11513",4558609924,2016-04-26 09:00:00,491
"11514",4558609924,2016-04-26 10:00:00,303
"11515",4558609924,2016-04-26 11:00:00,628
"11516",4558609924,2016-04-26 12:00:00,334
"11517",4558609924,2016-04-26 13:00:00,228
"11518",4558609924,2016-04-26 14:00:00,150
"11519",4558609924,2016-04-26 15:00:00,1319
"11520",4558609924,2016-04-26 16:00:00,152
"11521",4558609924,2016-04-26 17:00:00,2600
"11522",4558609924,2016-04-26 18:00:00,1500
"11523",4558609924,2016-04-26 19:00:00,124
"11524",4558609924,2016-04-26 20:00:00,651
"11525",4558609924,2016-04-26 21:00:00,187
"11526",4558609924,2016-04-26 22:00:00,64
"11527",4558609924,2016-04-26 23:00:00,225
"11528",4558609924,2016-04-27 00:00:00,72
"11529",4558609924,2016-04-27 01:00:00,0
"11530",4558609924,2016-04-27 02:00:00,0
"11531",4558609924,2016-04-27 03:00:00,0
"11532",4558609924,2016-04-27 04:00:00,0
"11533",4558609924,2016-04-27 05:00:00,0
"11534",4558609924,2016-04-27 06:00:00,0
"11535",4558609924,2016-04-27 07:00:00,0
"11536",4558609924,2016-04-27 08:00:00,0
"11537",4558609924,2016-04-27 09:00:00,263
"11538",4558609924,2016-04-27 10:00:00,601
"11539",4558609924,2016-04-27 11:00:00,242
"11540",4558609924,2016-04-27 12:00:00,598
"11541",4558609924,2016-04-27 13:00:00,233
"11542",4558609924,2016-04-27 14:00:00,201
"11543",4558609924,2016-04-27 15:00:00,720
"11544",4558609924,2016-04-27 16:00:00,264
"11545",4558609924,2016-04-27 17:00:00,346
"11546",4558609924,2016-04-27 18:00:00,3807
"11547",4558609924,2016-04-27 19:00:00,1113
"11548",4558609924,2016-04-27 20:00:00,602
"11549",4558609924,2016-04-27 21:00:00,351
"11550",4558609924,2016-04-27 22:00:00,144
"11551",4558609924,2016-04-27 23:00:00,0
"11552",4558609924,2016-04-28 00:00:00,0
"11553",4558609924,2016-04-28 01:00:00,0
"11554",4558609924,2016-04-28 02:00:00,0
"11555",4558609924,2016-04-28 03:00:00,0
"11556",4558609924,2016-04-28 04:00:00,0
"11557",4558609924,2016-04-28 05:00:00,0
"11558",4558609924,2016-04-28 06:00:00,480
"11559",4558609924,2016-04-28 07:00:00,840
"11560",4558609924,2016-04-28 08:00:00,875
"11561",4558609924,2016-04-28 09:00:00,770
"11562",4558609924,2016-04-28 10:00:00,566
"11563",4558609924,2016-04-28 11:00:00,515
"11564",4558609924,2016-04-28 12:00:00,459
"11565",4558609924,2016-04-28 13:00:00,797
"11566",4558609924,2016-04-28 14:00:00,565
"11567",4558609924,2016-04-28 15:00:00,821
"11568",4558609924,2016-04-28 16:00:00,1606
"11569",4558609924,2016-04-28 17:00:00,498
"11570",4558609924,2016-04-28 18:00:00,110
"11571",4558609924,2016-04-28 19:00:00,156
"11572",4558609924,2016-04-28 20:00:00,178
"11573",4558609924,2016-04-28 21:00:00,143
"11574",4558609924,2016-04-28 22:00:00,67
"11575",4558609924,2016-04-28 23:00:00,5
"11576",4558609924,2016-04-29 00:00:00,0
"11577",4558609924,2016-04-29 01:00:00,0
"11578",4558609924,2016-04-29 02:00:00,0
"11579",4558609924,2016-04-29 03:00:00,0
"11580",4558609924,2016-04-29 04:00:00,0
"11581",4558609924,2016-04-29 05:00:00,0
"11582",4558609924,2016-04-29 06:00:00,0
"11583",4558609924,2016-04-29 07:00:00,0
"11584",4558609924,2016-04-29 08:00:00,0
"11585",4558609924,2016-04-29 09:00:00,41
"11586",4558609924,2016-04-29 10:00:00,416
"11587",4558609924,2016-04-29 11:00:00,213
"11588",4558609924,2016-04-29 12:00:00,411
"11589",4558609924,2016-04-29 13:00:00,612
"11590",4558609924,2016-04-29 14:00:00,66
"11591",4558609924,2016-04-29 15:00:00,2190
"11592",4558609924,2016-04-29 16:00:00,2660
"11593",4558609924,2016-04-29 17:00:00,93
"11594",4558609924,2016-04-29 18:00:00,95
"11595",4558609924,2016-04-29 19:00:00,279
"11596",4558609924,2016-04-29 20:00:00,164
"11597",4558609924,2016-04-29 21:00:00,410
"11598",4558609924,2016-04-29 22:00:00,86
"11599",4558609924,2016-04-29 23:00:00,97
"11600",4558609924,2016-04-30 00:00:00,0
"11601",4558609924,2016-04-30 01:00:00,105
"11602",4558609924,2016-04-30 02:00:00,0
"11603",4558609924,2016-04-30 03:00:00,0
"11604",4558609924,2016-04-30 04:00:00,0
"11605",4558609924,2016-04-30 05:00:00,0
"11606",4558609924,2016-04-30 06:00:00,303
"11607",4558609924,2016-04-30 07:00:00,218
"11608",4558609924,2016-04-30 08:00:00,155
"11609",4558609924,2016-04-30 09:00:00,360
"11610",4558609924,2016-04-30 10:00:00,365
"11611",4558609924,2016-04-30 11:00:00,117
"11612",4558609924,2016-04-30 12:00:00,273
"11613",4558609924,2016-04-30 13:00:00,360
"11614",4558609924,2016-04-30 14:00:00,1721
"11615",4558609924,2016-04-30 15:00:00,410
"11616",4558609924,2016-04-30 16:00:00,142
"11617",4558609924,2016-04-30 17:00:00,812
"11618",4558609924,2016-04-30 18:00:00,3370
"11619",4558609924,2016-04-30 19:00:00,1239
"11620",4558609924,2016-04-30 20:00:00,15
"11621",4558609924,2016-04-30 21:00:00,143
"11622",4558609924,2016-04-30 22:00:00,156
"11623",4558609924,2016-04-30 23:00:00,46
"11624",4558609924,2016-05-01 00:00:00,0
"11625",4558609924,2016-05-01 01:00:00,0
"11626",4558609924,2016-05-01 02:00:00,0
"11627",4558609924,2016-05-01 03:00:00,0
"11628",4558609924,2016-05-01 04:00:00,0
"11629",4558609924,2016-05-01 05:00:00,0
"11630",4558609924,2016-05-01 06:00:00,0
"11631",4558609924,2016-05-01 07:00:00,0
"11632",4558609924,2016-05-01 08:00:00,0
"11633",4558609924,2016-05-01 09:00:00,361
"11634",4558609924,2016-05-01 10:00:00,594
"11635",4558609924,2016-05-01 11:00:00,117
"11636",4558609924,2016-05-01 12:00:00,305
"11637",4558609924,2016-05-01 13:00:00,287
"11638",4558609924,2016-05-01 14:00:00,409
"11639",4558609924,2016-05-01 15:00:00,433
"11640",4558609924,2016-05-01 16:00:00,25
"11641",4558609924,2016-05-01 17:00:00,282
"11642",4558609924,2016-05-01 18:00:00,190
"11643",4558609924,2016-05-01 19:00:00,343
"11644",4558609924,2016-05-01 20:00:00,50
"11645",4558609924,2016-05-01 21:00:00,32
"11646",4558609924,2016-05-01 22:00:00,0
"11647",4558609924,2016-05-01 23:00:00,0
"11648",4558609924,2016-05-02 00:00:00,0
"11649",4558609924,2016-05-02 01:00:00,0
"11650",4558609924,2016-05-02 02:00:00,0
"11651",4558609924,2016-05-02 03:00:00,0
"11652",4558609924,2016-05-02 04:00:00,0
"11653",4558609924,2016-05-02 05:00:00,0
"11654",4558609924,2016-05-02 06:00:00,0
"11655",4558609924,2016-05-02 07:00:00,0
"11656",4558609924,2016-05-02 08:00:00,623
"11657",4558609924,2016-05-02 09:00:00,452
"11658",4558609924,2016-05-02 10:00:00,902
"11659",4558609924,2016-05-02 11:00:00,1036
"11660",4558609924,2016-05-02 12:00:00,308
"11661",4558609924,2016-05-02 13:00:00,180
"11662",4558609924,2016-05-02 14:00:00,362
"11663",4558609924,2016-05-02 15:00:00,356
"11664",4558609924,2016-05-02 16:00:00,532
"11665",4558609924,2016-05-02 17:00:00,283
"11666",4558609924,2016-05-02 18:00:00,582
"11667",4558609924,2016-05-02 19:00:00,515
"11668",4558609924,2016-05-02 20:00:00,746
"11669",4558609924,2016-05-02 21:00:00,849
"11670",4558609924,2016-05-02 22:00:00,131
"11671",4558609924,2016-05-02 23:00:00,34
"11672",4558609924,2016-05-03 00:00:00,36
"11673",4558609924,2016-05-03 01:00:00,48
"11674",4558609924,2016-05-03 02:00:00,2
"11675",4558609924,2016-05-03 03:00:00,0
"11676",4558609924,2016-05-03 04:00:00,0
"11677",4558609924,2016-05-03 05:00:00,0
"11678",4558609924,2016-05-03 06:00:00,0
"11679",4558609924,2016-05-03 07:00:00,0
"11680",4558609924,2016-05-03 08:00:00,0
"11681",4558609924,2016-05-03 09:00:00,245
"11682",4558609924,2016-05-03 10:00:00,301
"11683",4558609924,2016-05-03 11:00:00,367
"11684",4558609924,2016-05-03 12:00:00,253
"11685",4558609924,2016-05-03 13:00:00,200
"11686",4558609924,2016-05-03 14:00:00,266
"11687",4558609924,2016-05-03 15:00:00,86
"11688",4558609924,2016-05-03 16:00:00,758
"11689",4558609924,2016-05-03 17:00:00,337
"11690",4558609924,2016-05-03 18:00:00,1714
"11691",4558609924,2016-05-03 19:00:00,44
"11692",4558609924,2016-05-03 20:00:00,29
"11693",4558609924,2016-05-03 21:00:00,307
"11694",4558609924,2016-05-03 22:00:00,229
"11695",4558609924,2016-05-03 23:00:00,45
"11696",4558609924,2016-05-04 00:00:00,0
"11697",4558609924,2016-05-04 01:00:00,0
"11698",4558609924,2016-05-04 02:00:00,0
"11699",4558609924,2016-05-04 03:00:00,0
"11700",4558609924,2016-05-04 04:00:00,0
"11701",4558609924,2016-05-04 05:00:00,0
"11702",4558609924,2016-05-04 06:00:00,0
"11703",4558609924,2016-05-04 07:00:00,0
"11704",4558609924,2016-05-04 08:00:00,0
"11705",4558609924,2016-05-04 09:00:00,0
"11706",4558609924,2016-05-04 10:00:00,243
"11707",4558609924,2016-05-04 11:00:00,261
"11708",4558609924,2016-05-04 12:00:00,203
"11709",4558609924,2016-05-04 13:00:00,51
"11710",4558609924,2016-05-04 14:00:00,195
"11711",4558609924,2016-05-04 15:00:00,893
"11712",4558609924,2016-05-04 16:00:00,166
"11713",4558609924,2016-05-04 17:00:00,1119
"11714",4558609924,2016-05-04 18:00:00,287
"11715",4558609924,2016-05-04 19:00:00,390
"11716",4558609924,2016-05-04 20:00:00,434
"11717",4558609924,2016-05-04 21:00:00,502
"11718",4558609924,2016-05-04 22:00:00,212
"11719",4558609924,2016-05-04 23:00:00,276
"11720",4558609924,2016-05-05 00:00:00,0
"11721",4558609924,2016-05-05 01:00:00,0
"11722",4558609924,2016-05-05 02:00:00,0
"11723",4558609924,2016-05-05 03:00:00,0
"11724",4558609924,2016-05-05 04:00:00,0
"11725",4558609924,2016-05-05 05:00:00,0
"11726",4558609924,2016-05-05 06:00:00,0
"11727",4558609924,2016-05-05 07:00:00,140
"11728",4558609924,2016-05-05 08:00:00,420
"11729",4558609924,2016-05-05 09:00:00,1240
"11730",4558609924,2016-05-05 10:00:00,237
"11731",4558609924,2016-05-05 11:00:00,2975
"11732",4558609924,2016-05-05 12:00:00,887
"11733",4558609924,2016-05-05 13:00:00,244
"11734",4558609924,2016-05-05 14:00:00,127
"11735",4558609924,2016-05-05 15:00:00,451
"11736",4558609924,2016-05-05 16:00:00,1183
"11737",4558609924,2016-05-05 17:00:00,768
"11738",4558609924,2016-05-05 18:00:00,520
"11739",4558609924,2016-05-05 19:00:00,444
"11740",4558609924,2016-05-05 20:00:00,447
"11741",4558609924,2016-05-05 21:00:00,325
"11742",4558609924,2016-05-05 22:00:00,186
"11743",4558609924,2016-05-05 23:00:00,17
"11744",4558609924,2016-05-06 00:00:00,9
"11745",4558609924,2016-05-06 01:00:00,0
"11746",4558609924,2016-05-06 02:00:00,0
"11747",4558609924,2016-05-06 03:00:00,0
"11748",4558609924,2016-05-06 04:00:00,0
"11749",4558609924,2016-05-06 05:00:00,0
"11750",4558609924,2016-05-06 06:00:00,0
"11751",4558609924,2016-05-06 07:00:00,0
"11752",4558609924,2016-05-06 08:00:00,0
"11753",4558609924,2016-05-06 09:00:00,571
"11754",4558609924,2016-05-06 10:00:00,596
"11755",4558609924,2016-05-06 11:00:00,366
"11756",4558609924,2016-05-06 12:00:00,547
"11757",4558609924,2016-05-06 13:00:00,331
"11758",4558609924,2016-05-06 14:00:00,212
"11759",4558609924,2016-05-06 15:00:00,183
"11760",4558609924,2016-05-06 16:00:00,348
"11761",4558609924,2016-05-06 17:00:00,57
"11762",4558609924,2016-05-06 18:00:00,49
"11763",4558609924,2016-05-06 19:00:00,43
"11764",4558609924,2016-05-06 20:00:00,70
"11765",4558609924,2016-05-06 21:00:00,321
"11766",4558609924,2016-05-06 22:00:00,42
"11767",4558609924,2016-05-06 23:00:00,10
"11768",4558609924,2016-05-07 00:00:00,0
"11769",4558609924,2016-05-07 01:00:00,0
"11770",4558609924,2016-05-07 02:00:00,0
"11771",4558609924,2016-05-07 03:00:00,0
"11772",4558609924,2016-05-07 04:00:00,0
"11773",4558609924,2016-05-07 05:00:00,0
"11774",4558609924,2016-05-07 06:00:00,0
"11775",4558609924,2016-05-07 07:00:00,0
"11776",4558609924,2016-05-07 08:00:00,49
"11777",4558609924,2016-05-07 09:00:00,292
"11778",4558609924,2016-05-07 10:00:00,263
"11779",4558609924,2016-05-07 11:00:00,382
"11780",4558609924,2016-05-07 12:00:00,97
"11781",4558609924,2016-05-07 13:00:00,79
"11782",4558609924,2016-05-07 14:00:00,361
"11783",4558609924,2016-05-07 15:00:00,602
"11784",4558609924,2016-05-07 16:00:00,4281
"11785",4558609924,2016-05-07 17:00:00,121
"11786",4558609924,2016-05-07 18:00:00,241
"11787",4558609924,2016-05-07 19:00:00,428
"11788",4558609924,2016-05-07 20:00:00,495
"11789",4558609924,2016-05-07 21:00:00,169
"11790",4558609924,2016-05-07 22:00:00,370
"11791",4558609924,2016-05-07 23:00:00,7
"11792",4558609924,2016-05-08 00:00:00,0
"11793",4558609924,2016-05-08 01:00:00,0
"11794",4558609924,2016-05-08 02:00:00,0
"11795",4558609924,2016-05-08 03:00:00,0
"11796",4558609924,2016-05-08 04:00:00,0
"11797",4558609924,2016-05-08 05:00:00,0
"11798",4558609924,2016-05-08 06:00:00,0
"11799",4558609924,2016-05-08 07:00:00,0
"11800",4558609924,2016-05-08 08:00:00,0
"11801",4558609924,2016-05-08 09:00:00,0
"11802",4558609924,2016-05-08 10:00:00,0
"11803",4558609924,2016-05-08 11:00:00,0
"11804",4558609924,2016-05-08 12:00:00,0
"11805",4558609924,2016-05-08 13:00:00,2136
"11806",4558609924,2016-05-08 14:00:00,1782
"11807",4558609924,2016-05-08 15:00:00,882
"11808",4558609924,2016-05-08 16:00:00,481
"11809",4558609924,2016-05-08 17:00:00,100
"11810",4558609924,2016-05-08 18:00:00,182
"11811",4558609924,2016-05-08 19:00:00,118
"11812",4558609924,2016-05-08 20:00:00,838
"11813",4558609924,2016-05-08 21:00:00,24
"11814",4558609924,2016-05-08 22:00:00,0
"11815",4558609924,2016-05-08 23:00:00,0
"11816",4558609924,2016-05-09 00:00:00,0
"11817",4558609924,2016-05-09 01:00:00,0
"11818",4558609924,2016-05-09 02:00:00,0
"11819",4558609924,2016-05-09 03:00:00,0
"11820",4558609924,2016-05-09 04:00:00,0
"11821",4558609924,2016-05-09 05:00:00,0
"11822",4558609924,2016-05-09 06:00:00,0
"11823",4558609924,2016-05-09 07:00:00,127
"11824",4558609924,2016-05-09 08:00:00,390
"11825",4558609924,2016-05-09 09:00:00,705
"11826",4558609924,2016-05-09 10:00:00,485
"11827",4558609924,2016-05-09 11:00:00,1760
"11828",4558609924,2016-05-09 12:00:00,175
"11829",4558609924,2016-05-09 13:00:00,3432
"11830",4558609924,2016-05-09 14:00:00,976
"11831",4558609924,2016-05-09 15:00:00,444
"11832",4558609924,2016-05-09 16:00:00,575
"11833",4558609924,2016-05-09 17:00:00,139
"11834",4558609924,2016-05-09 18:00:00,92
"11835",4558609924,2016-05-09 19:00:00,496
"11836",4558609924,2016-05-09 20:00:00,503
"11837",4558609924,2016-05-09 21:00:00,785
"11838",4558609924,2016-05-09 22:00:00,348
"11839",4558609924,2016-05-09 23:00:00,19
"11840",4558609924,2016-05-10 00:00:00,37
"11841",4558609924,2016-05-10 01:00:00,92
"11842",4558609924,2016-05-10 02:00:00,0
"11843",4558609924,2016-05-10 03:00:00,0
"11844",4558609924,2016-05-10 04:00:00,0
"11845",4558609924,2016-05-10 05:00:00,0
"11846",4558609924,2016-05-10 06:00:00,0
"11847",4558609924,2016-05-10 07:00:00,0
"11848",4558609924,2016-05-10 08:00:00,0
"11849",4558609924,2016-05-10 09:00:00,0
"11850",4558609924,2016-05-10 10:00:00,0
"11851",4558609924,2016-05-10 11:00:00,101
"11852",4558609924,2016-05-10 12:00:00,209
"11853",4558609924,2016-05-10 13:00:00,150
"11854",4558609924,2016-05-10 14:00:00,313
"11855",4558609924,2016-05-10 15:00:00,43
"11856",4558609924,2016-05-10 16:00:00,257
"11857",4558609924,2016-05-10 17:00:00,314
"11858",4558609924,2016-05-10 18:00:00,271
"11859",4558609924,2016-05-10 19:00:00,3420
"11860",4558609924,2016-05-10 20:00:00,92
"11861",4558609924,2016-05-10 21:00:00,419
"11862",4558609924,2016-05-10 22:00:00,631
"11863",4558609924,2016-05-10 23:00:00,86
"11864",4558609924,2016-05-11 00:00:00,63
"11865",4558609924,2016-05-11 01:00:00,70
"11866",4558609924,2016-05-11 02:00:00,0
"11867",4558609924,2016-05-11 03:00:00,0
"11868",4558609924,2016-05-11 04:00:00,0
"11869",4558609924,2016-05-11 05:00:00,0
"11870",4558609924,2016-05-11 06:00:00,0
"11871",4558609924,2016-05-11 07:00:00,0
"11872",4558609924,2016-05-11 08:00:00,0
"11873",4558609924,2016-05-11 09:00:00,382
"11874",4558609924,2016-05-11 10:00:00,380
"11875",4558609924,2016-05-11 11:00:00,360
"11876",4558609924,2016-05-11 12:00:00,160
"11877",4558609924,2016-05-11 13:00:00,326
"11878",4558609924,2016-05-11 14:00:00,3580
"11879",4558609924,2016-05-11 15:00:00,527
"11880",4558609924,2016-05-11 16:00:00,374
"11881",4558609924,2016-05-11 17:00:00,170
"11882",4558609924,2016-05-11 18:00:00,627
"11883",4558609924,2016-05-11 19:00:00,504
"11884",4558609924,2016-05-11 20:00:00,272
"11885",4558609924,2016-05-11 21:00:00,596
"11886",4558609924,2016-05-11 22:00:00,285
"11887",4558609924,2016-05-11 23:00:00,432
"11888",4558609924,2016-05-12 00:00:00,0
"11889",4558609924,2016-05-12 01:00:00,0
"11890",4558609924,2016-05-12 02:00:00,0
"11891",4558609924,2016-05-12 03:00:00,0
"11892",4558609924,2016-05-12 04:00:00,0
"11893",4558609924,2016-05-12 05:00:00,0
"11894",4558609924,2016-05-12 06:00:00,0
"11895",4558609924,2016-05-12 07:00:00,49
"11896",4558609924,2016-05-12 08:00:00,246
"11897",4558609924,2016-05-12 09:00:00,700
"11898",4558609924,2016-05-12 10:00:00,826
"11899",4558609924,2016-05-12 11:00:00,440
"11900",4558609924,2016-05-12 12:00:00,698
"11901",4558609924,2016-05-12 13:00:00,1233
"11902",4558609924,2016-05-12 14:00:00,1332
"11903",4558609924,2016-05-12 15:00:00,496
"11904",4702921684,2016-04-12 00:00:00,0
"11905",4702921684,2016-04-12 01:00:00,0
"11906",4702921684,2016-04-12 02:00:00,0
"11907",4702921684,2016-04-12 03:00:00,4
"11908",4702921684,2016-04-12 04:00:00,0
"11909",4702921684,2016-04-12 05:00:00,0
"11910",4702921684,2016-04-12 06:00:00,558
"11911",4702921684,2016-04-12 07:00:00,177
"11912",4702921684,2016-04-12 08:00:00,446
"11913",4702921684,2016-04-12 09:00:00,1264
"11914",4702921684,2016-04-12 10:00:00,353
"11915",4702921684,2016-04-12 11:00:00,209
"11916",4702921684,2016-04-12 12:00:00,937
"11917",4702921684,2016-04-12 13:00:00,20
"11918",4702921684,2016-04-12 14:00:00,257
"11919",4702921684,2016-04-12 15:00:00,6
"11920",4702921684,2016-04-12 16:00:00,130
"11921",4702921684,2016-04-12 17:00:00,890
"11922",4702921684,2016-04-12 18:00:00,620
"11923",4702921684,2016-04-12 19:00:00,46
"11924",4702921684,2016-04-12 20:00:00,480
"11925",4702921684,2016-04-12 21:00:00,659
"11926",4702921684,2016-04-12 22:00:00,157
"11927",4702921684,2016-04-12 23:00:00,0
"11928",4702921684,2016-04-13 00:00:00,0
"11929",4702921684,2016-04-13 01:00:00,0
"11930",4702921684,2016-04-13 02:00:00,185
"11931",4702921684,2016-04-13 03:00:00,0
"11932",4702921684,2016-04-13 04:00:00,0
"11933",4702921684,2016-04-13 05:00:00,0
"11934",4702921684,2016-04-13 06:00:00,409
"11935",4702921684,2016-04-13 07:00:00,256
"11936",4702921684,2016-04-13 08:00:00,223
"11937",4702921684,2016-04-13 09:00:00,125
"11938",4702921684,2016-04-13 10:00:00,122
"11939",4702921684,2016-04-13 11:00:00,167
"11940",4702921684,2016-04-13 12:00:00,253
"11941",4702921684,2016-04-13 13:00:00,71
"11942",4702921684,2016-04-13 14:00:00,182
"11943",4702921684,2016-04-13 15:00:00,57
"11944",4702921684,2016-04-13 16:00:00,38
"11945",4702921684,2016-04-13 17:00:00,840
"11946",4702921684,2016-04-13 18:00:00,474
"11947",4702921684,2016-04-13 19:00:00,725
"11948",4702921684,2016-04-13 20:00:00,329
"11949",4702921684,2016-04-13 21:00:00,1416
"11950",4702921684,2016-04-13 22:00:00,999
"11951",4702921684,2016-04-13 23:00:00,6
"11952",4702921684,2016-04-14 00:00:00,0
"11953",4702921684,2016-04-14 01:00:00,0
"11954",4702921684,2016-04-14 02:00:00,0
"11955",4702921684,2016-04-14 03:00:00,0
"11956",4702921684,2016-04-14 04:00:00,0
"11957",4702921684,2016-04-14 05:00:00,5
"11958",4702921684,2016-04-14 06:00:00,618
"11959",4702921684,2016-04-14 07:00:00,239
"11960",4702921684,2016-04-14 08:00:00,0
"11961",4702921684,2016-04-14 09:00:00,1377
"11962",4702921684,2016-04-14 10:00:00,204
"11963",4702921684,2016-04-14 11:00:00,157
"11964",4702921684,2016-04-14 12:00:00,210
"11965",4702921684,2016-04-14 13:00:00,795
"11966",4702921684,2016-04-14 14:00:00,528
"11967",4702921684,2016-04-14 15:00:00,191
"11968",4702921684,2016-04-14 16:00:00,226
"11969",4702921684,2016-04-14 17:00:00,543
"11970",4702921684,2016-04-14 18:00:00,948
"11971",4702921684,2016-04-14 19:00:00,554
"11972",4702921684,2016-04-14 20:00:00,127
"11973",4702921684,2016-04-14 21:00:00,417
"11974",4702921684,2016-04-14 22:00:00,721
"11975",4702921684,2016-04-14 23:00:00,0
"11976",4702921684,2016-04-15 00:00:00,0
"11977",4702921684,2016-04-15 01:00:00,0
"11978",4702921684,2016-04-15 02:00:00,0
"11979",4702921684,2016-04-15 03:00:00,0
"11980",4702921684,2016-04-15 04:00:00,0
"11981",4702921684,2016-04-15 05:00:00,0
"11982",4702921684,2016-04-15 06:00:00,0
"11983",4702921684,2016-04-15 07:00:00,550
"11984",4702921684,2016-04-15 08:00:00,351
"11985",4702921684,2016-04-15 09:00:00,0
"11986",4702921684,2016-04-15 10:00:00,118
"11987",4702921684,2016-04-15 11:00:00,58
"11988",4702921684,2016-04-15 12:00:00,337
"11989",4702921684,2016-04-15 13:00:00,109
"11990",4702921684,2016-04-15 14:00:00,105
"11991",4702921684,2016-04-15 15:00:00,101
"11992",4702921684,2016-04-15 16:00:00,1006
"11993",4702921684,2016-04-15 17:00:00,406
"11994",4702921684,2016-04-15 18:00:00,755
"11995",4702921684,2016-04-15 19:00:00,553
"11996",4702921684,2016-04-15 20:00:00,623
"11997",4702921684,2016-04-15 21:00:00,794
"11998",4702921684,2016-04-15 22:00:00,562
"11999",4702921684,2016-04-15 23:00:00,78
"12000",4702921684,2016-04-16 00:00:00,0
"12001",4702921684,2016-04-16 01:00:00,0
"12002",4702921684,2016-04-16 02:00:00,0
"12003",4702921684,2016-04-16 03:00:00,0
"12004",4702921684,2016-04-16 04:00:00,33
"12005",4702921684,2016-04-16 05:00:00,28
"12006",4702921684,2016-04-16 06:00:00,0
"12007",4702921684,2016-04-16 07:00:00,365
"12008",4702921684,2016-04-16 08:00:00,385
"12009",4702921684,2016-04-16 09:00:00,187
"12010",4702921684,2016-04-16 10:00:00,1383
"12011",4702921684,2016-04-16 11:00:00,1657
"12012",4702921684,2016-04-16 12:00:00,754
"12013",4702921684,2016-04-16 13:00:00,1463
"12014",4702921684,2016-04-16 14:00:00,744
"12015",4702921684,2016-04-16 15:00:00,191
"12016",4702921684,2016-04-16 16:00:00,843
"12017",4702921684,2016-04-16 17:00:00,452
"12018",4702921684,2016-04-16 18:00:00,194
"12019",4702921684,2016-04-16 19:00:00,848
"12020",4702921684,2016-04-16 20:00:00,634
"12021",4702921684,2016-04-16 21:00:00,973
"12022",4702921684,2016-04-16 22:00:00,0
"12023",4702921684,2016-04-16 23:00:00,0
"12024",4702921684,2016-04-17 00:00:00,0
"12025",4702921684,2016-04-17 01:00:00,0
"12026",4702921684,2016-04-17 02:00:00,0
"12027",4702921684,2016-04-17 03:00:00,0
"12028",4702921684,2016-04-17 04:00:00,0
"12029",4702921684,2016-04-17 05:00:00,0
"12030",4702921684,2016-04-17 06:00:00,0
"12031",4702921684,2016-04-17 07:00:00,9
"12032",4702921684,2016-04-17 08:00:00,551
"12033",4702921684,2016-04-17 09:00:00,1105
"12034",4702921684,2016-04-17 10:00:00,805
"12035",4702921684,2016-04-17 11:00:00,440
"12036",4702921684,2016-04-17 12:00:00,1417
"12037",4702921684,2016-04-17 13:00:00,1214
"12038",4702921684,2016-04-17 14:00:00,3926
"12039",4702921684,2016-04-17 15:00:00,1724
"12040",4702921684,2016-04-17 16:00:00,0
"12041",4702921684,2016-04-17 17:00:00,363
"12042",4702921684,2016-04-17 18:00:00,222
"12043",4702921684,2016-04-17 19:00:00,414
"12044",4702921684,2016-04-17 20:00:00,271
"12045",4702921684,2016-04-17 21:00:00,231
"12046",4702921684,2016-04-17 22:00:00,0
"12047",4702921684,2016-04-17 23:00:00,0
"12048",4702921684,2016-04-18 00:00:00,0
"12049",4702921684,2016-04-18 01:00:00,0
"12050",4702921684,2016-04-18 02:00:00,0
"12051",4702921684,2016-04-18 03:00:00,0
"12052",4702921684,2016-04-18 04:00:00,0
"12053",4702921684,2016-04-18 05:00:00,0
"12054",4702921684,2016-04-18 06:00:00,81
"12055",4702921684,2016-04-18 07:00:00,837
"12056",4702921684,2016-04-18 08:00:00,99
"12057",4702921684,2016-04-18 09:00:00,1272
"12058",4702921684,2016-04-18 10:00:00,110
"12059",4702921684,2016-04-18 11:00:00,0
"12060",4702921684,2016-04-18 12:00:00,961
"12061",4702921684,2016-04-18 13:00:00,230
"12062",4702921684,2016-04-18 14:00:00,253
"12063",4702921684,2016-04-18 15:00:00,116
"12064",4702921684,2016-04-18 16:00:00,221
"12065",4702921684,2016-04-18 17:00:00,338
"12066",4702921684,2016-04-18 18:00:00,2146
"12067",4702921684,2016-04-18 19:00:00,1263
"12068",4702921684,2016-04-18 20:00:00,865
"12069",4702921684,2016-04-18 21:00:00,313
"12070",4702921684,2016-04-18 22:00:00,0
"12071",4702921684,2016-04-18 23:00:00,0
"12072",4702921684,2016-04-19 00:00:00,0
"12073",4702921684,2016-04-19 01:00:00,0
"12074",4702921684,2016-04-19 02:00:00,0
"12075",4702921684,2016-04-19 03:00:00,0
"12076",4702921684,2016-04-19 04:00:00,0
"12077",4702921684,2016-04-19 05:00:00,7
"12078",4702921684,2016-04-19 06:00:00,680
"12079",4702921684,2016-04-19 07:00:00,217
"12080",4702921684,2016-04-19 08:00:00,324
"12081",4702921684,2016-04-19 09:00:00,1168
"12082",4702921684,2016-04-19 10:00:00,0
"12083",4702921684,2016-04-19 11:00:00,102
"12084",4702921684,2016-04-19 12:00:00,1000
"12085",4702921684,2016-04-19 13:00:00,49
"12086",4702921684,2016-04-19 14:00:00,216
"12087",4702921684,2016-04-19 15:00:00,37
"12088",4702921684,2016-04-19 16:00:00,395
"12089",4702921684,2016-04-19 17:00:00,860
"12090",4702921684,2016-04-19 18:00:00,483
"12091",4702921684,2016-04-19 19:00:00,248
"12092",4702921684,2016-04-19 20:00:00,336
"12093",4702921684,2016-04-19 21:00:00,586
"12094",4702921684,2016-04-19 22:00:00,0
"12095",4702921684,2016-04-19 23:00:00,0
"12096",4702921684,2016-04-20 00:00:00,0
"12097",4702921684,2016-04-20 01:00:00,7
"12098",4702921684,2016-04-20 02:00:00,0
"12099",4702921684,2016-04-20 03:00:00,0
"12100",4702921684,2016-04-20 04:00:00,0
"12101",4702921684,2016-04-20 05:00:00,15
"12102",4702921684,2016-04-20 06:00:00,1047
"12103",4702921684,2016-04-20 07:00:00,494
"12104",4702921684,2016-04-20 08:00:00,2
"12105",4702921684,2016-04-20 09:00:00,662
"12106",4702921684,2016-04-20 10:00:00,26
"12107",4702921684,2016-04-20 11:00:00,903
"12108",4702921684,2016-04-20 12:00:00,136
"12109",4702921684,2016-04-20 13:00:00,139
"12110",4702921684,2016-04-20 14:00:00,97
"12111",4702921684,2016-04-20 15:00:00,168
"12112",4702921684,2016-04-20 16:00:00,123
"12113",4702921684,2016-04-20 17:00:00,943
"12114",4702921684,2016-04-20 18:00:00,552
"12115",4702921684,2016-04-20 19:00:00,886
"12116",4702921684,2016-04-20 20:00:00,1072
"12117",4702921684,2016-04-20 21:00:00,935
"12118",4702921684,2016-04-20 22:00:00,586
"12119",4702921684,2016-04-20 23:00:00,0
"12120",4702921684,2016-04-21 00:00:00,0
"12121",4702921684,2016-04-21 01:00:00,0
"12122",4702921684,2016-04-21 02:00:00,0
"12123",4702921684,2016-04-21 03:00:00,0
"12124",4702921684,2016-04-21 04:00:00,7
"12125",4702921684,2016-04-21 05:00:00,28
"12126",4702921684,2016-04-21 06:00:00,1407
"12127",4702921684,2016-04-21 07:00:00,760
"12128",4702921684,2016-04-21 08:00:00,82
"12129",4702921684,2016-04-21 09:00:00,0
"12130",4702921684,2016-04-21 10:00:00,0
"12131",4702921684,2016-04-21 11:00:00,0
"12132",4702921684,2016-04-21 12:00:00,214
"12133",4702921684,2016-04-21 13:00:00,112
"12134",4702921684,2016-04-21 14:00:00,185
"12135",4702921684,2016-04-21 15:00:00,124
"12136",4702921684,2016-04-21 16:00:00,215
"12137",4702921684,2016-04-21 17:00:00,1439
"12138",4702921684,2016-04-21 18:00:00,608
"12139",4702921684,2016-04-21 19:00:00,806
"12140",4702921684,2016-04-21 20:00:00,543
"12141",4702921684,2016-04-21 21:00:00,0
"12142",4702921684,2016-04-21 22:00:00,0
"12143",4702921684,2016-04-21 23:00:00,0
"12144",4702921684,2016-04-22 00:00:00,0
"12145",4702921684,2016-04-22 01:00:00,0
"12146",4702921684,2016-04-22 02:00:00,0
"12147",4702921684,2016-04-22 03:00:00,0
"12148",4702921684,2016-04-22 04:00:00,0
"12149",4702921684,2016-04-22 05:00:00,0
"12150",4702921684,2016-04-22 06:00:00,0
"12151",4702921684,2016-04-22 07:00:00,0
"12152",4702921684,2016-04-22 08:00:00,0
"12153",4702921684,2016-04-22 09:00:00,0
"12154",4702921684,2016-04-22 10:00:00,0
"12155",4702921684,2016-04-22 11:00:00,0
"12156",4702921684,2016-04-22 12:00:00,0
"12157",4702921684,2016-04-22 13:00:00,0
"12158",4702921684,2016-04-22 14:00:00,0
"12159",4702921684,2016-04-22 15:00:00,0
"12160",4702921684,2016-04-22 16:00:00,0
"12161",4702921684,2016-04-22 17:00:00,0
"12162",4702921684,2016-04-22 18:00:00,0
"12163",4702921684,2016-04-22 19:00:00,0
"12164",4702921684,2016-04-22 20:00:00,368
"12165",4702921684,2016-04-22 21:00:00,939
"12166",4702921684,2016-04-22 22:00:00,357
"12167",4702921684,2016-04-22 23:00:00,0
"12168",4702921684,2016-04-23 00:00:00,0
"12169",4702921684,2016-04-23 01:00:00,0
"12170",4702921684,2016-04-23 02:00:00,0
"12171",4702921684,2016-04-23 03:00:00,0
"12172",4702921684,2016-04-23 04:00:00,0
"12173",4702921684,2016-04-23 05:00:00,0
"12174",4702921684,2016-04-23 06:00:00,0
"12175",4702921684,2016-04-23 07:00:00,156
"12176",4702921684,2016-04-23 08:00:00,247
"12177",4702921684,2016-04-23 09:00:00,1616
"12178",4702921684,2016-04-23 10:00:00,786
"12179",4702921684,2016-04-23 11:00:00,2196
"12180",4702921684,2016-04-23 12:00:00,1615
"12181",4702921684,2016-04-23 13:00:00,1259
"12182",4702921684,2016-04-23 14:00:00,964
"12183",4702921684,2016-04-23 15:00:00,1411
"12184",4702921684,2016-04-23 16:00:00,856
"12185",4702921684,2016-04-23 17:00:00,869
"12186",4702921684,2016-04-23 18:00:00,337
"12187",4702921684,2016-04-23 19:00:00,652
"12188",4702921684,2016-04-23 20:00:00,616
"12189",4702921684,2016-04-23 21:00:00,1272
"12190",4702921684,2016-04-23 22:00:00,274
"12191",4702921684,2016-04-23 23:00:00,0
"12192",4702921684,2016-04-24 00:00:00,0
"12193",4702921684,2016-04-24 01:00:00,0
"12194",4702921684,2016-04-24 02:00:00,0
"12195",4702921684,2016-04-24 03:00:00,4
"12196",4702921684,2016-04-24 04:00:00,0
"12197",4702921684,2016-04-24 05:00:00,0
"12198",4702921684,2016-04-24 06:00:00,23
"12199",4702921684,2016-04-24 07:00:00,214
"12200",4702921684,2016-04-24 08:00:00,272
"12201",4702921684,2016-04-24 09:00:00,684
"12202",4702921684,2016-04-24 10:00:00,864
"12203",4702921684,2016-04-24 11:00:00,490
"12204",4702921684,2016-04-24 12:00:00,3023
"12205",4702921684,2016-04-24 13:00:00,3962
"12206",4702921684,2016-04-24 14:00:00,1248
"12207",4702921684,2016-04-24 15:00:00,102
"12208",4702921684,2016-04-24 16:00:00,9
"12209",4702921684,2016-04-24 17:00:00,574
"12210",4702921684,2016-04-24 18:00:00,1726
"12211",4702921684,2016-04-24 19:00:00,1045
"12212",4702921684,2016-04-24 20:00:00,554
"12213",4702921684,2016-04-24 21:00:00,132
"12214",4702921684,2016-04-24 22:00:00,124
"12215",4702921684,2016-04-24 23:00:00,0
"12216",4702921684,2016-04-25 00:00:00,0
"12217",4702921684,2016-04-25 01:00:00,0
"12218",4702921684,2016-04-25 02:00:00,0
"12219",4702921684,2016-04-25 03:00:00,0
"12220",4702921684,2016-04-25 04:00:00,0
"12221",4702921684,2016-04-25 05:00:00,162
"12222",4702921684,2016-04-25 06:00:00,719
"12223",4702921684,2016-04-25 07:00:00,249
"12224",4702921684,2016-04-25 08:00:00,161
"12225",4702921684,2016-04-25 09:00:00,15
"12226",4702921684,2016-04-25 10:00:00,203
"12227",4702921684,2016-04-25 11:00:00,157
"12228",4702921684,2016-04-25 12:00:00,149
"12229",4702921684,2016-04-25 13:00:00,273
"12230",4702921684,2016-04-25 14:00:00,248
"12231",4702921684,2016-04-25 15:00:00,209
"12232",4702921684,2016-04-25 16:00:00,182
"12233",4702921684,2016-04-25 17:00:00,1087
"12234",4702921684,2016-04-25 18:00:00,577
"12235",4702921684,2016-04-25 19:00:00,2019
"12236",4702921684,2016-04-25 20:00:00,691
"12237",4702921684,2016-04-25 21:00:00,1395
"12238",4702921684,2016-04-25 22:00:00,644
"12239",4702921684,2016-04-25 23:00:00,0
"12240",4702921684,2016-04-26 00:00:00,0
"12241",4702921684,2016-04-26 01:00:00,0
"12242",4702921684,2016-04-26 02:00:00,0
"12243",4702921684,2016-04-26 03:00:00,0
"12244",4702921684,2016-04-26 04:00:00,0
"12245",4702921684,2016-04-26 05:00:00,57
"12246",4702921684,2016-04-26 06:00:00,924
"12247",4702921684,2016-04-26 07:00:00,263
"12248",4702921684,2016-04-26 08:00:00,0
"12249",4702921684,2016-04-26 09:00:00,0
"12250",4702921684,2016-04-26 10:00:00,0
"12251",4702921684,2016-04-26 11:00:00,155
"12252",4702921684,2016-04-26 12:00:00,286
"12253",4702921684,2016-04-26 13:00:00,86
"12254",4702921684,2016-04-26 14:00:00,241
"12255",4702921684,2016-04-26 15:00:00,131
"12256",4702921684,2016-04-26 16:00:00,31
"12257",4702921684,2016-04-26 17:00:00,974
"12258",4702921684,2016-04-26 18:00:00,936
"12259",4702921684,2016-04-26 19:00:00,741
"12260",4702921684,2016-04-26 20:00:00,505
"12261",4702921684,2016-04-26 21:00:00,606
"12262",4702921684,2016-04-26 22:00:00,172
"12263",4702921684,2016-04-26 23:00:00,0
"12264",4702921684,2016-04-27 00:00:00,0
"12265",4702921684,2016-04-27 01:00:00,0
"12266",4702921684,2016-04-27 02:00:00,0
"12267",4702921684,2016-04-27 03:00:00,0
"12268",4702921684,2016-04-27 04:00:00,0
"12269",4702921684,2016-04-27 05:00:00,36
"12270",4702921684,2016-04-27 06:00:00,1249
"12271",4702921684,2016-04-27 07:00:00,432
"12272",4702921684,2016-04-27 08:00:00,64
"12273",4702921684,2016-04-27 09:00:00,40
"12274",4702921684,2016-04-27 10:00:00,144
"12275",4702921684,2016-04-27 11:00:00,158
"12276",4702921684,2016-04-27 12:00:00,226
"12277",4702921684,2016-04-27 13:00:00,130
"12278",4702921684,2016-04-27 14:00:00,103
"12279",4702921684,2016-04-27 15:00:00,205
"12280",4702921684,2016-04-27 16:00:00,268
"12281",4702921684,2016-04-27 17:00:00,529
"12282",4702921684,2016-04-27 18:00:00,594
"12283",4702921684,2016-04-27 19:00:00,375
"12284",4702921684,2016-04-27 20:00:00,1649
"12285",4702921684,2016-04-27 21:00:00,686
"12286",4702921684,2016-04-27 22:00:00,88
"12287",4702921684,2016-04-27 23:00:00,0
"12288",4702921684,2016-04-28 00:00:00,0
"12289",4702921684,2016-04-28 01:00:00,0
"12290",4702921684,2016-04-28 02:00:00,0
"12291",4702921684,2016-04-28 03:00:00,0
"12292",4702921684,2016-04-28 04:00:00,0
"12293",4702921684,2016-04-28 05:00:00,6
"12294",4702921684,2016-04-28 06:00:00,744
"12295",4702921684,2016-04-28 07:00:00,174
"12296",4702921684,2016-04-28 08:00:00,107
"12297",4702921684,2016-04-28 09:00:00,1455
"12298",4702921684,2016-04-28 10:00:00,89
"12299",4702921684,2016-04-28 11:00:00,151
"12300",4702921684,2016-04-28 12:00:00,996
"12301",4702921684,2016-04-28 13:00:00,104
"12302",4702921684,2016-04-28 14:00:00,101
"12303",4702921684,2016-04-28 15:00:00,191
"12304",4702921684,2016-04-28 16:00:00,156
"12305",4702921684,2016-04-28 17:00:00,900
"12306",4702921684,2016-04-28 18:00:00,211
"12307",4702921684,2016-04-28 19:00:00,1962
"12308",4702921684,2016-04-28 20:00:00,614
"12309",4702921684,2016-04-28 21:00:00,612
"12310",4702921684,2016-04-28 22:00:00,450
"12311",4702921684,2016-04-28 23:00:00,0
"12312",4702921684,2016-04-29 00:00:00,0
"12313",4702921684,2016-04-29 01:00:00,0
"12314",4702921684,2016-04-29 02:00:00,0
"12315",4702921684,2016-04-29 03:00:00,0
"12316",4702921684,2016-04-29 04:00:00,0
"12317",4702921684,2016-04-29 05:00:00,0
"12318",4702921684,2016-04-29 06:00:00,816
"12319",4702921684,2016-04-29 07:00:00,483
"12320",4702921684,2016-04-29 08:00:00,151
"12321",4702921684,2016-04-29 09:00:00,901
"12322",4702921684,2016-04-29 10:00:00,162
"12323",4702921684,2016-04-29 11:00:00,175
"12324",4702921684,2016-04-29 12:00:00,1079
"12325",4702921684,2016-04-29 13:00:00,261
"12326",4702921684,2016-04-29 14:00:00,155
"12327",4702921684,2016-04-29 15:00:00,302
"12328",4702921684,2016-04-29 16:00:00,281
"12329",4702921684,2016-04-29 17:00:00,1223
"12330",4702921684,2016-04-29 18:00:00,1123
"12331",4702921684,2016-04-29 19:00:00,1278
"12332",4702921684,2016-04-29 20:00:00,678
"12333",4702921684,2016-04-29 21:00:00,533
"12334",4702921684,2016-04-29 22:00:00,329
"12335",4702921684,2016-04-29 23:00:00,0
"12336",4702921684,2016-04-30 00:00:00,0
"12337",4702921684,2016-04-30 01:00:00,0
"12338",4702921684,2016-04-30 02:00:00,0
"12339",4702921684,2016-04-30 03:00:00,0
"12340",4702921684,2016-04-30 04:00:00,0
"12341",4702921684,2016-04-30 05:00:00,0
"12342",4702921684,2016-04-30 06:00:00,138
"12343",4702921684,2016-04-30 07:00:00,261
"12344",4702921684,2016-04-30 08:00:00,545
"12345",4702921684,2016-04-30 09:00:00,494
"12346",4702921684,2016-04-30 10:00:00,392
"12347",4702921684,2016-04-30 11:00:00,2135
"12348",4702921684,2016-04-30 12:00:00,1083
"12349",4702921684,2016-04-30 13:00:00,1623
"12350",4702921684,2016-04-30 14:00:00,1757
"12351",4702921684,2016-04-30 15:00:00,1009
"12352",4702921684,2016-04-30 16:00:00,392
"12353",4702921684,2016-04-30 17:00:00,315
"12354",4702921684,2016-04-30 18:00:00,0
"12355",4702921684,2016-04-30 19:00:00,0
"12356",4702921684,2016-04-30 20:00:00,0
"12357",4702921684,2016-04-30 21:00:00,0
"12358",4702921684,2016-04-30 22:00:00,0
"12359",4702921684,2016-04-30 23:00:00,0
"12360",4702921684,2016-05-01 00:00:00,0
"12361",4702921684,2016-05-01 01:00:00,0
"12362",4702921684,2016-05-01 02:00:00,0
"12363",4702921684,2016-05-01 03:00:00,0
"12364",4702921684,2016-05-01 04:00:00,0
"12365",4702921684,2016-05-01 05:00:00,0
"12366",4702921684,2016-05-01 06:00:00,0
"12367",4702921684,2016-05-01 07:00:00,0
"12368",4702921684,2016-05-01 08:00:00,0
"12369",4702921684,2016-05-01 09:00:00,0
"12370",4702921684,2016-05-01 10:00:00,0
"12371",4702921684,2016-05-01 11:00:00,0
"12372",4702921684,2016-05-01 12:00:00,0
"12373",4702921684,2016-05-01 13:00:00,0
"12374",4702921684,2016-05-01 14:00:00,0
"12375",4702921684,2016-05-01 15:00:00,0
"12376",4702921684,2016-05-01 16:00:00,0
"12377",4702921684,2016-05-01 17:00:00,0
"12378",4702921684,2016-05-01 18:00:00,0
"12379",4702921684,2016-05-01 19:00:00,0
"12380",4702921684,2016-05-01 20:00:00,0
"12381",4702921684,2016-05-01 21:00:00,0
"12382",4702921684,2016-05-01 22:00:00,0
"12383",4702921684,2016-05-01 23:00:00,0
"12384",4702921684,2016-05-02 00:00:00,0
"12385",4702921684,2016-05-02 01:00:00,0
"12386",4702921684,2016-05-02 02:00:00,0
"12387",4702921684,2016-05-02 03:00:00,0
"12388",4702921684,2016-05-02 04:00:00,0
"12389",4702921684,2016-05-02 05:00:00,0
"12390",4702921684,2016-05-02 06:00:00,0
"12391",4702921684,2016-05-02 07:00:00,0
"12392",4702921684,2016-05-02 08:00:00,0
"12393",4702921684,2016-05-02 09:00:00,0
"12394",4702921684,2016-05-02 10:00:00,0
"12395",4702921684,2016-05-02 11:00:00,0
"12396",4702921684,2016-05-02 12:00:00,212
"12397",4702921684,2016-05-02 13:00:00,179
"12398",4702921684,2016-05-02 14:00:00,148
"12399",4702921684,2016-05-02 15:00:00,75
"12400",4702921684,2016-05-02 16:00:00,237
"12401",4702921684,2016-05-02 17:00:00,1507
"12402",4702921684,2016-05-02 18:00:00,614
"12403",4702921684,2016-05-02 19:00:00,1848
"12404",4702921684,2016-05-02 20:00:00,483
"12405",4702921684,2016-05-02 21:00:00,1507
"12406",4702921684,2016-05-02 22:00:00,435
"12407",4702921684,2016-05-02 23:00:00,0
"12408",4702921684,2016-05-03 00:00:00,0
"12409",4702921684,2016-05-03 01:00:00,0
"12410",4702921684,2016-05-03 02:00:00,0
"12411",4702921684,2016-05-03 03:00:00,13
"12412",4702921684,2016-05-03 04:00:00,24
"12413",4702921684,2016-05-03 05:00:00,617
"12414",4702921684,2016-05-03 06:00:00,1604
"12415",4702921684,2016-05-03 07:00:00,424
"12416",4702921684,2016-05-03 08:00:00,169
"12417",4702921684,2016-05-03 09:00:00,1321
"12418",4702921684,2016-05-03 10:00:00,54
"12419",4702921684,2016-05-03 11:00:00,113
"12420",4702921684,2016-05-03 12:00:00,272
"12421",4702921684,2016-05-03 13:00:00,176
"12422",4702921684,2016-05-03 14:00:00,320
"12423",4702921684,2016-05-03 15:00:00,351
"12424",4702921684,2016-05-03 16:00:00,163
"12425",4702921684,2016-05-03 17:00:00,1046
"12426",4702921684,2016-05-03 18:00:00,539
"12427",4702921684,2016-05-03 19:00:00,560
"12428",4702921684,2016-05-03 20:00:00,518
"12429",4702921684,2016-05-03 21:00:00,656
"12430",4702921684,2016-05-03 22:00:00,514
"12431",4702921684,2016-05-03 23:00:00,0
"12432",4702921684,2016-05-04 00:00:00,0
"12433",4702921684,2016-05-04 01:00:00,15
"12434",4702921684,2016-05-04 02:00:00,0
"12435",4702921684,2016-05-04 03:00:00,0
"12436",4702921684,2016-05-04 04:00:00,0
"12437",4702921684,2016-05-04 05:00:00,45
"12438",4702921684,2016-05-04 06:00:00,713
"12439",4702921684,2016-05-04 07:00:00,263
"12440",4702921684,2016-05-04 08:00:00,0
"12441",4702921684,2016-05-04 09:00:00,783
"12442",4702921684,2016-05-04 10:00:00,847
"12443",4702921684,2016-05-04 11:00:00,0
"12444",4702921684,2016-05-04 12:00:00,273
"12445",4702921684,2016-05-04 13:00:00,168
"12446",4702921684,2016-05-04 14:00:00,259
"12447",4702921684,2016-05-04 15:00:00,0
"12448",4702921684,2016-05-04 16:00:00,11
"12449",4702921684,2016-05-04 17:00:00,1353
"12450",4702921684,2016-05-04 18:00:00,730
"12451",4702921684,2016-05-04 19:00:00,876
"12452",4702921684,2016-05-04 20:00:00,537
"12453",4702921684,2016-05-04 21:00:00,915
"12454",4702921684,2016-05-04 22:00:00,373
"12455",4702921684,2016-05-04 23:00:00,0
"12456",4702921684,2016-05-05 00:00:00,0
"12457",4702921684,2016-05-05 01:00:00,0
"12458",4702921684,2016-05-05 02:00:00,11
"12459",4702921684,2016-05-05 03:00:00,0
"12460",4702921684,2016-05-05 04:00:00,0
"12461",4702921684,2016-05-05 05:00:00,11
"12462",4702921684,2016-05-05 06:00:00,1006
"12463",4702921684,2016-05-05 07:00:00,160
"12464",4702921684,2016-05-05 08:00:00,157
"12465",4702921684,2016-05-05 09:00:00,1326
"12466",4702921684,2016-05-05 10:00:00,143
"12467",4702921684,2016-05-05 11:00:00,117
"12468",4702921684,2016-05-05 12:00:00,1184
"12469",4702921684,2016-05-05 13:00:00,45
"12470",4702921684,2016-05-05 14:00:00,119
"12471",4702921684,2016-05-05 15:00:00,0
"12472",4702921684,2016-05-05 16:00:00,129
"12473",4702921684,2016-05-05 17:00:00,901
"12474",4702921684,2016-05-05 18:00:00,635
"12475",4702921684,2016-05-05 19:00:00,652
"12476",4702921684,2016-05-05 20:00:00,789
"12477",4702921684,2016-05-05 21:00:00,961
"12478",4702921684,2016-05-05 22:00:00,268
"12479",4702921684,2016-05-05 23:00:00,0
"12480",4702921684,2016-05-06 00:00:00,7
"12481",4702921684,2016-05-06 01:00:00,0
"12482",4702921684,2016-05-06 02:00:00,12
"12483",4702921684,2016-05-06 03:00:00,10
"12484",4702921684,2016-05-06 04:00:00,0
"12485",4702921684,2016-05-06 05:00:00,0
"12486",4702921684,2016-05-06 06:00:00,880
"12487",4702921684,2016-05-06 07:00:00,359
"12488",4702921684,2016-05-06 08:00:00,252
"12489",4702921684,2016-05-06 09:00:00,1163
"12490",4702921684,2016-05-06 10:00:00,113
"12491",4702921684,2016-05-06 11:00:00,177
"12492",4702921684,2016-05-06 12:00:00,407
"12493",4702921684,2016-05-06 13:00:00,126
"12494",4702921684,2016-05-06 14:00:00,227
"12495",4702921684,2016-05-06 15:00:00,125
"12496",4702921684,2016-05-06 16:00:00,695
"12497",4702921684,2016-05-06 17:00:00,676
"12498",4702921684,2016-05-06 18:00:00,732
"12499",4702921684,2016-05-06 19:00:00,575
"12500",4702921684,2016-05-06 20:00:00,152
"12501",4702921684,2016-05-06 21:00:00,222
"12502",4702921684,2016-05-06 22:00:00,0
"12503",4702921684,2016-05-06 23:00:00,0
"12504",4702921684,2016-05-07 00:00:00,8
"12505",4702921684,2016-05-07 01:00:00,0
"12506",4702921684,2016-05-07 02:00:00,0
"12507",4702921684,2016-05-07 03:00:00,0
"12508",4702921684,2016-05-07 04:00:00,0
"12509",4702921684,2016-05-07 05:00:00,0
"12510",4702921684,2016-05-07 06:00:00,306
"12511",4702921684,2016-05-07 07:00:00,742
"12512",4702921684,2016-05-07 08:00:00,1007
"12513",4702921684,2016-05-07 09:00:00,509
"12514",4702921684,2016-05-07 10:00:00,1441
"12515",4702921684,2016-05-07 11:00:00,1628
"12516",4702921684,2016-05-07 12:00:00,1598
"12517",4702921684,2016-05-07 13:00:00,714
"12518",4702921684,2016-05-07 14:00:00,910
"12519",4702921684,2016-05-07 15:00:00,1019
"12520",4702921684,2016-05-07 16:00:00,955
"12521",4702921684,2016-05-07 17:00:00,506
"12522",4702921684,2016-05-07 18:00:00,1140
"12523",4702921684,2016-05-07 19:00:00,266
"12524",4702921684,2016-05-07 20:00:00,1367
"12525",4702921684,2016-05-07 21:00:00,249
"12526",4702921684,2016-05-07 22:00:00,5
"12527",4702921684,2016-05-07 23:00:00,0
"12528",4702921684,2016-05-08 00:00:00,0
"12529",4702921684,2016-05-08 01:00:00,0
"12530",4702921684,2016-05-08 02:00:00,0
"12531",4702921684,2016-05-08 03:00:00,0
"12532",4702921684,2016-05-08 04:00:00,0
"12533",4702921684,2016-05-08 05:00:00,0
"12534",4702921684,2016-05-08 06:00:00,0
"12535",4702921684,2016-05-08 07:00:00,0
"12536",4702921684,2016-05-08 08:00:00,0
"12537",4702921684,2016-05-08 09:00:00,39
"12538",4702921684,2016-05-08 10:00:00,227
"12539",4702921684,2016-05-08 11:00:00,1570
"12540",4702921684,2016-05-08 12:00:00,3016
"12541",4702921684,2016-05-08 13:00:00,1236
"12542",4702921684,2016-05-08 14:00:00,2336
"12543",4702921684,2016-05-08 15:00:00,1050
"12544",4702921684,2016-05-08 16:00:00,2315
"12545",4702921684,2016-05-08 17:00:00,145
"12546",4702921684,2016-05-08 18:00:00,347
"12547",4702921684,2016-05-08 19:00:00,344
"12548",4702921684,2016-05-08 20:00:00,120
"12549",4702921684,2016-05-08 21:00:00,38
"12550",4702921684,2016-05-08 22:00:00,74
"12551",4702921684,2016-05-08 23:00:00,0
"12552",4702921684,2016-05-09 00:00:00,0
"12553",4702921684,2016-05-09 01:00:00,0
"12554",4702921684,2016-05-09 02:00:00,0
"12555",4702921684,2016-05-09 03:00:00,0
"12556",4702921684,2016-05-09 04:00:00,0
"12557",4702921684,2016-05-09 05:00:00,0
"12558",4702921684,2016-05-09 06:00:00,1112
"12559",4702921684,2016-05-09 07:00:00,509
"12560",4702921684,2016-05-09 08:00:00,0
"12561",4702921684,2016-05-09 09:00:00,1269
"12562",4702921684,2016-05-09 10:00:00,105
"12563",4702921684,2016-05-09 11:00:00,153
"12564",4702921684,2016-05-09 12:00:00,256
"12565",4702921684,2016-05-09 13:00:00,298
"12566",4702921684,2016-05-09 14:00:00,107
"12567",4702921684,2016-05-09 15:00:00,228
"12568",4702921684,2016-05-09 16:00:00,237
"12569",4702921684,2016-05-09 17:00:00,1077
"12570",4702921684,2016-05-09 18:00:00,1058
"12571",4702921684,2016-05-09 19:00:00,388
"12572",4702921684,2016-05-09 20:00:00,683
"12573",4702921684,2016-05-09 21:00:00,535
"12574",4702921684,2016-05-09 22:00:00,212
"12575",4702921684,2016-05-09 23:00:00,5
"12576",4702921684,2016-05-10 00:00:00,0
"12577",4702921684,2016-05-10 01:00:00,0
"12578",4702921684,2016-05-10 02:00:00,0
"12579",4702921684,2016-05-10 03:00:00,0
"12580",4702921684,2016-05-10 04:00:00,0
"12581",4702921684,2016-05-10 05:00:00,0
"12582",4702921684,2016-05-10 06:00:00,1421
"12583",4702921684,2016-05-10 07:00:00,280
"12584",4702921684,2016-05-10 08:00:00,1297
"12585",4702921684,2016-05-10 09:00:00,149
"12586",4702921684,2016-05-10 10:00:00,151
"12587",4702921684,2016-05-10 11:00:00,120
"12588",4702921684,2016-05-10 12:00:00,1310
"12589",4702921684,2016-05-10 13:00:00,82
"12590",4702921684,2016-05-10 14:00:00,75
"12591",4702921684,2016-05-10 15:00:00,163
"12592",4702921684,2016-05-10 16:00:00,232
"12593",4702921684,2016-05-10 17:00:00,820
"12594",4702921684,2016-05-10 18:00:00,298
"12595",4702921684,2016-05-10 19:00:00,1917
"12596",4702921684,2016-05-10 20:00:00,549
"12597",4702921684,2016-05-10 21:00:00,1523
"12598",4702921684,2016-05-10 22:00:00,226
"12599",4702921684,2016-05-10 23:00:00,0
"12600",4702921684,2016-05-11 00:00:00,0
"12601",4702921684,2016-05-11 01:00:00,0
"12602",4702921684,2016-05-11 02:00:00,0
"12603",4702921684,2016-05-11 03:00:00,0
"12604",4702921684,2016-05-11 04:00:00,0
"12605",4702921684,2016-05-11 05:00:00,41
"12606",4702921684,2016-05-11 06:00:00,776
"12607",4702921684,2016-05-11 07:00:00,102
"12608",4702921684,2016-05-11 08:00:00,1355
"12609",4702921684,2016-05-11 09:00:00,71
"12610",4702921684,2016-05-11 10:00:00,165
"12611",4702921684,2016-05-11 11:00:00,272
"12612",4702921684,2016-05-11 12:00:00,145
"12613",4702921684,2016-05-11 13:00:00,211
"12614",4702921684,2016-05-11 14:00:00,328
"12615",4702921684,2016-05-11 15:00:00,109
"12616",4702921684,2016-05-11 16:00:00,1016
"12617",4702921684,2016-05-11 17:00:00,527
"12618",4702921684,2016-05-11 18:00:00,2503
"12619",4702921684,2016-05-11 19:00:00,578
"12620",4702921684,2016-05-11 20:00:00,191
"12621",4702921684,2016-05-11 21:00:00,1013
"12622",4702921684,2016-05-11 22:00:00,369
"12623",4702921684,2016-05-11 23:00:00,0
"12624",4702921684,2016-05-12 00:00:00,0
"12625",4702921684,2016-05-12 01:00:00,9
"12626",4702921684,2016-05-12 02:00:00,0
"12627",4702921684,2016-05-12 03:00:00,0
"12628",4702921684,2016-05-12 04:00:00,4
"12629",4702921684,2016-05-12 05:00:00,0
"12630",4702921684,2016-05-12 06:00:00,707
"12631",4702921684,2016-05-12 07:00:00,224
"12632",4702921684,2016-05-12 08:00:00,154
"12633",4702921684,2016-05-12 09:00:00,814
"12634",4702921684,2016-05-12 10:00:00,840
"12635",5553957443,2016-04-12 00:00:00,2
"12636",5553957443,2016-04-12 01:00:00,0
"12637",5553957443,2016-04-12 02:00:00,0
"12638",5553957443,2016-04-12 03:00:00,0
"12639",5553957443,2016-04-12 04:00:00,0
"12640",5553957443,2016-04-12 05:00:00,0
"12641",5553957443,2016-04-12 06:00:00,248
"12642",5553957443,2016-04-12 07:00:00,2030
"12643",5553957443,2016-04-12 08:00:00,1168
"12644",5553957443,2016-04-12 09:00:00,64
"12645",5553957443,2016-04-12 10:00:00,65
"12646",5553957443,2016-04-12 11:00:00,52
"12647",5553957443,2016-04-12 12:00:00,656
"12648",5553957443,2016-04-12 13:00:00,459
"12649",5553957443,2016-04-12 14:00:00,0
"12650",5553957443,2016-04-12 15:00:00,80
"12651",5553957443,2016-04-12 16:00:00,2192
"12652",5553957443,2016-04-12 17:00:00,1243
"12653",5553957443,2016-04-12 18:00:00,321
"12654",5553957443,2016-04-12 19:00:00,776
"12655",5553957443,2016-04-12 20:00:00,330
"12656",5553957443,2016-04-12 21:00:00,740
"12657",5553957443,2016-04-12 22:00:00,534
"12658",5553957443,2016-04-12 23:00:00,636
"12659",5553957443,2016-04-13 00:00:00,61
"12660",5553957443,2016-04-13 01:00:00,0
"12661",5553957443,2016-04-13 02:00:00,0
"12662",5553957443,2016-04-13 03:00:00,0
"12663",5553957443,2016-04-13 04:00:00,0
"12664",5553957443,2016-04-13 05:00:00,0
"12665",5553957443,2016-04-13 06:00:00,0
"12666",5553957443,2016-04-13 07:00:00,0
"12667",5553957443,2016-04-13 08:00:00,121
"12668",5553957443,2016-04-13 09:00:00,138
"12669",5553957443,2016-04-13 10:00:00,189
"12670",5553957443,2016-04-13 11:00:00,32
"12671",5553957443,2016-04-13 12:00:00,120
"12672",5553957443,2016-04-13 13:00:00,48
"12673",5553957443,2016-04-13 14:00:00,29
"12674",5553957443,2016-04-13 15:00:00,481
"12675",5553957443,2016-04-13 16:00:00,367
"12676",5553957443,2016-04-13 17:00:00,268
"12677",5553957443,2016-04-13 18:00:00,119
"12678",5553957443,2016-04-13 19:00:00,1130
"12679",5553957443,2016-04-13 20:00:00,1055
"12680",5553957443,2016-04-13 21:00:00,415
"12681",5553957443,2016-04-13 22:00:00,259
"12682",5553957443,2016-04-13 23:00:00,0
"12683",5553957443,2016-04-14 00:00:00,16
"12684",5553957443,2016-04-14 01:00:00,12
"12685",5553957443,2016-04-14 02:00:00,14
"12686",5553957443,2016-04-14 03:00:00,11
"12687",5553957443,2016-04-14 04:00:00,8
"12688",5553957443,2016-04-14 05:00:00,125
"12689",5553957443,2016-04-14 06:00:00,1258
"12690",5553957443,2016-04-14 07:00:00,2257
"12691",5553957443,2016-04-14 08:00:00,0
"12692",5553957443,2016-04-14 09:00:00,0
"12693",5553957443,2016-04-14 10:00:00,107
"12694",5553957443,2016-04-14 11:00:00,0
"12695",5553957443,2016-04-14 12:00:00,95
"12696",5553957443,2016-04-14 13:00:00,478
"12697",5553957443,2016-04-14 14:00:00,2106
"12698",5553957443,2016-04-14 15:00:00,249
"12699",5553957443,2016-04-14 16:00:00,1641
"12700",5553957443,2016-04-14 17:00:00,5808
"12701",5553957443,2016-04-14 18:00:00,267
"12702",5553957443,2016-04-14 19:00:00,143
"12703",5553957443,2016-04-14 20:00:00,624
"12704",5553957443,2016-04-14 21:00:00,1519
"12705",5553957443,2016-04-14 22:00:00,247
"12706",5553957443,2016-04-14 23:00:00,37
"12707",5553957443,2016-04-15 00:00:00,6
"12708",5553957443,2016-04-15 01:00:00,0
"12709",5553957443,2016-04-15 02:00:00,0
"12710",5553957443,2016-04-15 03:00:00,7
"12711",5553957443,2016-04-15 04:00:00,0
"12712",5553957443,2016-04-15 05:00:00,6
"12713",5553957443,2016-04-15 06:00:00,860
"12714",5553957443,2016-04-15 07:00:00,1427
"12715",5553957443,2016-04-15 08:00:00,146
"12716",5553957443,2016-04-15 09:00:00,123
"12717",5553957443,2016-04-15 10:00:00,2718
"12718",5553957443,2016-04-15 11:00:00,1959
"12719",5553957443,2016-04-15 12:00:00,874
"12720",5553957443,2016-04-15 13:00:00,9
"12721",5553957443,2016-04-15 14:00:00,2183
"12722",5553957443,2016-04-15 15:00:00,261
"12723",5553957443,2016-04-15 16:00:00,3256
"12724",5553957443,2016-04-15 17:00:00,1035
"12725",5553957443,2016-04-15 18:00:00,762
"12726",5553957443,2016-04-15 19:00:00,484
"12727",5553957443,2016-04-15 20:00:00,0
"12728",5553957443,2016-04-15 21:00:00,148
"12729",5553957443,2016-04-15 22:00:00,280
"12730",5553957443,2016-04-15 23:00:00,12
"12731",5553957443,2016-04-16 00:00:00,0
"12732",5553957443,2016-04-16 01:00:00,8
"12733",5553957443,2016-04-16 02:00:00,0
"12734",5553957443,2016-04-16 03:00:00,10
"12735",5553957443,2016-04-16 04:00:00,15
"12736",5553957443,2016-04-16 05:00:00,8
"12737",5553957443,2016-04-16 06:00:00,9
"12738",5553957443,2016-04-16 07:00:00,9
"12739",5553957443,2016-04-16 08:00:00,0
"12740",5553957443,2016-04-16 09:00:00,65
"12741",5553957443,2016-04-16 10:00:00,501
"12742",5553957443,2016-04-16 11:00:00,18
"12743",5553957443,2016-04-16 12:00:00,17
"12744",5553957443,2016-04-16 13:00:00,280
"12745",5553957443,2016-04-16 14:00:00,671
"12746",5553957443,2016-04-16 15:00:00,564
"12747",5553957443,2016-04-16 16:00:00,1024
"12748",5553957443,2016-04-16 17:00:00,783
"12749",5553957443,2016-04-16 18:00:00,377
"12750",5553957443,2016-04-16 19:00:00,580
"12751",5553957443,2016-04-16 20:00:00,408
"12752",5553957443,2016-04-16 21:00:00,88
"12753",5553957443,2016-04-16 22:00:00,170
"12754",5553957443,2016-04-16 23:00:00,166
"12755",5553957443,2016-04-17 00:00:00,22
"12756",5553957443,2016-04-17 01:00:00,305
"12757",5553957443,2016-04-17 02:00:00,133
"12758",5553957443,2016-04-17 03:00:00,0
"12759",5553957443,2016-04-17 04:00:00,0
"12760",5553957443,2016-04-17 05:00:00,24
"12761",5553957443,2016-04-17 06:00:00,0
"12762",5553957443,2016-04-17 07:00:00,0
"12763",5553957443,2016-04-17 08:00:00,0
"12764",5553957443,2016-04-17 09:00:00,40
"12765",5553957443,2016-04-17 10:00:00,0
"12766",5553957443,2016-04-17 11:00:00,0
"12767",5553957443,2016-04-17 12:00:00,0
"12768",5553957443,2016-04-17 13:00:00,0
"12769",5553957443,2016-04-17 14:00:00,0
"12770",5553957443,2016-04-17 15:00:00,0
"12771",5553957443,2016-04-17 16:00:00,0
"12772",5553957443,2016-04-17 17:00:00,0
"12773",5553957443,2016-04-17 18:00:00,0
"12774",5553957443,2016-04-17 19:00:00,0
"12775",5553957443,2016-04-17 20:00:00,0
"12776",5553957443,2016-04-17 21:00:00,0
"12777",5553957443,2016-04-17 22:00:00,111
"12778",5553957443,2016-04-17 23:00:00,20
"12779",5553957443,2016-04-18 00:00:00,0
"12780",5553957443,2016-04-18 01:00:00,0
"12781",5553957443,2016-04-18 02:00:00,0
"12782",5553957443,2016-04-18 03:00:00,9
"12783",5553957443,2016-04-18 04:00:00,9
"12784",5553957443,2016-04-18 05:00:00,6
"12785",5553957443,2016-04-18 06:00:00,83
"12786",5553957443,2016-04-18 07:00:00,153
"12787",5553957443,2016-04-18 08:00:00,10
"12788",5553957443,2016-04-18 09:00:00,103
"12789",5553957443,2016-04-18 10:00:00,373
"12790",5553957443,2016-04-18 11:00:00,374
"12791",5553957443,2016-04-18 12:00:00,454
"12792",5553957443,2016-04-18 13:00:00,98
"12793",5553957443,2016-04-18 14:00:00,0
"12794",5553957443,2016-04-18 15:00:00,425
"12795",5553957443,2016-04-18 16:00:00,5
"12796",5553957443,2016-04-18 17:00:00,519
"12797",5553957443,2016-04-18 18:00:00,373
"12798",5553957443,2016-04-18 19:00:00,0
"12799",5553957443,2016-04-18 20:00:00,409
"12800",5553957443,2016-04-18 21:00:00,317
"12801",5553957443,2016-04-18 22:00:00,7
"12802",5553957443,2016-04-18 23:00:00,0
"12803",5553957443,2016-04-19 00:00:00,0
"12804",5553957443,2016-04-19 01:00:00,0
"12805",5553957443,2016-04-19 02:00:00,116
"12806",5553957443,2016-04-19 03:00:00,0
"12807",5553957443,2016-04-19 04:00:00,6
"12808",5553957443,2016-04-19 05:00:00,0
"12809",5553957443,2016-04-19 06:00:00,525
"12810",5553957443,2016-04-19 07:00:00,1983
"12811",5553957443,2016-04-19 08:00:00,950
"12812",5553957443,2016-04-19 09:00:00,125
"12813",5553957443,2016-04-19 10:00:00,6
"12814",5553957443,2016-04-19 11:00:00,70
"12815",5553957443,2016-04-19 12:00:00,2379
"12816",5553957443,2016-04-19 13:00:00,2277
"12817",5553957443,2016-04-19 14:00:00,7
"12818",5553957443,2016-04-19 15:00:00,2538
"12819",5553957443,2016-04-19 16:00:00,448
"12820",5553957443,2016-04-19 17:00:00,2598
"12821",5553957443,2016-04-19 18:00:00,554
"12822",5553957443,2016-04-19 19:00:00,217
"12823",5553957443,2016-04-19 20:00:00,120
"12824",5553957443,2016-04-19 21:00:00,466
"12825",5553957443,2016-04-19 22:00:00,97
"12826",5553957443,2016-04-19 23:00:00,0
"12827",5553957443,2016-04-20 00:00:00,0
"12828",5553957443,2016-04-20 01:00:00,4
"12829",5553957443,2016-04-20 02:00:00,16
"12830",5553957443,2016-04-20 03:00:00,0
"12831",5553957443,2016-04-20 04:00:00,17
"12832",5553957443,2016-04-20 05:00:00,7
"12833",5553957443,2016-04-20 06:00:00,96
"12834",5553957443,2016-04-20 07:00:00,0
"12835",5553957443,2016-04-20 08:00:00,11
"12836",5553957443,2016-04-20 09:00:00,0
"12837",5553957443,2016-04-20 10:00:00,144
"12838",5553957443,2016-04-20 11:00:00,118
"12839",5553957443,2016-04-20 12:00:00,479
"12840",5553957443,2016-04-20 13:00:00,534
"12841",5553957443,2016-04-20 14:00:00,135
"12842",5553957443,2016-04-20 15:00:00,42
"12843",5553957443,2016-04-20 16:00:00,114
"12844",5553957443,2016-04-20 17:00:00,85
"12845",5553957443,2016-04-20 18:00:00,38
"12846",5553957443,2016-04-20 19:00:00,46
"12847",5553957443,2016-04-20 20:00:00,349
"12848",5553957443,2016-04-20 21:00:00,228
"12849",5553957443,2016-04-20 22:00:00,239
"12850",5553957443,2016-04-20 23:00:00,11
"12851",5553957443,2016-04-21 00:00:00,0
"12852",5553957443,2016-04-21 01:00:00,0
"12853",5553957443,2016-04-21 02:00:00,111
"12854",5553957443,2016-04-21 03:00:00,0
"12855",5553957443,2016-04-21 04:00:00,0
"12856",5553957443,2016-04-21 05:00:00,13
"12857",5553957443,2016-04-21 06:00:00,410
"12858",5553957443,2016-04-21 07:00:00,644
"12859",5553957443,2016-04-21 08:00:00,1844
"12860",5553957443,2016-04-21 09:00:00,99
"12861",5553957443,2016-04-21 10:00:00,19
"12862",5553957443,2016-04-21 11:00:00,198
"12863",5553957443,2016-04-21 12:00:00,243
"12864",5553957443,2016-04-21 13:00:00,243
"12865",5553957443,2016-04-21 14:00:00,11
"12866",5553957443,2016-04-21 15:00:00,0
"12867",5553957443,2016-04-21 16:00:00,0
"12868",5553957443,2016-04-21 17:00:00,2325
"12869",5553957443,2016-04-21 18:00:00,3026
"12870",5553957443,2016-04-21 19:00:00,1021
"12871",5553957443,2016-04-21 20:00:00,9
"12872",5553957443,2016-04-21 21:00:00,1472
"12873",5553957443,2016-04-21 22:00:00,39
"12874",5553957443,2016-04-21 23:00:00,619
"12875",5553957443,2016-04-22 00:00:00,0
"12876",5553957443,2016-04-22 01:00:00,0
"12877",5553957443,2016-04-22 02:00:00,14
"12878",5553957443,2016-04-22 03:00:00,0
"12879",5553957443,2016-04-22 04:00:00,0
"12880",5553957443,2016-04-22 05:00:00,126
"12881",5553957443,2016-04-22 06:00:00,1360
"12882",5553957443,2016-04-22 07:00:00,1743
"12883",5553957443,2016-04-22 08:00:00,326
"12884",5553957443,2016-04-22 09:00:00,290
"12885",5553957443,2016-04-22 10:00:00,112
"12886",5553957443,2016-04-22 11:00:00,91
"12887",5553957443,2016-04-22 12:00:00,335
"12888",5553957443,2016-04-22 13:00:00,319
"12889",5553957443,2016-04-22 14:00:00,556
"12890",5553957443,2016-04-22 15:00:00,1002
"12891",5553957443,2016-04-22 16:00:00,1603
"12892",5553957443,2016-04-22 17:00:00,347
"12893",5553957443,2016-04-22 18:00:00,538
"12894",5553957443,2016-04-22 19:00:00,1419
"12895",5553957443,2016-04-22 20:00:00,489
"12896",5553957443,2016-04-22 21:00:00,736
"12897",5553957443,2016-04-22 22:00:00,53
"12898",5553957443,2016-04-22 23:00:00,211
"12899",5553957443,2016-04-23 00:00:00,258
"12900",5553957443,2016-04-23 01:00:00,10
"12901",5553957443,2016-04-23 02:00:00,9
"12902",5553957443,2016-04-23 03:00:00,0
"12903",5553957443,2016-04-23 04:00:00,0
"12904",5553957443,2016-04-23 05:00:00,76
"12905",5553957443,2016-04-23 06:00:00,8
"12906",5553957443,2016-04-23 07:00:00,0
"12907",5553957443,2016-04-23 08:00:00,0
"12908",5553957443,2016-04-23 09:00:00,10
"12909",5553957443,2016-04-23 10:00:00,28
"12910",5553957443,2016-04-23 11:00:00,102
"12911",5553957443,2016-04-23 12:00:00,88
"12912",5553957443,2016-04-23 13:00:00,26
"12913",5553957443,2016-04-23 14:00:00,0
"12914",5553957443,2016-04-23 15:00:00,66
"12915",5553957443,2016-04-23 16:00:00,394
"12916",5553957443,2016-04-23 17:00:00,412
"12917",5553957443,2016-04-23 18:00:00,501
"12918",5553957443,2016-04-23 19:00:00,785
"12919",5553957443,2016-04-23 20:00:00,484
"12920",5553957443,2016-04-23 21:00:00,237
"12921",5553957443,2016-04-23 22:00:00,266
"12922",5553957443,2016-04-23 23:00:00,350
"12923",5553957443,2016-04-24 00:00:00,154
"12924",5553957443,2016-04-24 01:00:00,0
"12925",5553957443,2016-04-24 02:00:00,0
"12926",5553957443,2016-04-24 03:00:00,25
"12927",5553957443,2016-04-24 04:00:00,80
"12928",5553957443,2016-04-24 05:00:00,18
"12929",5553957443,2016-04-24 06:00:00,23
"12930",5553957443,2016-04-24 07:00:00,6
"12931",5553957443,2016-04-24 08:00:00,0
"12932",5553957443,2016-04-24 09:00:00,10
"12933",5553957443,2016-04-24 10:00:00,204
"12934",5553957443,2016-04-24 11:00:00,119
"12935",5553957443,2016-04-24 12:00:00,89
"12936",5553957443,2016-04-24 13:00:00,24
"12937",5553957443,2016-04-24 14:00:00,80
"12938",5553957443,2016-04-24 15:00:00,0
"12939",5553957443,2016-04-24 16:00:00,39
"12940",5553957443,2016-04-24 17:00:00,297
"12941",5553957443,2016-04-24 18:00:00,59
"12942",5553957443,2016-04-24 19:00:00,26
"12943",5553957443,2016-04-24 20:00:00,251
"12944",5553957443,2016-04-24 21:00:00,282
"12945",5553957443,2016-04-24 22:00:00,21
"12946",5553957443,2016-04-24 23:00:00,0
"12947",5553957443,2016-04-25 00:00:00,0
"12948",5553957443,2016-04-25 01:00:00,0
"12949",5553957443,2016-04-25 02:00:00,0
"12950",5553957443,2016-04-25 03:00:00,0
"12951",5553957443,2016-04-25 04:00:00,0
"12952",5553957443,2016-04-25 05:00:00,40
"12953",5553957443,2016-04-25 06:00:00,572
"12954",5553957443,2016-04-25 07:00:00,2715
"12955",5553957443,2016-04-25 08:00:00,13
"12956",5553957443,2016-04-25 09:00:00,19
"12957",5553957443,2016-04-25 10:00:00,108
"12958",5553957443,2016-04-25 11:00:00,154
"12959",5553957443,2016-04-25 12:00:00,34
"12960",5553957443,2016-04-25 13:00:00,2451
"12961",5553957443,2016-04-25 14:00:00,601
"12962",5553957443,2016-04-25 15:00:00,275
"12963",5553957443,2016-04-25 16:00:00,83
"12964",5553957443,2016-04-25 17:00:00,1838
"12965",5553957443,2016-04-25 18:00:00,1149
"12966",5553957443,2016-04-25 19:00:00,380
"12967",5553957443,2016-04-25 20:00:00,65
"12968",5553957443,2016-04-25 21:00:00,423
"12969",5553957443,2016-04-25 22:00:00,26
"12970",5553957443,2016-04-25 23:00:00,0
"12971",5553957443,2016-04-26 00:00:00,0
"12972",5553957443,2016-04-26 01:00:00,0
"12973",5553957443,2016-04-26 02:00:00,5
"12974",5553957443,2016-04-26 03:00:00,10
"12975",5553957443,2016-04-26 04:00:00,0
"12976",5553957443,2016-04-26 05:00:00,11
"12977",5553957443,2016-04-26 06:00:00,888
"12978",5553957443,2016-04-26 07:00:00,2641
"12979",5553957443,2016-04-26 08:00:00,20
"12980",5553957443,2016-04-26 09:00:00,161
"12981",5553957443,2016-04-26 10:00:00,55
"12982",5553957443,2016-04-26 11:00:00,114
"12983",5553957443,2016-04-26 12:00:00,2595
"12984",5553957443,2016-04-26 13:00:00,834
"12985",5553957443,2016-04-26 14:00:00,74
"12986",5553957443,2016-04-26 15:00:00,0
"12987",5553957443,2016-04-26 16:00:00,0
"12988",5553957443,2016-04-26 17:00:00,2411
"12989",5553957443,2016-04-26 18:00:00,517
"12990",5553957443,2016-04-26 19:00:00,406
"12991",5553957443,2016-04-26 20:00:00,184
"12992",5553957443,2016-04-26 21:00:00,204
"12993",5553957443,2016-04-26 22:00:00,691
"12994",5553957443,2016-04-26 23:00:00,65
"12995",5553957443,2016-04-27 00:00:00,0
"12996",5553957443,2016-04-27 01:00:00,0
"12997",5553957443,2016-04-27 02:00:00,8
"12998",5553957443,2016-04-27 03:00:00,0
"12999",5553957443,2016-04-27 04:00:00,4
"13000",5553957443,2016-04-27 05:00:00,7
"13001",5553957443,2016-04-27 06:00:00,942
"13002",5553957443,2016-04-27 07:00:00,1267
"13003",5553957443,2016-04-27 08:00:00,466
"13004",5553957443,2016-04-27 09:00:00,177
"13005",5553957443,2016-04-27 10:00:00,142
"13006",5553957443,2016-04-27 11:00:00,423
"13007",5553957443,2016-04-27 12:00:00,480
"13008",5553957443,2016-04-27 13:00:00,395
"13009",5553957443,2016-04-27 14:00:00,106
"13010",5553957443,2016-04-27 15:00:00,542
"13011",5553957443,2016-04-27 16:00:00,95
"13012",5553957443,2016-04-27 17:00:00,3605
"13013",5553957443,2016-04-27 18:00:00,1341
"13014",5553957443,2016-04-27 19:00:00,4
"13015",5553957443,2016-04-27 20:00:00,276
"13016",5553957443,2016-04-27 21:00:00,258
"13017",5553957443,2016-04-27 22:00:00,0
"13018",5553957443,2016-04-27 23:00:00,0
"13019",5553957443,2016-04-28 00:00:00,0
"13020",5553957443,2016-04-28 01:00:00,0
"13021",5553957443,2016-04-28 02:00:00,9
"13022",5553957443,2016-04-28 03:00:00,15
"13023",5553957443,2016-04-28 04:00:00,0
"13024",5553957443,2016-04-28 05:00:00,0
"13025",5553957443,2016-04-28 06:00:00,107
"13026",5553957443,2016-04-28 07:00:00,2046
"13027",5553957443,2016-04-28 08:00:00,861
"13028",5553957443,2016-04-28 09:00:00,170
"13029",5553957443,2016-04-28 10:00:00,164
"13030",5553957443,2016-04-28 11:00:00,80
"13031",5553957443,2016-04-28 12:00:00,118
"13032",5553957443,2016-04-28 13:00:00,456
"13033",5553957443,2016-04-28 14:00:00,3729
"13034",5553957443,2016-04-28 15:00:00,42
"13035",5553957443,2016-04-28 16:00:00,1999
"13036",5553957443,2016-04-28 17:00:00,1157
"13037",5553957443,2016-04-28 18:00:00,31
"13038",5553957443,2016-04-28 19:00:00,96
"13039",5553957443,2016-04-28 20:00:00,95
"13040",5553957443,2016-04-28 21:00:00,210
"13041",5553957443,2016-04-28 22:00:00,0
"13042",5553957443,2016-04-28 23:00:00,8
"13043",5553957443,2016-04-29 00:00:00,0
"13044",5553957443,2016-04-29 01:00:00,0
"13045",5553957443,2016-04-29 02:00:00,8
"13046",5553957443,2016-04-29 03:00:00,60
"13047",5553957443,2016-04-29 04:00:00,13
"13048",5553957443,2016-04-29 05:00:00,0
"13049",5553957443,2016-04-29 06:00:00,687
"13050",5553957443,2016-04-29 07:00:00,2761
"13051",5553957443,2016-04-29 08:00:00,179
"13052",5553957443,2016-04-29 09:00:00,0
"13053",5553957443,2016-04-29 10:00:00,305
"13054",5553957443,2016-04-29 11:00:00,2456
"13055",5553957443,2016-04-29 12:00:00,469
"13056",5553957443,2016-04-29 13:00:00,359
"13057",5553957443,2016-04-29 14:00:00,73
"13058",5553957443,2016-04-29 15:00:00,247
"13059",5553957443,2016-04-29 16:00:00,2887
"13060",5553957443,2016-04-29 17:00:00,803
"13061",5553957443,2016-04-29 18:00:00,662
"13062",5553957443,2016-04-29 19:00:00,157
"13063",5553957443,2016-04-29 20:00:00,139
"13064",5553957443,2016-04-29 21:00:00,165
"13065",5553957443,2016-04-29 22:00:00,7
"13066",5553957443,2016-04-29 23:00:00,327
"13067",5553957443,2016-04-30 00:00:00,0
"13068",5553957443,2016-04-30 01:00:00,0
"13069",5553957443,2016-04-30 02:00:00,0
"13070",5553957443,2016-04-30 03:00:00,0
"13071",5553957443,2016-04-30 04:00:00,0
"13072",5553957443,2016-04-30 05:00:00,9
"13073",5553957443,2016-04-30 06:00:00,32
"13074",5553957443,2016-04-30 07:00:00,0
"13075",5553957443,2016-04-30 08:00:00,0
"13076",5553957443,2016-04-30 09:00:00,0
"13077",5553957443,2016-04-30 10:00:00,8
"13078",5553957443,2016-04-30 11:00:00,127
"13079",5553957443,2016-04-30 12:00:00,143
"13080",5553957443,2016-04-30 13:00:00,0
"13081",5553957443,2016-04-30 14:00:00,41
"13082",5553957443,2016-04-30 15:00:00,38
"13083",5553957443,2016-04-30 16:00:00,13
"13084",5553957443,2016-04-30 17:00:00,22
"13085",5553957443,2016-04-30 18:00:00,61
"13086",5553957443,2016-04-30 19:00:00,297
"13087",5553957443,2016-04-30 20:00:00,49
"13088",5553957443,2016-04-30 21:00:00,113
"13089",5553957443,2016-04-30 22:00:00,179
"13090",5553957443,2016-04-30 23:00:00,70
"13091",5553957443,2016-05-01 00:00:00,0
"13092",5553957443,2016-05-01 01:00:00,0
"13093",5553957443,2016-05-01 02:00:00,0
"13094",5553957443,2016-05-01 03:00:00,0
"13095",5553957443,2016-05-01 04:00:00,0
"13096",5553957443,2016-05-01 05:00:00,53
"13097",5553957443,2016-05-01 06:00:00,5
"13098",5553957443,2016-05-01 07:00:00,0
"13099",5553957443,2016-05-01 08:00:00,13
"13100",5553957443,2016-05-01 09:00:00,174
"13101",5553957443,2016-05-01 10:00:00,702
"13102",5553957443,2016-05-01 11:00:00,418
"13103",5553957443,2016-05-01 12:00:00,1171
"13104",5553957443,2016-05-01 13:00:00,605
"13105",5553957443,2016-05-01 14:00:00,225
"13106",5553957443,2016-05-01 15:00:00,0
"13107",5553957443,2016-05-01 16:00:00,105
"13108",5553957443,2016-05-01 17:00:00,332
"13109",5553957443,2016-05-01 18:00:00,384
"13110",5553957443,2016-05-01 19:00:00,504
"13111",5553957443,2016-05-01 20:00:00,322
"13112",5553957443,2016-05-01 21:00:00,68
"13113",5553957443,2016-05-01 22:00:00,83
"13114",5553957443,2016-05-01 23:00:00,0
"13115",5553957443,2016-05-02 00:00:00,0
"13116",5553957443,2016-05-02 01:00:00,0
"13117",5553957443,2016-05-02 02:00:00,8
"13118",5553957443,2016-05-02 03:00:00,0
"13119",5553957443,2016-05-02 04:00:00,0
"13120",5553957443,2016-05-02 05:00:00,24
"13121",5553957443,2016-05-02 06:00:00,831
"13122",5553957443,2016-05-02 07:00:00,1649
"13123",5553957443,2016-05-02 08:00:00,345
"13124",5553957443,2016-05-02 09:00:00,338
"13125",5553957443,2016-05-02 10:00:00,332
"13126",5553957443,2016-05-02 11:00:00,384
"13127",5553957443,2016-05-02 12:00:00,143
"13128",5553957443,2016-05-02 13:00:00,82
"13129",5553957443,2016-05-02 14:00:00,103
"13130",5553957443,2016-05-02 15:00:00,108
"13131",5553957443,2016-05-02 16:00:00,2457
"13132",5553957443,2016-05-02 17:00:00,1386
"13133",5553957443,2016-05-02 18:00:00,1181
"13134",5553957443,2016-05-02 19:00:00,102
"13135",5553957443,2016-05-02 20:00:00,140
"13136",5553957443,2016-05-02 21:00:00,126
"13137",5553957443,2016-05-02 22:00:00,30
"13138",5553957443,2016-05-02 23:00:00,0
"13139",5553957443,2016-05-03 00:00:00,24
"13140",5553957443,2016-05-03 01:00:00,8
"13141",5553957443,2016-05-03 02:00:00,12
"13142",5553957443,2016-05-03 03:00:00,5
"13143",5553957443,2016-05-03 04:00:00,0
"13144",5553957443,2016-05-03 05:00:00,201
"13145",5553957443,2016-05-03 06:00:00,1528
"13146",5553957443,2016-05-03 07:00:00,833
"13147",5553957443,2016-05-03 08:00:00,0
"13148",5553957443,2016-05-03 09:00:00,106
"13149",5553957443,2016-05-03 10:00:00,204
"13150",5553957443,2016-05-03 11:00:00,70
"13151",5553957443,2016-05-03 12:00:00,612
"13152",5553957443,2016-05-03 13:00:00,68
"13153",5553957443,2016-05-03 14:00:00,0
"13154",5553957443,2016-05-03 15:00:00,25
"13155",5553957443,2016-05-03 16:00:00,1613
"13156",5553957443,2016-05-03 17:00:00,2518
"13157",5553957443,2016-05-03 18:00:00,797
"13158",5553957443,2016-05-03 19:00:00,1502
"13159",5553957443,2016-05-03 20:00:00,1362
"13160",5553957443,2016-05-03 21:00:00,84
"13161",5553957443,2016-05-03 22:00:00,986
"13162",5553957443,2016-05-03 23:00:00,263
"13163",5553957443,2016-05-04 00:00:00,244
"13164",5553957443,2016-05-04 01:00:00,0
"13165",5553957443,2016-05-04 02:00:00,10
"13166",5553957443,2016-05-04 03:00:00,0
"13167",5553957443,2016-05-04 04:00:00,0
"13168",5553957443,2016-05-04 05:00:00,0
"13169",5553957443,2016-05-04 06:00:00,66
"13170",5553957443,2016-05-04 07:00:00,0
"13171",5553957443,2016-05-04 08:00:00,61
"13172",5553957443,2016-05-04 09:00:00,61
"13173",5553957443,2016-05-04 10:00:00,83
"13174",5553957443,2016-05-04 11:00:00,23
"13175",5553957443,2016-05-04 12:00:00,116
"13176",5553957443,2016-05-04 13:00:00,118
"13177",5553957443,2016-05-04 14:00:00,321
"13178",5553957443,2016-05-04 15:00:00,578
"13179",5553957443,2016-05-04 16:00:00,454
"13180",5553957443,2016-05-04 17:00:00,432
"13181",5553957443,2016-05-04 18:00:00,557
"13182",5553957443,2016-05-04 19:00:00,566
"13183",5553957443,2016-05-04 20:00:00,111
"13184",5553957443,2016-05-04 21:00:00,345
"13185",5553957443,2016-05-04 22:00:00,103
"13186",5553957443,2016-05-04 23:00:00,0
"13187",5553957443,2016-05-05 00:00:00,0
"13188",5553957443,2016-05-05 01:00:00,10
"13189",5553957443,2016-05-05 02:00:00,0
"13190",5553957443,2016-05-05 03:00:00,0
"13191",5553957443,2016-05-05 04:00:00,0
"13192",5553957443,2016-05-05 05:00:00,5
"13193",5553957443,2016-05-05 06:00:00,262
"13194",5553957443,2016-05-05 07:00:00,1366
"13195",5553957443,2016-05-05 08:00:00,1683
"13196",5553957443,2016-05-05 09:00:00,376
"13197",5553957443,2016-05-05 10:00:00,42
"13198",5553957443,2016-05-05 11:00:00,51
"13199",5553957443,2016-05-05 12:00:00,262
"13200",5553957443,2016-05-05 13:00:00,203
"13201",5553957443,2016-05-05 14:00:00,585
"13202",5553957443,2016-05-05 15:00:00,90
"13203",5553957443,2016-05-05 16:00:00,2951
"13204",5553957443,2016-05-05 17:00:00,3133
"13205",5553957443,2016-05-05 18:00:00,874
"13206",5553957443,2016-05-05 19:00:00,744
"13207",5553957443,2016-05-05 20:00:00,1061
"13208",5553957443,2016-05-05 21:00:00,271
"13209",5553957443,2016-05-05 22:00:00,348
"13210",5553957443,2016-05-05 23:00:00,14
"13211",5553957443,2016-05-06 00:00:00,0
"13212",5553957443,2016-05-06 01:00:00,0
"13213",5553957443,2016-05-06 02:00:00,0
"13214",5553957443,2016-05-06 03:00:00,13
"13215",5553957443,2016-05-06 04:00:00,86
"13216",5553957443,2016-05-06 05:00:00,7
"13217",5553957443,2016-05-06 06:00:00,225
"13218",5553957443,2016-05-06 07:00:00,1506
"13219",5553957443,2016-05-06 08:00:00,2054
"13220",5553957443,2016-05-06 09:00:00,21
"13221",5553957443,2016-05-06 10:00:00,4
"13222",5553957443,2016-05-06 11:00:00,68
"13223",5553957443,2016-05-06 12:00:00,280
"13224",5553957443,2016-05-06 13:00:00,52
"13225",5553957443,2016-05-06 14:00:00,339
"13226",5553957443,2016-05-06 15:00:00,75
"13227",5553957443,2016-05-06 16:00:00,0
"13228",5553957443,2016-05-06 17:00:00,2042
"13229",5553957443,2016-05-06 18:00:00,897
"13230",5553957443,2016-05-06 19:00:00,1142
"13231",5553957443,2016-05-06 20:00:00,293
"13232",5553957443,2016-05-06 21:00:00,31
"13233",5553957443,2016-05-06 22:00:00,497
"13234",5553957443,2016-05-06 23:00:00,0
"13235",5553957443,2016-05-07 00:00:00,0
"13236",5553957443,2016-05-07 01:00:00,7
"13237",5553957443,2016-05-07 02:00:00,0
"13238",5553957443,2016-05-07 03:00:00,0
"13239",5553957443,2016-05-07 04:00:00,0
"13240",5553957443,2016-05-07 05:00:00,0
"13241",5553957443,2016-05-07 06:00:00,0
"13242",5553957443,2016-05-07 07:00:00,102
"13243",5553957443,2016-05-07 08:00:00,0
"13244",5553957443,2016-05-07 09:00:00,0
"13245",5553957443,2016-05-07 10:00:00,0
"13246",5553957443,2016-05-07 11:00:00,0
"13247",5553957443,2016-05-07 12:00:00,0
"13248",5553957443,2016-05-07 13:00:00,0
"13249",5553957443,2016-05-07 14:00:00,80
"13250",5553957443,2016-05-07 15:00:00,0
"13251",5553957443,2016-05-07 16:00:00,0
"13252",5553957443,2016-05-07 17:00:00,98
"13253",5553957443,2016-05-07 18:00:00,550
"13254",5553957443,2016-05-07 19:00:00,144
"13255",5553957443,2016-05-07 20:00:00,56
"13256",5553957443,2016-05-07 21:00:00,294
"13257",5553957443,2016-05-07 22:00:00,336
"13258",5553957443,2016-05-07 23:00:00,201
"13259",5553957443,2016-05-08 00:00:00,0
"13260",5553957443,2016-05-08 01:00:00,0
"13261",5553957443,2016-05-08 02:00:00,0
"13262",5553957443,2016-05-08 03:00:00,0
"13263",5553957443,2016-05-08 04:00:00,42
"13264",5553957443,2016-05-08 05:00:00,9
"13265",5553957443,2016-05-08 06:00:00,7
"13266",5553957443,2016-05-08 07:00:00,0
"13267",5553957443,2016-05-08 08:00:00,0
"13268",5553957443,2016-05-08 09:00:00,123
"13269",5553957443,2016-05-08 10:00:00,350
"13270",5553957443,2016-05-08 11:00:00,9
"13271",5553957443,2016-05-08 12:00:00,1969
"13272",5553957443,2016-05-08 13:00:00,870
"13273",5553957443,2016-05-08 14:00:00,52
"13274",5553957443,2016-05-08 15:00:00,111
"13275",5553957443,2016-05-08 16:00:00,287
"13276",5553957443,2016-05-08 17:00:00,269
"13277",5553957443,2016-05-08 18:00:00,638
"13278",5553957443,2016-05-08 19:00:00,767
"13279",5553957443,2016-05-08 20:00:00,247
"13280",5553957443,2016-05-08 21:00:00,324
"13281",5553957443,2016-05-08 22:00:00,9
"13282",5553957443,2016-05-08 23:00:00,0
"13283",5553957443,2016-05-09 00:00:00,43
"13284",5553957443,2016-05-09 01:00:00,5
"13285",5553957443,2016-05-09 02:00:00,0
"13286",5553957443,2016-05-09 03:00:00,8
"13287",5553957443,2016-05-09 04:00:00,0
"13288",5553957443,2016-05-09 05:00:00,0
"13289",5553957443,2016-05-09 06:00:00,539
"13290",5553957443,2016-05-09 07:00:00,1782
"13291",5553957443,2016-05-09 08:00:00,1470
"13292",5553957443,2016-05-09 09:00:00,20
"13293",5553957443,2016-05-09 10:00:00,232
"13294",5553957443,2016-05-09 11:00:00,153
"13295",5553957443,2016-05-09 12:00:00,125
"13296",5553957443,2016-05-09 13:00:00,17
"13297",5553957443,2016-05-09 14:00:00,4
"13298",5553957443,2016-05-09 15:00:00,0
"13299",5553957443,2016-05-09 16:00:00,1736
"13300",5553957443,2016-05-09 17:00:00,722
"13301",5553957443,2016-05-09 18:00:00,2661
"13302",5553957443,2016-05-09 19:00:00,1283
"13303",5553957443,2016-05-09 20:00:00,443
"13304",5553957443,2016-05-09 21:00:00,261
"13305",5553957443,2016-05-09 22:00:00,107
"13306",5553957443,2016-05-09 23:00:00,0
"13307",5553957443,2016-05-10 00:00:00,0
"13308",5553957443,2016-05-10 01:00:00,0
"13309",5553957443,2016-05-10 02:00:00,0
"13310",5553957443,2016-05-10 03:00:00,61
"13311",5553957443,2016-05-10 04:00:00,0
"13312",5553957443,2016-05-10 05:00:00,0
"13313",5553957443,2016-05-10 06:00:00,737
"13314",5553957443,2016-05-10 07:00:00,2830
"13315",5553957443,2016-05-10 08:00:00,15
"13316",5553957443,2016-05-10 09:00:00,0
"13317",5553957443,2016-05-10 10:00:00,7
"13318",5553957443,2016-05-10 11:00:00,2690
"13319",5553957443,2016-05-10 12:00:00,3160
"13320",5553957443,2016-05-10 13:00:00,97
"13321",5553957443,2016-05-10 14:00:00,0
"13322",5553957443,2016-05-10 15:00:00,38
"13323",5553957443,2016-05-10 16:00:00,152
"13324",5553957443,2016-05-10 17:00:00,2245
"13325",5553957443,2016-05-10 18:00:00,969
"13326",5553957443,2016-05-10 19:00:00,309
"13327",5553957443,2016-05-10 20:00:00,497
"13328",5553957443,2016-05-10 21:00:00,1098
"13329",5553957443,2016-05-10 22:00:00,971
"13330",5553957443,2016-05-10 23:00:00,439
"13331",5553957443,2016-05-11 00:00:00,109
"13332",5553957443,2016-05-11 01:00:00,0
"13333",5553957443,2016-05-11 02:00:00,6
"13334",5553957443,2016-05-11 03:00:00,0
"13335",5553957443,2016-05-11 04:00:00,0
"13336",5553957443,2016-05-11 05:00:00,0
"13337",5553957443,2016-05-11 06:00:00,5
"13338",5553957443,2016-05-11 07:00:00,0
"13339",5553957443,2016-05-11 08:00:00,407
"13340",5553957443,2016-05-11 09:00:00,79
"13341",5553957443,2016-05-11 10:00:00,455
"13342",5553957443,2016-05-11 11:00:00,69
"13343",5553957443,2016-05-11 12:00:00,392
"13344",5553957443,2016-05-11 13:00:00,9
"13345",5553957443,2016-05-11 14:00:00,532
"13346",5553957443,2016-05-11 15:00:00,523
"13347",5553957443,2016-05-11 16:00:00,302
"13348",5553957443,2016-05-11 17:00:00,10
"13349",5553957443,2016-05-11 18:00:00,469
"13350",5553957443,2016-05-11 19:00:00,745
"13351",5553957443,2016-05-11 20:00:00,441
"13352",5553957443,2016-05-11 21:00:00,344
"13353",5553957443,2016-05-11 22:00:00,0
"13354",5553957443,2016-05-11 23:00:00,29
"13355",5553957443,2016-05-12 00:00:00,11
"13356",5553957443,2016-05-12 01:00:00,9
"13357",5553957443,2016-05-12 02:00:00,24
"13358",5553957443,2016-05-12 03:00:00,0
"13359",5553957443,2016-05-12 04:00:00,0
"13360",5553957443,2016-05-12 05:00:00,55
"13361",5553957443,2016-05-12 06:00:00,312
"13362",5553957443,2016-05-12 07:00:00,2710
"13363",5553957443,2016-05-12 08:00:00,0
"13364",5553957443,2016-05-12 09:00:00,0
"13365",5577150313,2016-04-12 00:00:00,0
"13366",5577150313,2016-04-12 01:00:00,0
"13367",5577150313,2016-04-12 02:00:00,0
"13368",5577150313,2016-04-12 03:00:00,0
"13369",5577150313,2016-04-12 04:00:00,0
"13370",5577150313,2016-04-12 05:00:00,31
"13371",5577150313,2016-04-12 06:00:00,2073
"13372",5577150313,2016-04-12 07:00:00,112
"13373",5577150313,2016-04-12 08:00:00,339
"13374",5577150313,2016-04-12 09:00:00,120
"13375",5577150313,2016-04-12 10:00:00,276
"13376",5577150313,2016-04-12 11:00:00,1434
"13377",5577150313,2016-04-12 12:00:00,58
"13378",5577150313,2016-04-12 13:00:00,142
"13379",5577150313,2016-04-12 14:00:00,14
"13380",5577150313,2016-04-12 15:00:00,200
"13381",5577150313,2016-04-12 16:00:00,1653
"13382",5577150313,2016-04-12 17:00:00,229
"13383",5577150313,2016-04-12 18:00:00,222
"13384",5577150313,2016-04-12 19:00:00,875
"13385",5577150313,2016-04-12 20:00:00,216
"13386",5577150313,2016-04-12 21:00:00,105
"13387",5577150313,2016-04-12 22:00:00,36
"13388",5577150313,2016-04-12 23:00:00,0
"13389",5577150313,2016-04-13 00:00:00,0
"13390",5577150313,2016-04-13 01:00:00,0
"13391",5577150313,2016-04-13 02:00:00,6
"13392",5577150313,2016-04-13 03:00:00,8
"13393",5577150313,2016-04-13 04:00:00,64
"13394",5577150313,2016-04-13 05:00:00,32
"13395",5577150313,2016-04-13 06:00:00,1908
"13396",5577150313,2016-04-13 07:00:00,219
"13397",5577150313,2016-04-13 08:00:00,366
"13398",5577150313,2016-04-13 09:00:00,71
"13399",5577150313,2016-04-13 10:00:00,285
"13400",5577150313,2016-04-13 11:00:00,467
"13401",5577150313,2016-04-13 12:00:00,0
"13402",5577150313,2016-04-13 13:00:00,0
"13403",5577150313,2016-04-13 14:00:00,0
"13404",5577150313,2016-04-13 15:00:00,0
"13405",5577150313,2016-04-13 16:00:00,0
"13406",5577150313,2016-04-13 17:00:00,420
"13407",5577150313,2016-04-13 18:00:00,0
"13408",5577150313,2016-04-13 19:00:00,339
"13409",5577150313,2016-04-13 20:00:00,869
"13410",5577150313,2016-04-13 21:00:00,23
"13411",5577150313,2016-04-13 22:00:00,0
"13412",5577150313,2016-04-13 23:00:00,0
"13413",5577150313,2016-04-14 00:00:00,72
"13414",5577150313,2016-04-14 01:00:00,0
"13415",5577150313,2016-04-14 02:00:00,0
"13416",5577150313,2016-04-14 03:00:00,0
"13417",5577150313,2016-04-14 04:00:00,6
"13418",5577150313,2016-04-14 05:00:00,158
"13419",5577150313,2016-04-14 06:00:00,1410
"13420",5577150313,2016-04-14 07:00:00,430
"13421",5577150313,2016-04-14 08:00:00,98
"13422",5577150313,2016-04-14 09:00:00,124
"13423",5577150313,2016-04-14 10:00:00,0
"13424",5577150313,2016-04-14 11:00:00,1444
"13425",5577150313,2016-04-14 12:00:00,267
"13426",5577150313,2016-04-14 13:00:00,169
"13427",5577150313,2016-04-14 14:00:00,1489
"13428",5577150313,2016-04-14 15:00:00,870
"13429",5577150313,2016-04-14 16:00:00,582
"13430",5577150313,2016-04-14 17:00:00,205
"13431",5577150313,2016-04-14 18:00:00,119
"13432",5577150313,2016-04-14 19:00:00,688
"13433",5577150313,2016-04-14 20:00:00,351
"13434",5577150313,2016-04-14 21:00:00,100
"13435",5577150313,2016-04-14 22:00:00,14
"13436",5577150313,2016-04-14 23:00:00,0
"13437",5577150313,2016-04-15 00:00:00,48
"13438",5577150313,2016-04-15 01:00:00,0
"13439",5577150313,2016-04-15 02:00:00,5
"13440",5577150313,2016-04-15 03:00:00,6
"13441",5577150313,2016-04-15 04:00:00,9
"13442",5577150313,2016-04-15 05:00:00,787
"13443",5577150313,2016-04-15 06:00:00,1822
"13444",5577150313,2016-04-15 07:00:00,239
"13445",5577150313,2016-04-15 08:00:00,215
"13446",5577150313,2016-04-15 09:00:00,199
"13447",5577150313,2016-04-15 10:00:00,291
"13448",5577150313,2016-04-15 11:00:00,1295
"13449",5577150313,2016-04-15 12:00:00,255
"13450",5577150313,2016-04-15 13:00:00,581
"13451",5577150313,2016-04-15 14:00:00,634
"13452",5577150313,2016-04-15 15:00:00,1940
"13453",5577150313,2016-04-15 16:00:00,288
"13454",5577150313,2016-04-15 17:00:00,106
"13455",5577150313,2016-04-15 18:00:00,785
"13456",5577150313,2016-04-15 19:00:00,1431
"13457",5577150313,2016-04-15 20:00:00,1102
"13458",5577150313,2016-04-15 21:00:00,4
"13459",5577150313,2016-04-15 22:00:00,45
"13460",5577150313,2016-04-15 23:00:00,0
"13461",5577150313,2016-04-16 00:00:00,68
"13462",5577150313,2016-04-16 01:00:00,4
"13463",5577150313,2016-04-16 02:00:00,62
"13464",5577150313,2016-04-16 03:00:00,5
"13465",5577150313,2016-04-16 04:00:00,0
"13466",5577150313,2016-04-16 05:00:00,0
"13467",5577150313,2016-04-16 06:00:00,2088
"13468",5577150313,2016-04-16 07:00:00,1525
"13469",5577150313,2016-04-16 08:00:00,85
"13470",5577150313,2016-04-16 09:00:00,4
"13471",5577150313,2016-04-16 10:00:00,1526
"13472",5577150313,2016-04-16 11:00:00,964
"13473",5577150313,2016-04-16 12:00:00,316
"13474",5577150313,2016-04-16 13:00:00,1173
"13475",5577150313,2016-04-16 14:00:00,3729
"13476",5577150313,2016-04-16 15:00:00,457
"13477",5577150313,2016-04-16 16:00:00,173
"13478",5577150313,2016-04-16 17:00:00,471
"13479",5577150313,2016-04-16 18:00:00,715
"13480",5577150313,2016-04-16 19:00:00,648
"13481",5577150313,2016-04-16 20:00:00,241
"13482",5577150313,2016-04-16 21:00:00,0
"13483",5577150313,2016-04-16 22:00:00,7
"13484",5577150313,2016-04-16 23:00:00,0
"13485",5577150313,2016-04-17 00:00:00,8
"13486",5577150313,2016-04-17 01:00:00,0
"13487",5577150313,2016-04-17 02:00:00,62
"13488",5577150313,2016-04-17 03:00:00,0
"13489",5577150313,2016-04-17 04:00:00,7
"13490",5577150313,2016-04-17 05:00:00,8
"13491",5577150313,2016-04-17 06:00:00,569
"13492",5577150313,2016-04-17 07:00:00,2249
"13493",5577150313,2016-04-17 08:00:00,312
"13494",5577150313,2016-04-17 09:00:00,807
"13495",5577150313,2016-04-17 10:00:00,1034
"13496",5577150313,2016-04-17 11:00:00,1091
"13497",5577150313,2016-04-17 12:00:00,2035
"13498",5577150313,2016-04-17 13:00:00,1695
"13499",5577150313,2016-04-17 14:00:00,401
"13500",5577150313,2016-04-17 15:00:00,222
"13501",5577150313,2016-04-17 16:00:00,23
"13502",5577150313,2016-04-17 17:00:00,6
"13503",5577150313,2016-04-17 18:00:00,401
"13504",5577150313,2016-04-17 19:00:00,186
"13505",5577150313,2016-04-17 20:00:00,382
"13506",5577150313,2016-04-17 21:00:00,719
"13507",5577150313,2016-04-17 22:00:00,14
"13508",5577150313,2016-04-17 23:00:00,0
"13509",5577150313,2016-04-18 00:00:00,0
"13510",5577150313,2016-04-18 01:00:00,0
"13511",5577150313,2016-04-18 02:00:00,0
"13512",5577150313,2016-04-18 03:00:00,0
"13513",5577150313,2016-04-18 04:00:00,0
"13514",5577150313,2016-04-18 05:00:00,11
"13515",5577150313,2016-04-18 06:00:00,0
"13516",5577150313,2016-04-18 07:00:00,223
"13517",5577150313,2016-04-18 08:00:00,41
"13518",5577150313,2016-04-18 09:00:00,4181
"13519",5577150313,2016-04-18 10:00:00,2539
"13520",5577150313,2016-04-18 11:00:00,11
"13521",5577150313,2016-04-18 12:00:00,53
"13522",5577150313,2016-04-18 13:00:00,7
"13523",5577150313,2016-04-18 14:00:00,631
"13524",5577150313,2016-04-18 15:00:00,56
"13525",5577150313,2016-04-18 16:00:00,419
"13526",5577150313,2016-04-18 17:00:00,134
"13527",5577150313,2016-04-18 18:00:00,866
"13528",5577150313,2016-04-18 19:00:00,362
"13529",5577150313,2016-04-18 20:00:00,96
"13530",5577150313,2016-04-18 21:00:00,248
"13531",5577150313,2016-04-18 22:00:00,0
"13532",5577150313,2016-04-18 23:00:00,15
"13533",5577150313,2016-04-19 00:00:00,0
"13534",5577150313,2016-04-19 01:00:00,0
"13535",5577150313,2016-04-19 02:00:00,0
"13536",5577150313,2016-04-19 03:00:00,0
"13537",5577150313,2016-04-19 04:00:00,0
"13538",5577150313,2016-04-19 05:00:00,0
"13539",5577150313,2016-04-19 06:00:00,38
"13540",5577150313,2016-04-19 07:00:00,3910
"13541",5577150313,2016-04-19 08:00:00,1704
"13542",5577150313,2016-04-19 09:00:00,9
"13543",5577150313,2016-04-19 10:00:00,176
"13544",5577150313,2016-04-19 11:00:00,69
"13545",5577150313,2016-04-19 12:00:00,929
"13546",5577150313,2016-04-19 13:00:00,257
"13547",5577150313,2016-04-19 14:00:00,2181
"13548",5577150313,2016-04-19 15:00:00,393
"13549",5577150313,2016-04-19 16:00:00,249
"13550",5577150313,2016-04-19 17:00:00,0
"13551",5577150313,2016-04-19 18:00:00,142
"13552",5577150313,2016-04-19 19:00:00,114
"13553",5577150313,2016-04-19 20:00:00,2303
"13554",5577150313,2016-04-19 21:00:00,74
"13555",5577150313,2016-04-19 22:00:00,14
"13556",5577150313,2016-04-19 23:00:00,12
"13557",5577150313,2016-04-20 00:00:00,0
"13558",5577150313,2016-04-20 01:00:00,0
"13559",5577150313,2016-04-20 02:00:00,6
"13560",5577150313,2016-04-20 03:00:00,4
"13561",5577150313,2016-04-20 04:00:00,9
"13562",5577150313,2016-04-20 05:00:00,0
"13563",5577150313,2016-04-20 06:00:00,0
"13564",5577150313,2016-04-20 07:00:00,0
"13565",5577150313,2016-04-20 08:00:00,4000
"13566",5577150313,2016-04-20 09:00:00,702
"13567",5577150313,2016-04-20 10:00:00,536
"13568",5577150313,2016-04-20 11:00:00,307
"13569",5577150313,2016-04-20 12:00:00,283
"13570",5577150313,2016-04-20 13:00:00,499
"13571",5577150313,2016-04-20 14:00:00,343
"13572",5577150313,2016-04-20 15:00:00,5
"13573",5577150313,2016-04-20 16:00:00,353
"13574",5577150313,2016-04-20 17:00:00,60
"13575",5577150313,2016-04-20 18:00:00,342
"13576",5577150313,2016-04-20 19:00:00,435
"13577",5577150313,2016-04-20 20:00:00,281
"13578",5577150313,2016-04-20 21:00:00,27
"13579",5577150313,2016-04-20 22:00:00,83
"13580",5577150313,2016-04-20 23:00:00,55
"13581",5577150313,2016-04-21 00:00:00,0
"13582",5577150313,2016-04-21 01:00:00,0
"13583",5577150313,2016-04-21 02:00:00,5
"13584",5577150313,2016-04-21 03:00:00,6
"13585",5577150313,2016-04-21 04:00:00,0
"13586",5577150313,2016-04-21 05:00:00,5
"13587",5577150313,2016-04-21 06:00:00,2017
"13588",5577150313,2016-04-21 07:00:00,326
"13589",5577150313,2016-04-21 08:00:00,382
"13590",5577150313,2016-04-21 09:00:00,230
"13591",5577150313,2016-04-21 10:00:00,0
"13592",5577150313,2016-04-21 11:00:00,1738
"13593",5577150313,2016-04-21 12:00:00,64
"13594",5577150313,2016-04-21 13:00:00,236
"13595",5577150313,2016-04-21 14:00:00,1409
"13596",5577150313,2016-04-21 15:00:00,2020
"13597",5577150313,2016-04-21 16:00:00,477
"13598",5577150313,2016-04-21 17:00:00,640
"13599",5577150313,2016-04-21 18:00:00,101
"13600",5577150313,2016-04-21 19:00:00,788
"13601",5577150313,2016-04-21 20:00:00,239
"13602",5577150313,2016-04-21 21:00:00,8
"13603",5577150313,2016-04-21 22:00:00,139
"13604",5577150313,2016-04-21 23:00:00,0
"13605",5577150313,2016-04-22 00:00:00,9
"13606",5577150313,2016-04-22 01:00:00,0
"13607",5577150313,2016-04-22 02:00:00,0
"13608",5577150313,2016-04-22 03:00:00,206
"13609",5577150313,2016-04-22 04:00:00,0
"13610",5577150313,2016-04-22 05:00:00,608
"13611",5577150313,2016-04-22 06:00:00,2196
"13612",5577150313,2016-04-22 07:00:00,432
"13613",5577150313,2016-04-22 08:00:00,315
"13614",5577150313,2016-04-22 09:00:00,293
"13615",5577150313,2016-04-22 10:00:00,271
"13616",5577150313,2016-04-22 11:00:00,335
"13617",5577150313,2016-04-22 12:00:00,540
"13618",5577150313,2016-04-22 13:00:00,49
"13619",5577150313,2016-04-22 14:00:00,37
"13620",5577150313,2016-04-22 15:00:00,9
"13621",5577150313,2016-04-22 16:00:00,88
"13622",5577150313,2016-04-22 17:00:00,316
"13623",5577150313,2016-04-22 18:00:00,663
"13624",5577150313,2016-04-22 19:00:00,714
"13625",5577150313,2016-04-22 20:00:00,874
"13626",5577150313,2016-04-22 21:00:00,92
"13627",5577150313,2016-04-22 22:00:00,536
"13628",5577150313,2016-04-22 23:00:00,117
"13629",5577150313,2016-04-23 00:00:00,6
"13630",5577150313,2016-04-23 01:00:00,0
"13631",5577150313,2016-04-23 02:00:00,9
"13632",5577150313,2016-04-23 03:00:00,0
"13633",5577150313,2016-04-23 04:00:00,41
"13634",5577150313,2016-04-23 05:00:00,0
"13635",5577150313,2016-04-23 06:00:00,193
"13636",5577150313,2016-04-23 07:00:00,325
"13637",5577150313,2016-04-23 08:00:00,56
"13638",5577150313,2016-04-23 09:00:00,346
"13639",5577150313,2016-04-23 10:00:00,973
"13640",5577150313,2016-04-23 11:00:00,550
"13641",5577150313,2016-04-23 12:00:00,376
"13642",5577150313,2016-04-23 13:00:00,407
"13643",5577150313,2016-04-23 14:00:00,63
"13644",5577150313,2016-04-23 15:00:00,1764
"13645",5577150313,2016-04-23 16:00:00,175
"13646",5577150313,2016-04-23 17:00:00,854
"13647",5577150313,2016-04-23 18:00:00,628
"13648",5577150313,2016-04-23 19:00:00,267
"13649",5577150313,2016-04-23 20:00:00,556
"13650",5577150313,2016-04-23 21:00:00,31
"13651",5577150313,2016-04-23 22:00:00,7
"13652",5577150313,2016-04-23 23:00:00,11
"13653",5577150313,2016-04-24 00:00:00,0
"13654",5577150313,2016-04-24 01:00:00,44
"13655",5577150313,2016-04-24 02:00:00,58
"13656",5577150313,2016-04-24 03:00:00,0
"13657",5577150313,2016-04-24 04:00:00,0
"13658",5577150313,2016-04-24 05:00:00,0
"13659",5577150313,2016-04-24 06:00:00,10
"13660",5577150313,2016-04-24 07:00:00,206
"13661",5577150313,2016-04-24 08:00:00,175
"13662",5577150313,2016-04-24 09:00:00,329
"13663",5577150313,2016-04-24 10:00:00,2833
"13664",5577150313,2016-04-24 11:00:00,3857
"13665",5577150313,2016-04-24 12:00:00,191
"13666",5577150313,2016-04-24 13:00:00,280
"13667",5577150313,2016-04-24 14:00:00,399
"13668",5577150313,2016-04-24 15:00:00,3393
"13669",5577150313,2016-04-24 16:00:00,1512
"13670",5577150313,2016-04-24 17:00:00,1154
"13671",5577150313,2016-04-24 18:00:00,399
"13672",5577150313,2016-04-24 19:00:00,629
"13673",5577150313,2016-04-24 20:00:00,138
"13674",5577150313,2016-04-24 21:00:00,108
"13675",5577150313,2016-04-24 22:00:00,17
"13676",5577150313,2016-04-24 23:00:00,32
"13677",5577150313,2016-04-25 00:00:00,7
"13678",5577150313,2016-04-25 01:00:00,0
"13679",5577150313,2016-04-25 02:00:00,0
"13680",5577150313,2016-04-25 03:00:00,7
"13681",5577150313,2016-04-25 04:00:00,11
"13682",5577150313,2016-04-25 05:00:00,99
"13683",5577150313,2016-04-25 06:00:00,1597
"13684",5577150313,2016-04-25 07:00:00,657
"13685",5577150313,2016-04-25 08:00:00,304
"13686",5577150313,2016-04-25 09:00:00,83
"13687",5577150313,2016-04-25 10:00:00,253
"13688",5577150313,2016-04-25 11:00:00,568
"13689",5577150313,2016-04-25 12:00:00,236
"13690",5577150313,2016-04-25 13:00:00,202
"13691",5577150313,2016-04-25 14:00:00,211
"13692",5577150313,2016-04-25 15:00:00,190
"13693",5577150313,2016-04-25 16:00:00,365
"13694",5577150313,2016-04-25 17:00:00,449
"13695",5577150313,2016-04-25 18:00:00,86
"13696",5577150313,2016-04-25 19:00:00,734
"13697",5577150313,2016-04-25 20:00:00,229
"13698",5577150313,2016-04-25 21:00:00,95
"13699",5577150313,2016-04-25 22:00:00,10
"13700",5577150313,2016-04-25 23:00:00,0
"13701",5577150313,2016-04-26 00:00:00,42
"13702",5577150313,2016-04-26 01:00:00,0
"13703",5577150313,2016-04-26 02:00:00,0
"13704",5577150313,2016-04-26 03:00:00,0
"13705",5577150313,2016-04-26 04:00:00,20
"13706",5577150313,2016-04-26 05:00:00,884
"13707",5577150313,2016-04-26 06:00:00,1128
"13708",5577150313,2016-04-26 07:00:00,212
"13709",5577150313,2016-04-26 08:00:00,129
"13710",5577150313,2016-04-26 09:00:00,10
"13711",5577150313,2016-04-26 10:00:00,168
"13712",5577150313,2016-04-26 11:00:00,280
"13713",5577150313,2016-04-26 12:00:00,596
"13714",5577150313,2016-04-26 13:00:00,125
"13715",5577150313,2016-04-26 14:00:00,265
"13716",5577150313,2016-04-26 15:00:00,117
"13717",5577150313,2016-04-26 16:00:00,205
"13718",5577150313,2016-04-26 17:00:00,0
"13719",5577150313,2016-04-26 18:00:00,298
"13720",5577150313,2016-04-26 19:00:00,368
"13721",5577150313,2016-04-26 20:00:00,370
"13722",5577150313,2016-04-26 21:00:00,77
"13723",5577150313,2016-04-26 22:00:00,0
"13724",5577150313,2016-04-26 23:00:00,31
"13725",5577150313,2016-04-27 00:00:00,0
"13726",5577150313,2016-04-27 01:00:00,5
"13727",5577150313,2016-04-27 02:00:00,0
"13728",5577150313,2016-04-27 03:00:00,0
"13729",5577150313,2016-04-27 04:00:00,0
"13730",5577150313,2016-04-27 05:00:00,313
"13731",5577150313,2016-04-27 06:00:00,2153
"13732",5577150313,2016-04-27 07:00:00,286
"13733",5577150313,2016-04-27 08:00:00,290
"13734",5577150313,2016-04-27 09:00:00,429
"13735",5577150313,2016-04-27 10:00:00,92
"13736",5577150313,2016-04-27 11:00:00,207
"13737",5577150313,2016-04-27 12:00:00,168
"13738",5577150313,2016-04-27 13:00:00,117
"13739",5577150313,2016-04-27 14:00:00,15
"13740",5577150313,2016-04-27 15:00:00,382
"13741",5577150313,2016-04-27 16:00:00,350
"13742",5577150313,2016-04-27 17:00:00,252
"13743",5577150313,2016-04-27 18:00:00,418
"13744",5577150313,2016-04-27 19:00:00,939
"13745",5577150313,2016-04-27 20:00:00,61
"13746",5577150313,2016-04-27 21:00:00,203
"13747",5577150313,2016-04-27 22:00:00,118
"13748",5577150313,2016-04-27 23:00:00,7
"13749",5577150313,2016-04-28 00:00:00,10
"13750",5577150313,2016-04-28 01:00:00,0
"13751",5577150313,2016-04-28 02:00:00,4
"13752",5577150313,2016-04-28 03:00:00,0
"13753",5577150313,2016-04-28 04:00:00,0
"13754",5577150313,2016-04-28 05:00:00,1064
"13755",5577150313,2016-04-28 06:00:00,1556
"13756",5577150313,2016-04-28 07:00:00,356
"13757",5577150313,2016-04-28 08:00:00,238
"13758",5577150313,2016-04-28 09:00:00,117
"13759",5577150313,2016-04-28 10:00:00,100
"13760",5577150313,2016-04-28 11:00:00,1635
"13761",5577150313,2016-04-28 12:00:00,0
"13762",5577150313,2016-04-28 13:00:00,1001
"13763",5577150313,2016-04-28 14:00:00,1076
"13764",5577150313,2016-04-28 15:00:00,511
"13765",5577150313,2016-04-28 16:00:00,106
"13766",5577150313,2016-04-28 17:00:00,526
"13767",5577150313,2016-04-28 18:00:00,153
"13768",5577150313,2016-04-28 19:00:00,1035
"13769",5577150313,2016-04-28 20:00:00,241
"13770",5577150313,2016-04-28 21:00:00,112
"13771",5577150313,2016-04-28 22:00:00,0
"13772",5577150313,2016-04-28 23:00:00,0
"13773",5577150313,2016-04-29 00:00:00,0
"13774",5577150313,2016-04-29 01:00:00,58
"13775",5577150313,2016-04-29 02:00:00,0
"13776",5577150313,2016-04-29 03:00:00,0
"13777",5577150313,2016-04-29 04:00:00,0
"13778",5577150313,2016-04-29 05:00:00,31
"13779",5577150313,2016-04-29 06:00:00,1744
"13780",5577150313,2016-04-29 07:00:00,562
"13781",5577150313,2016-04-29 08:00:00,148
"13782",5577150313,2016-04-29 09:00:00,383
"13783",5577150313,2016-04-29 10:00:00,158
"13784",5577150313,2016-04-29 11:00:00,252
"13785",5577150313,2016-04-29 12:00:00,353
"13786",5577150313,2016-04-29 13:00:00,86
"13787",5577150313,2016-04-29 14:00:00,68
"13788",5577150313,2016-04-29 15:00:00,80
"13789",5577150313,2016-04-29 16:00:00,119
"13790",5577150313,2016-04-29 17:00:00,143
"13791",5577150313,2016-04-29 18:00:00,413
"13792",5577150313,2016-04-29 19:00:00,1014
"13793",5577150313,2016-04-29 20:00:00,2206
"13794",5577150313,2016-04-29 21:00:00,28
"13795",5577150313,2016-04-29 22:00:00,78
"13796",5577150313,2016-04-29 23:00:00,0
"13797",5577150313,2016-04-30 00:00:00,0
"13798",5577150313,2016-04-30 01:00:00,0
"13799",5577150313,2016-04-30 02:00:00,0
"13800",5577150313,2016-04-30 03:00:00,0
"13801",5577150313,2016-04-30 04:00:00,0
"13802",5577150313,2016-04-30 05:00:00,9
"13803",5577150313,2016-04-30 06:00:00,86
"13804",5577150313,2016-04-30 07:00:00,199
"13805",5577150313,2016-04-30 08:00:00,256
"13806",5577150313,2016-04-30 09:00:00,72
"13807",5577150313,2016-04-30 10:00:00,1228
"13808",5577150313,2016-04-30 11:00:00,2444
"13809",5577150313,2016-04-30 12:00:00,952
"13810",5577150313,2016-04-30 13:00:00,1031
"13811",5577150313,2016-04-30 14:00:00,621
"13812",5577150313,2016-04-30 15:00:00,240
"13813",5577150313,2016-04-30 16:00:00,36
"13814",5577150313,2016-04-30 17:00:00,390
"13815",5577150313,2016-04-30 18:00:00,2249
"13816",5577150313,2016-04-30 19:00:00,1832
"13817",5577150313,2016-04-30 20:00:00,278
"13818",5577150313,2016-04-30 21:00:00,259
"13819",5577150313,2016-04-30 22:00:00,125
"13820",5577150313,2016-04-30 23:00:00,56
"13821",5577150313,2016-05-01 00:00:00,0
"13822",5577150313,2016-05-01 01:00:00,8
"13823",5577150313,2016-05-01 02:00:00,11
"13824",5577150313,2016-05-01 03:00:00,0
"13825",5577150313,2016-05-01 04:00:00,0
"13826",5577150313,2016-05-01 05:00:00,0
"13827",5577150313,2016-05-01 06:00:00,133
"13828",5577150313,2016-05-01 07:00:00,21
"13829",5577150313,2016-05-01 08:00:00,1404
"13830",5577150313,2016-05-01 09:00:00,2010
"13831",5577150313,2016-05-01 10:00:00,2161
"13832",5577150313,2016-05-01 11:00:00,2110
"13833",5577150313,2016-05-01 12:00:00,230
"13834",5577150313,2016-05-01 13:00:00,369
"13835",5577150313,2016-05-01 14:00:00,643
"13836",5577150313,2016-05-01 15:00:00,281
"13837",5577150313,2016-05-01 16:00:00,1028
"13838",5577150313,2016-05-01 17:00:00,288
"13839",5577150313,2016-05-01 18:00:00,1098
"13840",5577150313,2016-05-01 19:00:00,1388
"13841",5577150313,2016-05-01 20:00:00,108
"13842",5577150313,2016-05-01 21:00:00,71
"13843",5577150313,2016-05-01 22:00:00,0
"13844",5577150313,2016-05-01 23:00:00,6
"13845",5577150313,2016-05-02 00:00:00,0
"13846",5577150313,2016-05-02 01:00:00,0
"13847",5577150313,2016-05-02 02:00:00,67
"13848",5577150313,2016-05-02 03:00:00,0
"13849",5577150313,2016-05-02 04:00:00,0
"13850",5577150313,2016-05-02 05:00:00,8
"13851",5577150313,2016-05-02 06:00:00,1856
"13852",5577150313,2016-05-02 07:00:00,556
"13853",5577150313,2016-05-02 08:00:00,210
"13854",5577150313,2016-05-02 09:00:00,74
"13855",5577150313,2016-05-02 10:00:00,448
"13856",5577150313,2016-05-02 11:00:00,391
"13857",5577150313,2016-05-02 12:00:00,259
"13858",5577150313,2016-05-02 13:00:00,610
"13859",5577150313,2016-05-02 14:00:00,564
"13860",5577150313,2016-05-02 15:00:00,495
"13861",5577150313,2016-05-02 16:00:00,297
"13862",5577150313,2016-05-02 17:00:00,146
"13863",5577150313,2016-05-02 18:00:00,345
"13864",5577150313,2016-05-02 19:00:00,255
"13865",5577150313,2016-05-02 20:00:00,695
"13866",5577150313,2016-05-02 21:00:00,63
"13867",5577150313,2016-05-02 22:00:00,43
"13868",5577150313,2016-05-02 23:00:00,32
"13869",5577150313,2016-05-03 00:00:00,582
"13870",5577150313,2016-05-03 01:00:00,1719
"13871",5577150313,2016-05-03 02:00:00,203
"13872",5577150313,2016-05-03 03:00:00,101
"13873",5577150313,2016-05-03 04:00:00,1036
"13874",5577150313,2016-05-03 05:00:00,717
"13875",5577150313,2016-05-03 06:00:00,419
"13876",5577150313,2016-05-03 07:00:00,520
"13877",5577150313,2016-05-03 08:00:00,271
"13878",5577150313,2016-05-03 09:00:00,1775
"13879",5577150313,2016-05-03 10:00:00,2557
"13880",5577150313,2016-05-03 11:00:00,129
"13881",5577150313,2016-05-03 12:00:00,10
"13882",5577150313,2016-05-03 13:00:00,10
"13883",5577150313,2016-05-03 14:00:00,0
"13884",5577150313,2016-05-03 15:00:00,12
"13885",5577150313,2016-05-03 16:00:00,0
"13886",5577150313,2016-05-03 17:00:00,0
"13887",5577150313,2016-05-03 18:00:00,0
"13888",5577150313,2016-05-03 19:00:00,9
"13889",5577150313,2016-05-03 20:00:00,21
"13890",5577150313,2016-05-03 21:00:00,394
"13891",5577150313,2016-05-03 22:00:00,540
"13892",5577150313,2016-05-03 23:00:00,20
"13893",5577150313,2016-05-04 00:00:00,342
"13894",5577150313,2016-05-04 01:00:00,36
"13895",5577150313,2016-05-04 02:00:00,316
"13896",5577150313,2016-05-04 03:00:00,40
"13897",5577150313,2016-05-04 04:00:00,390
"13898",5577150313,2016-05-04 05:00:00,287
"13899",5577150313,2016-05-04 06:00:00,77
"13900",5577150313,2016-05-04 07:00:00,354
"13901",5577150313,2016-05-04 08:00:00,450
"13902",5577150313,2016-05-04 09:00:00,1673
"13903",5577150313,2016-05-04 10:00:00,476
"13904",5577150313,2016-05-04 11:00:00,0
"13905",5577150313,2016-05-04 12:00:00,9
"13906",5577150313,2016-05-04 13:00:00,0
"13907",5577150313,2016-05-04 14:00:00,0
"13908",5577150313,2016-05-04 15:00:00,0
"13909",5577150313,2016-05-04 16:00:00,0
"13910",5577150313,2016-05-04 17:00:00,0
"13911",5577150313,2016-05-04 18:00:00,0
"13912",5577150313,2016-05-04 19:00:00,0
"13913",5577150313,2016-05-04 20:00:00,6
"13914",5577150313,2016-05-04 21:00:00,110
"13915",5577150313,2016-05-04 22:00:00,616
"13916",5577150313,2016-05-04 23:00:00,24
"13917",5577150313,2016-05-05 00:00:00,297
"13918",5577150313,2016-05-05 01:00:00,0
"13919",5577150313,2016-05-05 02:00:00,0
"13920",5577150313,2016-05-05 03:00:00,0
"13921",5577150313,2016-05-05 04:00:00,0
"13922",5577150313,2016-05-05 05:00:00,0
"13923",5577150313,2016-05-05 06:00:00,0
"13924",5577150313,2016-05-05 07:00:00,0
"13925",5577150313,2016-05-05 08:00:00,0
"13926",5577150313,2016-05-05 09:00:00,0
"13927",5577150313,2016-05-05 10:00:00,243
"13928",5577150313,2016-05-05 11:00:00,828
"13929",5577150313,2016-05-05 12:00:00,2089
"13930",5577150313,2016-05-05 13:00:00,7
"13931",5577150313,2016-05-05 14:00:00,523
"13932",5577150313,2016-05-05 15:00:00,12
"13933",5577150313,2016-05-05 16:00:00,57
"13934",5577150313,2016-05-05 17:00:00,668
"13935",5577150313,2016-05-05 18:00:00,145
"13936",5577150313,2016-05-05 19:00:00,1142
"13937",5577150313,2016-05-05 20:00:00,226
"13938",5577150313,2016-05-05 21:00:00,1313
"13939",5577150313,2016-05-05 22:00:00,0
"13940",5577150313,2016-05-05 23:00:00,0
"13941",5577150313,2016-05-06 00:00:00,0
"13942",5577150313,2016-05-06 01:00:00,0
"13943",5577150313,2016-05-06 02:00:00,0
"13944",5577150313,2016-05-06 03:00:00,0
"13945",5577150313,2016-05-06 04:00:00,0
"13946",5577150313,2016-05-06 05:00:00,0
"13947",5577150313,2016-05-06 06:00:00,5
"13948",5577150313,2016-05-06 07:00:00,923
"13949",5577150313,2016-05-06 08:00:00,798
"13950",5577150313,2016-05-06 09:00:00,4
"13951",5577150313,2016-05-06 10:00:00,770
"13952",5577150313,2016-05-06 11:00:00,1537
"13953",5577150313,2016-05-06 12:00:00,511
"13954",5577150313,2016-05-06 13:00:00,69
"13955",5577150313,2016-05-06 14:00:00,180
"13956",5577150313,2016-05-06 15:00:00,0
"13957",5577150313,2016-05-06 16:00:00,153
"13958",5577150313,2016-05-06 17:00:00,0
"13959",5577150313,2016-05-06 18:00:00,0
"13960",5577150313,2016-05-06 19:00:00,0
"13961",5577150313,2016-05-06 20:00:00,0
"13962",5577150313,2016-05-06 21:00:00,0
"13963",5577150313,2016-05-06 22:00:00,0
"13964",5577150313,2016-05-06 23:00:00,0
"13965",5577150313,2016-05-07 00:00:00,0
"13966",5577150313,2016-05-07 01:00:00,0
"13967",5577150313,2016-05-07 02:00:00,0
"13968",5577150313,2016-05-07 03:00:00,0
"13969",5577150313,2016-05-07 04:00:00,0
"13970",5577150313,2016-05-07 05:00:00,0
"13971",5577150313,2016-05-07 06:00:00,0
"13972",5577150313,2016-05-07 07:00:00,0
"13973",5577150313,2016-05-07 08:00:00,0
"13974",5577150313,2016-05-07 09:00:00,0
"13975",5577150313,2016-05-07 10:00:00,0
"13976",5577150313,2016-05-07 11:00:00,0
"13977",5577150313,2016-05-07 12:00:00,0
"13978",5577150313,2016-05-07 13:00:00,0
"13979",5577150313,2016-05-07 14:00:00,0
"13980",5577150313,2016-05-07 15:00:00,0
"13981",5577150313,2016-05-07 16:00:00,0
"13982",5577150313,2016-05-07 17:00:00,0
"13983",5577150313,2016-05-07 18:00:00,0
"13984",5577150313,2016-05-07 19:00:00,0
"13985",5577150313,2016-05-07 20:00:00,0
"13986",5577150313,2016-05-07 21:00:00,0
"13987",5577150313,2016-05-07 22:00:00,0
"13988",5577150313,2016-05-07 23:00:00,0
"13989",5577150313,2016-05-08 00:00:00,0
"13990",5577150313,2016-05-08 01:00:00,0
"13991",5577150313,2016-05-08 02:00:00,0
"13992",5577150313,2016-05-08 03:00:00,0
"13993",5577150313,2016-05-08 04:00:00,0
"13994",5577150313,2016-05-08 05:00:00,0
"13995",5577150313,2016-05-08 06:00:00,0
"13996",5577150313,2016-05-08 07:00:00,0
"13997",5577150313,2016-05-08 08:00:00,0
"13998",5577150313,2016-05-08 09:00:00,0
"13999",5577150313,2016-05-08 10:00:00,0
"14000",5577150313,2016-05-08 11:00:00,0
"14001",5577150313,2016-05-08 12:00:00,0
"14002",5577150313,2016-05-08 13:00:00,0
"14003",5577150313,2016-05-08 14:00:00,0
"14004",5577150313,2016-05-08 15:00:00,0
"14005",5577150313,2016-05-08 16:00:00,0
"14006",5577150313,2016-05-08 17:00:00,0
"14007",5577150313,2016-05-08 18:00:00,0
"14008",5577150313,2016-05-08 19:00:00,0
"14009",5577150313,2016-05-08 20:00:00,0
"14010",5577150313,2016-05-08 21:00:00,0
"14011",5577150313,2016-05-08 22:00:00,0
"14012",5577150313,2016-05-08 23:00:00,0
"14013",5577150313,2016-05-09 00:00:00,0
"14014",5577150313,2016-05-09 01:00:00,0
"14015",5577150313,2016-05-09 02:00:00,0
"14016",5577150313,2016-05-09 03:00:00,0
"14017",5577150313,2016-05-09 04:00:00,0
"14018",5577150313,2016-05-09 05:00:00,0
"14019",5577150313,2016-05-09 06:00:00,0
"14020",5577150313,2016-05-09 07:00:00,0
"14021",5577150313,2016-05-09 08:00:00,0
"14022",5577150313,2016-05-09 09:00:00,0
"14023",5577150313,2016-05-09 10:00:00,0
"14024",5577150313,2016-05-09 11:00:00,57
"14025",5577150313,2016-05-09 12:00:00,1305
"14026",5577150313,2016-05-09 13:00:00,166
"14027",5577150313,2016-05-09 14:00:00,217
"14028",5577150313,2016-05-09 15:00:00,250
"14029",5577150313,2016-05-09 16:00:00,82
"14030",5577150313,2016-05-09 17:00:00,252
"14031",5577150313,2016-05-09 18:00:00,175
"14032",5577150313,2016-05-09 19:00:00,652
"14033",5577150313,2016-05-09 20:00:00,144
"14034",5577150313,2016-05-09 21:00:00,68
"14035",5577150313,2016-05-09 22:00:00,0
"14036",5577150313,2016-05-09 23:00:00,53
"14037",5577150313,2016-05-10 00:00:00,8
"14038",5577150313,2016-05-10 01:00:00,0
"14039",5577150313,2016-05-10 02:00:00,4
"14040",5577150313,2016-05-10 03:00:00,0
"14041",5577150313,2016-05-10 04:00:00,0
"14042",5577150313,2016-05-10 05:00:00,182
"14043",5577150313,2016-05-10 06:00:00,1559
"14044",5577150313,2016-05-10 07:00:00,163
"14045",5577150313,2016-05-10 08:00:00,183
"14046",5577150313,2016-05-10 09:00:00,578
"14047",5577150313,2016-05-10 10:00:00,119
"14048",5577150313,2016-05-10 11:00:00,1572
"14049",5577150313,2016-05-10 12:00:00,61
"14050",5577150313,2016-05-10 13:00:00,319
"14051",5577150313,2016-05-10 14:00:00,1911
"14052",5577150313,2016-05-10 15:00:00,241
"14053",5577150313,2016-05-10 16:00:00,268
"14054",5577150313,2016-05-10 17:00:00,460
"14055",5577150313,2016-05-10 18:00:00,148
"14056",5577150313,2016-05-10 19:00:00,848
"14057",5577150313,2016-05-10 20:00:00,102
"14058",5577150313,2016-05-10 21:00:00,82
"14059",5577150313,2016-05-10 22:00:00,4
"14060",5577150313,2016-05-10 23:00:00,57
"14061",5577150313,2016-05-11 00:00:00,0
"14062",5577150313,2016-05-11 01:00:00,0
"14063",5577150313,2016-05-11 02:00:00,14
"14064",5577150313,2016-05-11 03:00:00,0
"14065",5577150313,2016-05-11 04:00:00,14
"14066",5577150313,2016-05-11 05:00:00,42
"14067",5577150313,2016-05-11 06:00:00,1589
"14068",5577150313,2016-05-11 07:00:00,187
"14069",5577150313,2016-05-11 08:00:00,248
"14070",5577150313,2016-05-11 09:00:00,255
"14071",5577150313,2016-05-11 10:00:00,304
"14072",5577150313,2016-05-11 11:00:00,1276
"14073",6117666160,2016-04-12 00:00:00,0
"14074",6117666160,2016-04-12 01:00:00,0
"14075",6117666160,2016-04-12 02:00:00,0
"14076",6117666160,2016-04-12 03:00:00,0
"14077",6117666160,2016-04-12 04:00:00,0
"14078",6117666160,2016-04-12 05:00:00,0
"14079",6117666160,2016-04-12 06:00:00,0
"14080",6117666160,2016-04-12 07:00:00,0
"14081",6117666160,2016-04-12 08:00:00,0
"14082",6117666160,2016-04-12 09:00:00,0
"14083",6117666160,2016-04-12 10:00:00,0
"14084",6117666160,2016-04-12 11:00:00,0
"14085",6117666160,2016-04-12 12:00:00,0
"14086",6117666160,2016-04-12 13:00:00,0
"14087",6117666160,2016-04-12 14:00:00,0
"14088",6117666160,2016-04-12 15:00:00,0
"14089",6117666160,2016-04-12 16:00:00,0
"14090",6117666160,2016-04-12 17:00:00,0
"14091",6117666160,2016-04-12 18:00:00,0
"14092",6117666160,2016-04-12 19:00:00,0
"14093",6117666160,2016-04-12 20:00:00,0
"14094",6117666160,2016-04-12 21:00:00,0
"14095",6117666160,2016-04-12 22:00:00,0
"14096",6117666160,2016-04-12 23:00:00,0
"14097",6117666160,2016-04-13 00:00:00,0
"14098",6117666160,2016-04-13 01:00:00,0
"14099",6117666160,2016-04-13 02:00:00,0
"14100",6117666160,2016-04-13 03:00:00,0
"14101",6117666160,2016-04-13 04:00:00,0
"14102",6117666160,2016-04-13 05:00:00,0
"14103",6117666160,2016-04-13 06:00:00,0
"14104",6117666160,2016-04-13 07:00:00,0
"14105",6117666160,2016-04-13 08:00:00,0
"14106",6117666160,2016-04-13 09:00:00,0
"14107",6117666160,2016-04-13 10:00:00,0
"14108",6117666160,2016-04-13 11:00:00,0
"14109",6117666160,2016-04-13 12:00:00,0
"14110",6117666160,2016-04-13 13:00:00,0
"14111",6117666160,2016-04-13 14:00:00,0
"14112",6117666160,2016-04-13 15:00:00,0
"14113",6117666160,2016-04-13 16:00:00,0
"14114",6117666160,2016-04-13 17:00:00,0
"14115",6117666160,2016-04-13 18:00:00,0
"14116",6117666160,2016-04-13 19:00:00,0
"14117",6117666160,2016-04-13 20:00:00,0
"14118",6117666160,2016-04-13 21:00:00,0
"14119",6117666160,2016-04-13 22:00:00,0
"14120",6117666160,2016-04-13 23:00:00,0
"14121",6117666160,2016-04-14 00:00:00,0
"14122",6117666160,2016-04-14 01:00:00,0
"14123",6117666160,2016-04-14 02:00:00,0
"14124",6117666160,2016-04-14 03:00:00,0
"14125",6117666160,2016-04-14 04:00:00,0
"14126",6117666160,2016-04-14 05:00:00,0
"14127",6117666160,2016-04-14 06:00:00,0
"14128",6117666160,2016-04-14 07:00:00,0
"14129",6117666160,2016-04-14 08:00:00,0
"14130",6117666160,2016-04-14 09:00:00,0
"14131",6117666160,2016-04-14 10:00:00,0
"14132",6117666160,2016-04-14 11:00:00,0
"14133",6117666160,2016-04-14 12:00:00,0
"14134",6117666160,2016-04-14 13:00:00,0
"14135",6117666160,2016-04-14 14:00:00,0
"14136",6117666160,2016-04-14 15:00:00,0
"14137",6117666160,2016-04-14 16:00:00,0
"14138",6117666160,2016-04-14 17:00:00,0
"14139",6117666160,2016-04-14 18:00:00,0
"14140",6117666160,2016-04-14 19:00:00,0
"14141",6117666160,2016-04-14 20:00:00,0
"14142",6117666160,2016-04-14 21:00:00,0
"14143",6117666160,2016-04-14 22:00:00,0
"14144",6117666160,2016-04-14 23:00:00,0
"14145",6117666160,2016-04-15 00:00:00,0
"14146",6117666160,2016-04-15 01:00:00,0
"14147",6117666160,2016-04-15 02:00:00,0
"14148",6117666160,2016-04-15 03:00:00,0
"14149",6117666160,2016-04-15 04:00:00,0
"14150",6117666160,2016-04-15 05:00:00,0
"14151",6117666160,2016-04-15 06:00:00,0
"14152",6117666160,2016-04-15 07:00:00,0
"14153",6117666160,2016-04-15 08:00:00,0
"14154",6117666160,2016-04-15 09:00:00,0
"14155",6117666160,2016-04-15 10:00:00,0
"14156",6117666160,2016-04-15 11:00:00,1201
"14157",6117666160,2016-04-15 12:00:00,2175
"14158",6117666160,2016-04-15 13:00:00,1020
"14159",6117666160,2016-04-15 14:00:00,1000
"14160",6117666160,2016-04-15 15:00:00,831
"14161",6117666160,2016-04-15 16:00:00,1427
"14162",6117666160,2016-04-15 17:00:00,1313
"14163",6117666160,2016-04-15 18:00:00,1195
"14164",6117666160,2016-04-15 19:00:00,1277
"14165",6117666160,2016-04-15 20:00:00,1523
"14166",6117666160,2016-04-15 21:00:00,550
"14167",6117666160,2016-04-15 22:00:00,190
"14168",6117666160,2016-04-15 23:00:00,317
"14169",6117666160,2016-04-16 00:00:00,131
"14170",6117666160,2016-04-16 01:00:00,0
"14171",6117666160,2016-04-16 02:00:00,9
"14172",6117666160,2016-04-16 03:00:00,15
"14173",6117666160,2016-04-16 04:00:00,0
"14174",6117666160,2016-04-16 05:00:00,0
"14175",6117666160,2016-04-16 06:00:00,0
"14176",6117666160,2016-04-16 07:00:00,268
"14177",6117666160,2016-04-16 08:00:00,1274
"14178",6117666160,2016-04-16 09:00:00,982
"14179",6117666160,2016-04-16 10:00:00,1549
"14180",6117666160,2016-04-16 11:00:00,1019
"14181",6117666160,2016-04-16 12:00:00,1297
"14182",6117666160,2016-04-16 13:00:00,1196
"14183",6117666160,2016-04-16 14:00:00,740
"14184",6117666160,2016-04-16 15:00:00,1030
"14185",6117666160,2016-04-16 16:00:00,548
"14186",6117666160,2016-04-16 17:00:00,570
"14187",6117666160,2016-04-16 18:00:00,491
"14188",6117666160,2016-04-16 19:00:00,370
"14189",6117666160,2016-04-16 20:00:00,1513
"14190",6117666160,2016-04-16 21:00:00,62
"14191",6117666160,2016-04-16 22:00:00,893
"14192",6117666160,2016-04-16 23:00:00,493
"14193",6117666160,2016-04-17 00:00:00,169
"14194",6117666160,2016-04-17 01:00:00,671
"14195",6117666160,2016-04-17 02:00:00,19
"14196",6117666160,2016-04-17 03:00:00,182
"14197",6117666160,2016-04-17 04:00:00,0
"14198",6117666160,2016-04-17 05:00:00,7
"14199",6117666160,2016-04-17 06:00:00,0
"14200",6117666160,2016-04-17 07:00:00,0
"14201",6117666160,2016-04-17 08:00:00,167
"14202",6117666160,2016-04-17 09:00:00,178
"14203",6117666160,2016-04-17 10:00:00,80
"14204",6117666160,2016-04-17 11:00:00,271
"14205",6117666160,2016-04-17 12:00:00,172
"14206",6117666160,2016-04-17 13:00:00,1772
"14207",6117666160,2016-04-17 14:00:00,434
"14208",6117666160,2016-04-17 15:00:00,366
"14209",6117666160,2016-04-17 16:00:00,0
"14210",6117666160,2016-04-17 17:00:00,911
"14211",6117666160,2016-04-17 18:00:00,499
"14212",6117666160,2016-04-17 19:00:00,30
"14213",6117666160,2016-04-17 20:00:00,5
"14214",6117666160,2016-04-17 21:00:00,723
"14215",6117666160,2016-04-17 22:00:00,494
"14216",6117666160,2016-04-17 23:00:00,0
"14217",6117666160,2016-04-18 00:00:00,317
"14218",6117666160,2016-04-18 01:00:00,7
"14219",6117666160,2016-04-18 02:00:00,4
"14220",6117666160,2016-04-18 03:00:00,0
"14221",6117666160,2016-04-18 04:00:00,0
"14222",6117666160,2016-04-18 05:00:00,0
"14223",6117666160,2016-04-18 06:00:00,0
"14224",6117666160,2016-04-18 07:00:00,391
"14225",6117666160,2016-04-18 08:00:00,561
"14226",6117666160,2016-04-18 09:00:00,235
"14227",6117666160,2016-04-18 10:00:00,0
"14228",6117666160,2016-04-18 11:00:00,0
"14229",6117666160,2016-04-18 12:00:00,0
"14230",6117666160,2016-04-18 13:00:00,631
"14231",6117666160,2016-04-18 14:00:00,36
"14232",6117666160,2016-04-18 15:00:00,237
"14233",6117666160,2016-04-18 16:00:00,299
"14234",6117666160,2016-04-18 17:00:00,643
"14235",6117666160,2016-04-18 18:00:00,333
"14236",6117666160,2016-04-18 19:00:00,927
"14237",6117666160,2016-04-18 20:00:00,133
"14238",6117666160,2016-04-18 21:00:00,0
"14239",6117666160,2016-04-18 22:00:00,212
"14240",6117666160,2016-04-18 23:00:00,187
"14241",6117666160,2016-04-19 00:00:00,0
"14242",6117666160,2016-04-19 01:00:00,4
"14243",6117666160,2016-04-19 02:00:00,0
"14244",6117666160,2016-04-19 03:00:00,7
"14245",6117666160,2016-04-19 04:00:00,0
"14246",6117666160,2016-04-19 05:00:00,0
"14247",6117666160,2016-04-19 06:00:00,0
"14248",6117666160,2016-04-19 07:00:00,0
"14249",6117666160,2016-04-19 08:00:00,521
"14250",6117666160,2016-04-19 09:00:00,361
"14251",6117666160,2016-04-19 10:00:00,933
"14252",6117666160,2016-04-19 11:00:00,908
"14253",6117666160,2016-04-19 12:00:00,316
"14254",6117666160,2016-04-19 13:00:00,615
"14255",6117666160,2016-04-19 14:00:00,902
"14256",6117666160,2016-04-19 15:00:00,800
"14257",6117666160,2016-04-19 16:00:00,1148
"14258",6117666160,2016-04-19 17:00:00,1202
"14259",6117666160,2016-04-19 18:00:00,841
"14260",6117666160,2016-04-19 19:00:00,1063
"14261",6117666160,2016-04-19 20:00:00,739
"14262",6117666160,2016-04-19 21:00:00,264
"14263",6117666160,2016-04-19 22:00:00,174
"14264",6117666160,2016-04-19 23:00:00,337
"14265",6117666160,2016-04-20 00:00:00,0
"14266",6117666160,2016-04-20 01:00:00,0
"14267",6117666160,2016-04-20 02:00:00,8
"14268",6117666160,2016-04-20 03:00:00,0
"14269",6117666160,2016-04-20 04:00:00,8
"14270",6117666160,2016-04-20 05:00:00,0
"14271",6117666160,2016-04-20 06:00:00,0
"14272",6117666160,2016-04-20 07:00:00,327
"14273",6117666160,2016-04-20 08:00:00,458
"14274",6117666160,2016-04-20 09:00:00,686
"14275",6117666160,2016-04-20 10:00:00,624
"14276",6117666160,2016-04-20 11:00:00,567
"14277",6117666160,2016-04-20 12:00:00,741
"14278",6117666160,2016-04-20 13:00:00,627
"14279",6117666160,2016-04-20 14:00:00,984
"14280",6117666160,2016-04-20 15:00:00,1850
"14281",6117666160,2016-04-20 16:00:00,2448
"14282",6117666160,2016-04-20 17:00:00,366
"14283",6117666160,2016-04-20 18:00:00,6
"14284",6117666160,2016-04-20 19:00:00,295
"14285",6117666160,2016-04-20 20:00:00,274
"14286",6117666160,2016-04-20 21:00:00,24
"14287",6117666160,2016-04-20 22:00:00,0
"14288",6117666160,2016-04-20 23:00:00,156
"14289",6117666160,2016-04-21 00:00:00,0
"14290",6117666160,2016-04-21 01:00:00,10
"14291",6117666160,2016-04-21 02:00:00,0
"14292",6117666160,2016-04-21 03:00:00,0
"14293",6117666160,2016-04-21 04:00:00,0
"14294",6117666160,2016-04-21 05:00:00,0
"14295",6117666160,2016-04-21 06:00:00,0
"14296",6117666160,2016-04-21 07:00:00,23
"14297",6117666160,2016-04-21 08:00:00,15
"14298",6117666160,2016-04-21 09:00:00,550
"14299",6117666160,2016-04-21 10:00:00,1798
"14300",6117666160,2016-04-21 11:00:00,0
"14301",6117666160,2016-04-21 12:00:00,1122
"14302",6117666160,2016-04-21 13:00:00,1240
"14303",6117666160,2016-04-21 14:00:00,999
"14304",6117666160,2016-04-21 15:00:00,807
"14305",6117666160,2016-04-21 16:00:00,149
"14306",6117666160,2016-04-21 17:00:00,100
"14307",6117666160,2016-04-21 18:00:00,824
"14308",6117666160,2016-04-21 19:00:00,744
"14309",6117666160,2016-04-21 20:00:00,49
"14310",6117666160,2016-04-21 21:00:00,411
"14311",6117666160,2016-04-21 22:00:00,152
"14312",6117666160,2016-04-21 23:00:00,100
"14313",6117666160,2016-04-22 00:00:00,80
"14314",6117666160,2016-04-22 01:00:00,0
"14315",6117666160,2016-04-22 02:00:00,0
"14316",6117666160,2016-04-22 03:00:00,4
"14317",6117666160,2016-04-22 04:00:00,0
"14318",6117666160,2016-04-22 05:00:00,0
"14319",6117666160,2016-04-22 06:00:00,26
"14320",6117666160,2016-04-22 07:00:00,126
"14321",6117666160,2016-04-22 08:00:00,0
"14322",6117666160,2016-04-22 09:00:00,284
"14323",6117666160,2016-04-22 10:00:00,275
"14324",6117666160,2016-04-22 11:00:00,336
"14325",6117666160,2016-04-22 12:00:00,551
"14326",6117666160,2016-04-22 13:00:00,526
"14327",6117666160,2016-04-22 14:00:00,542
"14328",6117666160,2016-04-22 15:00:00,646
"14329",6117666160,2016-04-22 16:00:00,707
"14330",6117666160,2016-04-22 17:00:00,890
"14331",6117666160,2016-04-22 18:00:00,617
"14332",6117666160,2016-04-22 19:00:00,678
"14333",6117666160,2016-04-22 20:00:00,976
"14334",6117666160,2016-04-22 21:00:00,557
"14335",6117666160,2016-04-22 22:00:00,323
"14336",6117666160,2016-04-22 23:00:00,62
"14337",6117666160,2016-04-23 00:00:00,7
"14338",6117666160,2016-04-23 01:00:00,0
"14339",6117666160,2016-04-23 02:00:00,166
"14340",6117666160,2016-04-23 03:00:00,8
"14341",6117666160,2016-04-23 04:00:00,0
"14342",6117666160,2016-04-23 05:00:00,0
"14343",6117666160,2016-04-23 06:00:00,0
"14344",6117666160,2016-04-23 07:00:00,143
"14345",6117666160,2016-04-23 08:00:00,542
"14346",6117666160,2016-04-23 09:00:00,1023
"14347",6117666160,2016-04-23 10:00:00,839
"14348",6117666160,2016-04-23 11:00:00,1042
"14349",6117666160,2016-04-23 12:00:00,877
"14350",6117666160,2016-04-23 13:00:00,957
"14351",6117666160,2016-04-23 14:00:00,820
"14352",6117666160,2016-04-23 15:00:00,1048
"14353",6117666160,2016-04-23 16:00:00,977
"14354",6117666160,2016-04-23 17:00:00,1211
"14355",6117666160,2016-04-23 18:00:00,662
"14356",6117666160,2016-04-23 19:00:00,77
"14357",6117666160,2016-04-23 20:00:00,478
"14358",6117666160,2016-04-23 21:00:00,26
"14359",6117666160,2016-04-23 22:00:00,39
"14360",6117666160,2016-04-23 23:00:00,553
"14361",6117666160,2016-04-24 00:00:00,162
"14362",6117666160,2016-04-24 01:00:00,234
"14363",6117666160,2016-04-24 02:00:00,8
"14364",6117666160,2016-04-24 03:00:00,0
"14365",6117666160,2016-04-24 04:00:00,10
"14366",6117666160,2016-04-24 05:00:00,0
"14367",6117666160,2016-04-24 06:00:00,0
"14368",6117666160,2016-04-24 07:00:00,0
"14369",6117666160,2016-04-24 08:00:00,262
"14370",6117666160,2016-04-24 09:00:00,775
"14371",6117666160,2016-04-24 10:00:00,1147
"14372",6117666160,2016-04-24 11:00:00,518
"14373",6117666160,2016-04-24 12:00:00,1069
"14374",6117666160,2016-04-24 13:00:00,1249
"14375",6117666160,2016-04-24 14:00:00,700
"14376",6117666160,2016-04-24 15:00:00,737
"14377",6117666160,2016-04-24 16:00:00,301
"14378",6117666160,2016-04-24 17:00:00,383
"14379",6117666160,2016-04-24 18:00:00,68
"14380",6117666160,2016-04-24 19:00:00,0
"14381",6117666160,2016-04-24 20:00:00,0
"14382",6117666160,2016-04-24 21:00:00,0
"14383",6117666160,2016-04-24 22:00:00,0
"14384",6117666160,2016-04-24 23:00:00,0
"14385",6117666160,2016-04-25 00:00:00,0
"14386",6117666160,2016-04-25 01:00:00,0
"14387",6117666160,2016-04-25 02:00:00,0
"14388",6117666160,2016-04-25 03:00:00,0
"14389",6117666160,2016-04-25 04:00:00,0
"14390",6117666160,2016-04-25 05:00:00,0
"14391",6117666160,2016-04-25 06:00:00,0
"14392",6117666160,2016-04-25 07:00:00,0
"14393",6117666160,2016-04-25 08:00:00,0
"14394",6117666160,2016-04-25 09:00:00,0
"14395",6117666160,2016-04-25 10:00:00,0
"14396",6117666160,2016-04-25 11:00:00,0
"14397",6117666160,2016-04-25 12:00:00,0
"14398",6117666160,2016-04-25 13:00:00,0
"14399",6117666160,2016-04-25 14:00:00,0
"14400",6117666160,2016-04-25 15:00:00,0
"14401",6117666160,2016-04-25 16:00:00,0
"14402",6117666160,2016-04-25 17:00:00,0
"14403",6117666160,2016-04-25 18:00:00,0
"14404",6117666160,2016-04-25 19:00:00,0
"14405",6117666160,2016-04-25 20:00:00,0
"14406",6117666160,2016-04-25 21:00:00,0
"14407",6117666160,2016-04-25 22:00:00,0
"14408",6117666160,2016-04-25 23:00:00,0
"14409",6117666160,2016-04-26 00:00:00,0
"14410",6117666160,2016-04-26 01:00:00,0
"14411",6117666160,2016-04-26 02:00:00,0
"14412",6117666160,2016-04-26 03:00:00,0
"14413",6117666160,2016-04-26 04:00:00,0
"14414",6117666160,2016-04-26 05:00:00,0
"14415",6117666160,2016-04-26 06:00:00,0
"14416",6117666160,2016-04-26 07:00:00,51
"14417",6117666160,2016-04-26 08:00:00,428
"14418",6117666160,2016-04-26 09:00:00,241
"14419",6117666160,2016-04-26 10:00:00,9
"14420",6117666160,2016-04-26 11:00:00,559
"14421",6117666160,2016-04-26 12:00:00,972
"14422",6117666160,2016-04-26 13:00:00,572
"14423",6117666160,2016-04-26 14:00:00,174
"14424",6117666160,2016-04-26 15:00:00,867
"14425",6117666160,2016-04-26 16:00:00,715
"14426",6117666160,2016-04-26 17:00:00,1049
"14427",6117666160,2016-04-26 18:00:00,1070
"14428",6117666160,2016-04-26 19:00:00,1098
"14429",6117666160,2016-04-26 20:00:00,1078
"14430",6117666160,2016-04-26 21:00:00,195
"14431",6117666160,2016-04-26 22:00:00,195
"14432",6117666160,2016-04-26 23:00:00,270
"14433",6117666160,2016-04-27 00:00:00,8
"14434",6117666160,2016-04-27 01:00:00,0
"14435",6117666160,2016-04-27 02:00:00,0
"14436",6117666160,2016-04-27 03:00:00,0
"14437",6117666160,2016-04-27 04:00:00,5
"14438",6117666160,2016-04-27 05:00:00,0
"14439",6117666160,2016-04-27 06:00:00,0
"14440",6117666160,2016-04-27 07:00:00,0
"14441",6117666160,2016-04-27 08:00:00,0
"14442",6117666160,2016-04-27 09:00:00,219
"14443",6117666160,2016-04-27 10:00:00,0
"14444",6117666160,2016-04-27 11:00:00,779
"14445",6117666160,2016-04-27 12:00:00,715
"14446",6117666160,2016-04-27 13:00:00,1072
"14447",6117666160,2016-04-27 14:00:00,720
"14448",6117666160,2016-04-27 15:00:00,1076
"14449",6117666160,2016-04-27 16:00:00,934
"14450",6117666160,2016-04-27 17:00:00,978
"14451",6117666160,2016-04-27 18:00:00,670
"14452",6117666160,2016-04-27 19:00:00,635
"14453",6117666160,2016-04-27 20:00:00,663
"14454",6117666160,2016-04-27 21:00:00,373
"14455",6117666160,2016-04-27 22:00:00,306
"14456",6117666160,2016-04-27 23:00:00,258
"14457",6117666160,2016-04-28 00:00:00,0
"14458",6117666160,2016-04-28 01:00:00,0
"14459",6117666160,2016-04-28 02:00:00,0
"14460",6117666160,2016-04-28 03:00:00,19
"14461",6117666160,2016-04-28 04:00:00,0
"14462",6117666160,2016-04-28 05:00:00,0
"14463",6117666160,2016-04-28 06:00:00,6
"14464",6117666160,2016-04-28 07:00:00,16
"14465",6117666160,2016-04-28 08:00:00,315
"14466",6117666160,2016-04-28 09:00:00,130
"14467",6117666160,2016-04-28 10:00:00,818
"14468",6117666160,2016-04-28 11:00:00,0
"14469",6117666160,2016-04-28 12:00:00,0
"14470",6117666160,2016-04-28 13:00:00,212
"14471",6117666160,2016-04-28 14:00:00,0
"14472",6117666160,2016-04-28 15:00:00,0
"14473",6117666160,2016-04-28 16:00:00,719
"14474",6117666160,2016-04-28 17:00:00,811
"14475",6117666160,2016-04-28 18:00:00,56
"14476",6117666160,2016-04-28 19:00:00,206
"14477",6117666160,2016-04-28 20:00:00,6
"14478",6117666160,2016-04-28 21:00:00,89
"14479",6117666160,2016-04-28 22:00:00,0
"14480",6117666160,2016-04-28 23:00:00,0
"14481",6117666160,2016-04-29 00:00:00,0
"14482",6117666160,2016-04-29 01:00:00,0
"14483",6117666160,2016-04-29 02:00:00,0
"14484",6117666160,2016-04-29 03:00:00,0
"14485",6117666160,2016-04-29 04:00:00,0
"14486",6117666160,2016-04-29 05:00:00,0
"14487",6117666160,2016-04-29 06:00:00,0
"14488",6117666160,2016-04-29 07:00:00,0
"14489",6117666160,2016-04-29 08:00:00,190
"14490",6117666160,2016-04-29 09:00:00,71
"14491",6117666160,2016-04-29 10:00:00,386
"14492",6117666160,2016-04-29 11:00:00,369
"14493",6117666160,2016-04-29 12:00:00,1147
"14494",6117666160,2016-04-29 13:00:00,1062
"14495",6117666160,2016-04-29 14:00:00,1134
"14496",6117666160,2016-04-29 15:00:00,774
"14497",6117666160,2016-04-29 16:00:00,1065
"14498",6117666160,2016-04-29 17:00:00,653
"14499",6117666160,2016-04-29 18:00:00,660
"14500",6117666160,2016-04-29 19:00:00,1029
"14501",6117666160,2016-04-29 20:00:00,592
"14502",6117666160,2016-04-29 21:00:00,116
"14503",6117666160,2016-04-29 22:00:00,235
"14504",6117666160,2016-04-29 23:00:00,109
"14505",6117666160,2016-04-30 00:00:00,13
"14506",6117666160,2016-04-30 01:00:00,0
"14507",6117666160,2016-04-30 02:00:00,0
"14508",6117666160,2016-04-30 03:00:00,0
"14509",6117666160,2016-04-30 04:00:00,0
"14510",6117666160,2016-04-30 05:00:00,0
"14511",6117666160,2016-04-30 06:00:00,0
"14512",6117666160,2016-04-30 07:00:00,0
"14513",6117666160,2016-04-30 08:00:00,0
"14514",6117666160,2016-04-30 09:00:00,0
"14515",6117666160,2016-04-30 10:00:00,432
"14516",6117666160,2016-04-30 11:00:00,418
"14517",6117666160,2016-04-30 12:00:00,542
"14518",6117666160,2016-04-30 13:00:00,712
"14519",6117666160,2016-04-30 14:00:00,468
"14520",6117666160,2016-04-30 15:00:00,1104
"14521",6117666160,2016-04-30 16:00:00,550
"14522",6117666160,2016-04-30 17:00:00,547
"14523",6117666160,2016-04-30 18:00:00,501
"14524",6117666160,2016-04-30 19:00:00,521
"14525",6117666160,2016-04-30 20:00:00,613
"14526",6117666160,2016-04-30 21:00:00,295
"14527",6117666160,2016-04-30 22:00:00,271
"14528",6117666160,2016-04-30 23:00:00,0
"14529",6117666160,2016-05-01 00:00:00,0
"14530",6117666160,2016-05-01 01:00:00,7
"14531",6117666160,2016-05-01 02:00:00,378
"14532",6117666160,2016-05-01 03:00:00,5
"14533",6117666160,2016-05-01 04:00:00,0
"14534",6117666160,2016-05-01 05:00:00,0
"14535",6117666160,2016-05-01 06:00:00,0
"14536",6117666160,2016-05-01 07:00:00,0
"14537",6117666160,2016-05-01 08:00:00,0
"14538",6117666160,2016-05-01 09:00:00,633
"14539",6117666160,2016-05-01 10:00:00,864
"14540",6117666160,2016-05-01 11:00:00,1252
"14541",6117666160,2016-05-01 12:00:00,683
"14542",6117666160,2016-05-01 13:00:00,947
"14543",6117666160,2016-05-01 14:00:00,851
"14544",6117666160,2016-05-01 15:00:00,426
"14545",6117666160,2016-05-01 16:00:00,419
"14546",6117666160,2016-05-01 17:00:00,707
"14547",6117666160,2016-05-01 18:00:00,1203
"14548",6117666160,2016-05-01 19:00:00,450
"14549",6117666160,2016-05-01 20:00:00,90
"14550",6117666160,2016-05-01 21:00:00,0
"14551",6117666160,2016-05-01 22:00:00,0
"14552",6117666160,2016-05-01 23:00:00,0
"14553",6117666160,2016-05-02 00:00:00,0
"14554",6117666160,2016-05-02 01:00:00,0
"14555",6117666160,2016-05-02 02:00:00,0
"14556",6117666160,2016-05-02 03:00:00,332
"14557",6117666160,2016-05-02 04:00:00,801
"14558",6117666160,2016-05-02 05:00:00,870
"14559",6117666160,2016-05-02 06:00:00,778
"14560",6117666160,2016-05-02 07:00:00,854
"14561",6117666160,2016-05-02 08:00:00,903
"14562",6117666160,2016-05-02 09:00:00,389
"14563",6117666160,2016-05-02 10:00:00,0
"14564",6117666160,2016-05-02 11:00:00,0
"14565",6117666160,2016-05-02 12:00:00,0
"14566",6117666160,2016-05-02 13:00:00,0
"14567",6117666160,2016-05-02 14:00:00,0
"14568",6117666160,2016-05-02 15:00:00,0
"14569",6117666160,2016-05-02 16:00:00,0
"14570",6117666160,2016-05-02 17:00:00,0
"14571",6117666160,2016-05-02 18:00:00,0
"14572",6117666160,2016-05-02 19:00:00,0
"14573",6117666160,2016-05-02 20:00:00,0
"14574",6117666160,2016-05-02 21:00:00,0
"14575",6117666160,2016-05-02 22:00:00,0
"14576",6117666160,2016-05-02 23:00:00,0
"14577",6117666160,2016-05-03 00:00:00,0
"14578",6117666160,2016-05-03 01:00:00,0
"14579",6117666160,2016-05-03 02:00:00,0
"14580",6117666160,2016-05-03 03:00:00,0
"14581",6117666160,2016-05-03 04:00:00,0
"14582",6117666160,2016-05-03 05:00:00,0
"14583",6117666160,2016-05-03 06:00:00,0
"14584",6117666160,2016-05-03 07:00:00,0
"14585",6117666160,2016-05-03 08:00:00,0
"14586",6117666160,2016-05-03 09:00:00,0
"14587",6117666160,2016-05-03 10:00:00,0
"14588",6117666160,2016-05-03 11:00:00,0
"14589",6117666160,2016-05-03 12:00:00,0
"14590",6117666160,2016-05-03 13:00:00,0
"14591",6117666160,2016-05-03 14:00:00,0
"14592",6117666160,2016-05-03 15:00:00,0
"14593",6117666160,2016-05-03 16:00:00,0
"14594",6117666160,2016-05-03 17:00:00,0
"14595",6117666160,2016-05-03 18:00:00,0
"14596",6117666160,2016-05-03 19:00:00,0
"14597",6117666160,2016-05-03 20:00:00,0
"14598",6117666160,2016-05-03 21:00:00,0
"14599",6117666160,2016-05-03 22:00:00,0
"14600",6117666160,2016-05-03 23:00:00,0
"14601",6117666160,2016-05-04 00:00:00,0
"14602",6117666160,2016-05-04 01:00:00,0
"14603",6117666160,2016-05-04 02:00:00,0
"14604",6117666160,2016-05-04 03:00:00,0
"14605",6117666160,2016-05-04 04:00:00,0
"14606",6117666160,2016-05-04 05:00:00,0
"14607",6117666160,2016-05-04 06:00:00,0
"14608",6117666160,2016-05-04 07:00:00,0
"14609",6117666160,2016-05-04 08:00:00,0
"14610",6117666160,2016-05-04 09:00:00,0
"14611",6117666160,2016-05-04 10:00:00,0
"14612",6117666160,2016-05-04 11:00:00,0
"14613",6117666160,2016-05-04 12:00:00,0
"14614",6117666160,2016-05-04 13:00:00,0
"14615",6117666160,2016-05-04 14:00:00,0
"14616",6117666160,2016-05-04 15:00:00,0
"14617",6117666160,2016-05-04 16:00:00,0
"14618",6117666160,2016-05-04 17:00:00,0
"14619",6117666160,2016-05-04 18:00:00,620
"14620",6117666160,2016-05-04 19:00:00,907
"14621",6117666160,2016-05-04 20:00:00,720
"14622",6117666160,2016-05-04 21:00:00,384
"14623",6117666160,2016-05-04 22:00:00,13
"14624",6117666160,2016-05-04 23:00:00,353
"14625",6117666160,2016-05-05 00:00:00,0
"14626",6117666160,2016-05-05 01:00:00,0
"14627",6117666160,2016-05-05 02:00:00,0
"14628",6117666160,2016-05-05 03:00:00,6
"14629",6117666160,2016-05-05 04:00:00,0
"14630",6117666160,2016-05-05 05:00:00,0
"14631",6117666160,2016-05-05 06:00:00,6
"14632",6117666160,2016-05-05 07:00:00,516
"14633",6117666160,2016-05-05 08:00:00,395
"14634",6117666160,2016-05-05 09:00:00,836
"14635",6117666160,2016-05-05 10:00:00,880
"14636",6117666160,2016-05-05 11:00:00,688
"14637",6117666160,2016-05-05 12:00:00,750
"14638",6117666160,2016-05-05 13:00:00,733
"14639",6117666160,2016-05-05 14:00:00,795
"14640",6117666160,2016-05-05 15:00:00,796
"14641",6117666160,2016-05-05 16:00:00,772
"14642",6117666160,2016-05-05 17:00:00,441
"14643",6117666160,2016-05-05 18:00:00,634
"14644",6117666160,2016-05-05 19:00:00,451
"14645",6117666160,2016-05-05 20:00:00,443
"14646",6117666160,2016-05-05 21:00:00,27
"14647",6117666160,2016-05-05 22:00:00,630
"14648",6117666160,2016-05-05 23:00:00,0
"14649",6117666160,2016-05-06 00:00:00,0
"14650",6117666160,2016-05-06 01:00:00,0
"14651",6117666160,2016-05-06 02:00:00,0
"14652",6117666160,2016-05-06 03:00:00,0
"14653",6117666160,2016-05-06 04:00:00,0
"14654",6117666160,2016-05-06 05:00:00,0
"14655",6117666160,2016-05-06 06:00:00,11
"14656",6117666160,2016-05-06 07:00:00,0
"14657",6117666160,2016-05-06 08:00:00,0
"14658",6117666160,2016-05-06 09:00:00,353
"14659",6117666160,2016-05-06 10:00:00,200
"14660",6117666160,2016-05-06 11:00:00,0
"14661",6117666160,2016-05-06 12:00:00,103
"14662",6117666160,2016-05-06 13:00:00,0
"14663",6117666160,2016-05-06 14:00:00,0
"14664",6117666160,2016-05-06 15:00:00,765
"14665",6117666160,2016-05-06 16:00:00,1149
"14666",6117666160,2016-05-06 17:00:00,0
"14667",6117666160,2016-05-06 18:00:00,421
"14668",6117666160,2016-05-06 19:00:00,146
"14669",6117666160,2016-05-06 20:00:00,32
"14670",6117666160,2016-05-06 21:00:00,127
"14671",6117666160,2016-05-06 22:00:00,58
"14672",6117666160,2016-05-06 23:00:00,0
"14673",6117666160,2016-05-07 00:00:00,447
"14674",6117666160,2016-05-07 01:00:00,0
"14675",6117666160,2016-05-07 02:00:00,0
"14676",6117666160,2016-05-07 03:00:00,0
"14677",6117666160,2016-05-07 04:00:00,0
"14678",6117666160,2016-05-07 05:00:00,0
"14679",6117666160,2016-05-07 06:00:00,0
"14680",6117666160,2016-05-07 07:00:00,126
"14681",6117666160,2016-05-07 08:00:00,462
"14682",6117666160,2016-05-07 09:00:00,557
"14683",6117666160,2016-05-07 10:00:00,642
"14684",6117666160,2016-05-07 11:00:00,754
"14685",6117666160,2016-05-07 12:00:00,399
"14686",6117666160,2016-05-07 13:00:00,694
"14687",6117666160,2016-05-07 14:00:00,878
"14688",6117666160,2016-05-07 15:00:00,558
"14689",6117666160,2016-05-07 16:00:00,548
"14690",6117666160,2016-05-07 17:00:00,522
"14691",6117666160,2016-05-07 18:00:00,296
"14692",6117666160,2016-05-07 19:00:00,187
"14693",6117666160,2016-05-07 20:00:00,15
"14694",6117666160,2016-05-07 21:00:00,247
"14695",6117666160,2016-05-07 22:00:00,4
"14696",6117666160,2016-05-07 23:00:00,0
"14697",6117666160,2016-05-08 00:00:00,149
"14698",6117666160,2016-05-08 01:00:00,0
"14699",6117666160,2016-05-08 02:00:00,0
"14700",6117666160,2016-05-08 03:00:00,0
"14701",6117666160,2016-05-08 04:00:00,12
"14702",6117666160,2016-05-08 05:00:00,0
"14703",6117666160,2016-05-08 06:00:00,0
"14704",6117666160,2016-05-08 07:00:00,0
"14705",6117666160,2016-05-08 08:00:00,0
"14706",6117666160,2016-05-08 09:00:00,543
"14707",6117666160,2016-05-08 10:00:00,373
"14708",6117666160,2016-05-08 11:00:00,375
"14709",6117666160,2016-05-08 12:00:00,362
"14710",6117666160,2016-05-08 13:00:00,419
"14711",6117666160,2016-05-08 14:00:00,267
"14712",6117666160,2016-05-08 15:00:00,868
"14713",6117666160,2016-05-08 16:00:00,651
"14714",6117666160,2016-05-08 17:00:00,1197
"14715",6117666160,2016-05-08 18:00:00,1569
"14716",6117666160,2016-05-08 19:00:00,240
"14717",6117666160,2016-05-08 20:00:00,4
"14718",6117666160,2016-05-08 21:00:00,9
"14719",6117666160,2016-05-08 22:00:00,290
"14720",6117666160,2016-05-08 23:00:00,0
"14721",6117666160,2016-05-09 00:00:00,0
"14722",6117666160,2016-05-09 01:00:00,0
"14723",6117666160,2016-05-09 02:00:00,7
"14724",6117666160,2016-05-09 03:00:00,0
"14725",6117666160,2016-05-09 04:00:00,0
"14726",6117666160,2016-05-09 05:00:00,4
"14727",6117666160,2016-05-09 06:00:00,17
"14728",6117666160,2016-05-09 07:00:00,408
"14729",6117666160,2016-05-09 08:00:00,615
"14730",6117666160,2016-05-09 09:00:00,729
"14731",6117666160,2016-05-09 10:00:00,860
"14732",6117666160,2016-05-09 11:00:00,657
"14733",6290855005,2016-04-12 00:00:00,0
"14734",6290855005,2016-04-12 01:00:00,0
"14735",6290855005,2016-04-12 02:00:00,0
"14736",6290855005,2016-04-12 03:00:00,0
"14737",6290855005,2016-04-12 04:00:00,0
"14738",6290855005,2016-04-12 05:00:00,0
"14739",6290855005,2016-04-12 06:00:00,54
"14740",6290855005,2016-04-12 07:00:00,517
"14741",6290855005,2016-04-12 08:00:00,371
"14742",6290855005,2016-04-12 09:00:00,410
"14743",6290855005,2016-04-12 10:00:00,1002
"14744",6290855005,2016-04-12 11:00:00,520
"14745",6290855005,2016-04-12 12:00:00,215
"14746",6290855005,2016-04-12 13:00:00,633
"14747",6290855005,2016-04-12 14:00:00,248
"14748",6290855005,2016-04-12 15:00:00,502
"14749",6290855005,2016-04-12 16:00:00,90
"14750",6290855005,2016-04-12 17:00:00,0
"14751",6290855005,2016-04-12 18:00:00,0
"14752",6290855005,2016-04-12 19:00:00,0
"14753",6290855005,2016-04-12 20:00:00,0
"14754",6290855005,2016-04-12 21:00:00,0
"14755",6290855005,2016-04-12 22:00:00,0
"14756",6290855005,2016-04-12 23:00:00,0
"14757",6290855005,2016-04-13 00:00:00,0
"14758",6290855005,2016-04-13 01:00:00,0
"14759",6290855005,2016-04-13 02:00:00,0
"14760",6290855005,2016-04-13 03:00:00,0
"14761",6290855005,2016-04-13 04:00:00,0
"14762",6290855005,2016-04-13 05:00:00,0
"14763",6290855005,2016-04-13 06:00:00,161
"14764",6290855005,2016-04-13 07:00:00,564
"14765",6290855005,2016-04-13 08:00:00,686
"14766",6290855005,2016-04-13 09:00:00,1061
"14767",6290855005,2016-04-13 10:00:00,469
"14768",6290855005,2016-04-13 11:00:00,355
"14769",6290855005,2016-04-13 12:00:00,417
"14770",6290855005,2016-04-13 13:00:00,649
"14771",6290855005,2016-04-13 14:00:00,618
"14772",6290855005,2016-04-13 15:00:00,313
"14773",6290855005,2016-04-13 16:00:00,874
"14774",6290855005,2016-04-13 17:00:00,126
"14775",6290855005,2016-04-13 18:00:00,685
"14776",6290855005,2016-04-13 19:00:00,120
"14777",6290855005,2016-04-13 20:00:00,44
"14778",6290855005,2016-04-13 21:00:00,0
"14779",6290855005,2016-04-13 22:00:00,0
"14780",6290855005,2016-04-13 23:00:00,0
"14781",6290855005,2016-04-14 00:00:00,0
"14782",6290855005,2016-04-14 01:00:00,0
"14783",6290855005,2016-04-14 02:00:00,0
"14784",6290855005,2016-04-14 03:00:00,0
"14785",6290855005,2016-04-14 04:00:00,0
"14786",6290855005,2016-04-14 05:00:00,0
"14787",6290855005,2016-04-14 06:00:00,159
"14788",6290855005,2016-04-14 07:00:00,570
"14789",6290855005,2016-04-14 08:00:00,262
"14790",6290855005,2016-04-14 09:00:00,548
"14791",6290855005,2016-04-14 10:00:00,261
"14792",6290855005,2016-04-14 11:00:00,582
"14793",6290855005,2016-04-14 12:00:00,807
"14794",6290855005,2016-04-14 13:00:00,111
"14795",6290855005,2016-04-14 14:00:00,271
"14796",6290855005,2016-04-14 15:00:00,563
"14797",6290855005,2016-04-14 16:00:00,0
"14798",6290855005,2016-04-14 17:00:00,851
"14799",6290855005,2016-04-14 18:00:00,739
"14800",6290855005,2016-04-14 19:00:00,293
"14801",6290855005,2016-04-14 20:00:00,349
"14802",6290855005,2016-04-14 21:00:00,740
"14803",6290855005,2016-04-14 22:00:00,560
"14804",6290855005,2016-04-14 23:00:00,5
"14805",6290855005,2016-04-15 00:00:00,0
"14806",6290855005,2016-04-15 01:00:00,0
"14807",6290855005,2016-04-15 02:00:00,0
"14808",6290855005,2016-04-15 03:00:00,0
"14809",6290855005,2016-04-15 04:00:00,0
"14810",6290855005,2016-04-15 05:00:00,0
"14811",6290855005,2016-04-15 06:00:00,0
"14812",6290855005,2016-04-15 07:00:00,468
"14813",6290855005,2016-04-15 08:00:00,195
"14814",6290855005,2016-04-15 09:00:00,330
"14815",6290855005,2016-04-15 10:00:00,791
"14816",6290855005,2016-04-15 11:00:00,786
"14817",6290855005,2016-04-15 12:00:00,382
"14818",6290855005,2016-04-15 13:00:00,926
"14819",6290855005,2016-04-15 14:00:00,390
"14820",6290855005,2016-04-15 15:00:00,106
"14821",6290855005,2016-04-15 16:00:00,796
"14822",6290855005,2016-04-15 17:00:00,540
"14823",6290855005,2016-04-15 18:00:00,936
"14824",6290855005,2016-04-15 19:00:00,859
"14825",6290855005,2016-04-15 20:00:00,81
"14826",6290855005,2016-04-15 21:00:00,652
"14827",6290855005,2016-04-15 22:00:00,629
"14828",6290855005,2016-04-15 23:00:00,634
"14829",6290855005,2016-04-16 00:00:00,0
"14830",6290855005,2016-04-16 01:00:00,0
"14831",6290855005,2016-04-16 02:00:00,0
"14832",6290855005,2016-04-16 03:00:00,0
"14833",6290855005,2016-04-16 04:00:00,0
"14834",6290855005,2016-04-16 05:00:00,0
"14835",6290855005,2016-04-16 06:00:00,0
"14836",6290855005,2016-04-16 07:00:00,0
"14837",6290855005,2016-04-16 08:00:00,1727
"14838",6290855005,2016-04-16 09:00:00,1841
"14839",6290855005,2016-04-16 10:00:00,568
"14840",6290855005,2016-04-16 11:00:00,1092
"14841",6290855005,2016-04-16 12:00:00,7
"14842",6290855005,2016-04-16 13:00:00,1583
"14843",6290855005,2016-04-16 14:00:00,839
"14844",6290855005,2016-04-16 15:00:00,139
"14845",6290855005,2016-04-16 16:00:00,164
"14846",6290855005,2016-04-16 17:00:00,219
"14847",6290855005,2016-04-16 18:00:00,103
"14848",6290855005,2016-04-16 19:00:00,19
"14849",6290855005,2016-04-16 20:00:00,0
"14850",6290855005,2016-04-16 21:00:00,0
"14851",6290855005,2016-04-16 22:00:00,0
"14852",6290855005,2016-04-16 23:00:00,0
"14853",6290855005,2016-04-17 00:00:00,0
"14854",6290855005,2016-04-17 01:00:00,0
"14855",6290855005,2016-04-17 02:00:00,0
"14856",6290855005,2016-04-17 03:00:00,0
"14857",6290855005,2016-04-17 04:00:00,0
"14858",6290855005,2016-04-17 05:00:00,0
"14859",6290855005,2016-04-17 06:00:00,0
"14860",6290855005,2016-04-17 07:00:00,59
"14861",6290855005,2016-04-17 08:00:00,40
"14862",6290855005,2016-04-17 09:00:00,956
"14863",6290855005,2016-04-17 10:00:00,584
"14864",6290855005,2016-04-17 11:00:00,76
"14865",6290855005,2016-04-17 12:00:00,1558
"14866",6290855005,2016-04-17 13:00:00,2033
"14867",6290855005,2016-04-17 14:00:00,1608
"14868",6290855005,2016-04-17 15:00:00,132
"14869",6290855005,2016-04-17 16:00:00,224
"14870",6290855005,2016-04-17 17:00:00,314
"14871",6290855005,2016-04-17 18:00:00,154
"14872",6290855005,2016-04-17 19:00:00,113
"14873",6290855005,2016-04-17 20:00:00,0
"14874",6290855005,2016-04-17 21:00:00,0
"14875",6290855005,2016-04-17 22:00:00,0
"14876",6290855005,2016-04-17 23:00:00,0
"14877",6290855005,2016-04-18 00:00:00,0
"14878",6290855005,2016-04-18 01:00:00,0
"14879",6290855005,2016-04-18 02:00:00,0
"14880",6290855005,2016-04-18 03:00:00,0
"14881",6290855005,2016-04-18 04:00:00,0
"14882",6290855005,2016-04-18 05:00:00,0
"14883",6290855005,2016-04-18 06:00:00,312
"14884",6290855005,2016-04-18 07:00:00,595
"14885",6290855005,2016-04-18 08:00:00,599
"14886",6290855005,2016-04-18 09:00:00,1051
"14887",6290855005,2016-04-18 10:00:00,895
"14888",6290855005,2016-04-18 11:00:00,291
"14889",6290855005,2016-04-18 12:00:00,644
"14890",6290855005,2016-04-18 13:00:00,903
"14891",6290855005,2016-04-18 14:00:00,432
"14892",6290855005,2016-04-18 15:00:00,868
"14893",6290855005,2016-04-18 16:00:00,205
"14894",6290855005,2016-04-18 17:00:00,90
"14895",6290855005,2016-04-18 18:00:00,0
"14896",6290855005,2016-04-18 19:00:00,0
"14897",6290855005,2016-04-18 20:00:00,0
"14898",6290855005,2016-04-18 21:00:00,0
"14899",6290855005,2016-04-18 22:00:00,0
"14900",6290855005,2016-04-18 23:00:00,0
"14901",6290855005,2016-04-19 00:00:00,0
"14902",6290855005,2016-04-19 01:00:00,0
"14903",6290855005,2016-04-19 02:00:00,0
"14904",6290855005,2016-04-19 03:00:00,0
"14905",6290855005,2016-04-19 04:00:00,0
"14906",6290855005,2016-04-19 05:00:00,0
"14907",6290855005,2016-04-19 06:00:00,273
"14908",6290855005,2016-04-19 07:00:00,584
"14909",6290855005,2016-04-19 08:00:00,549
"14910",6290855005,2016-04-19 09:00:00,525
"14911",6290855005,2016-04-19 10:00:00,548
"14912",6290855005,2016-04-19 11:00:00,850
"14913",6290855005,2016-04-19 12:00:00,966
"14914",6290855005,2016-04-19 13:00:00,490
"14915",6290855005,2016-04-19 14:00:00,759
"14916",6290855005,2016-04-19 15:00:00,764
"14917",6290855005,2016-04-19 16:00:00,561
"14918",6290855005,2016-04-19 17:00:00,99
"14919",6290855005,2016-04-19 18:00:00,13
"14920",6290855005,2016-04-19 19:00:00,95
"14921",6290855005,2016-04-19 20:00:00,66
"14922",6290855005,2016-04-19 21:00:00,0
"14923",6290855005,2016-04-19 22:00:00,0
"14924",6290855005,2016-04-19 23:00:00,0
"14925",6290855005,2016-04-20 00:00:00,0
"14926",6290855005,2016-04-20 01:00:00,0
"14927",6290855005,2016-04-20 02:00:00,0
"14928",6290855005,2016-04-20 03:00:00,0
"14929",6290855005,2016-04-20 04:00:00,0
"14930",6290855005,2016-04-20 05:00:00,0
"14931",6290855005,2016-04-20 06:00:00,254
"14932",6290855005,2016-04-20 07:00:00,903
"14933",6290855005,2016-04-20 08:00:00,626
"14934",6290855005,2016-04-20 09:00:00,322
"14935",6290855005,2016-04-20 10:00:00,567
"14936",6290855005,2016-04-20 11:00:00,314
"14937",6290855005,2016-04-20 12:00:00,549
"14938",6290855005,2016-04-20 13:00:00,1030
"14939",6290855005,2016-04-20 14:00:00,605
"14940",6290855005,2016-04-20 15:00:00,843
"14941",6290855005,2016-04-20 16:00:00,228
"14942",6290855005,2016-04-20 17:00:00,120
"14943",6290855005,2016-04-20 18:00:00,0
"14944",6290855005,2016-04-20 19:00:00,0
"14945",6290855005,2016-04-20 20:00:00,0
"14946",6290855005,2016-04-20 21:00:00,0
"14947",6290855005,2016-04-20 22:00:00,0
"14948",6290855005,2016-04-20 23:00:00,0
"14949",6290855005,2016-04-21 00:00:00,0
"14950",6290855005,2016-04-21 01:00:00,0
"14951",6290855005,2016-04-21 02:00:00,0
"14952",6290855005,2016-04-21 03:00:00,0
"14953",6290855005,2016-04-21 04:00:00,0
"14954",6290855005,2016-04-21 05:00:00,0
"14955",6290855005,2016-04-21 06:00:00,0
"14956",6290855005,2016-04-21 07:00:00,0
"14957",6290855005,2016-04-21 08:00:00,0
"14958",6290855005,2016-04-21 09:00:00,0
"14959",6290855005,2016-04-21 10:00:00,0
"14960",6290855005,2016-04-21 11:00:00,0
"14961",6290855005,2016-04-21 12:00:00,0
"14962",6290855005,2016-04-21 13:00:00,0
"14963",6290855005,2016-04-21 14:00:00,0
"14964",6290855005,2016-04-21 15:00:00,0
"14965",6290855005,2016-04-21 16:00:00,0
"14966",6290855005,2016-04-21 17:00:00,0
"14967",6290855005,2016-04-21 18:00:00,0
"14968",6290855005,2016-04-21 19:00:00,0
"14969",6290855005,2016-04-21 20:00:00,0
"14970",6290855005,2016-04-21 21:00:00,0
"14971",6290855005,2016-04-21 22:00:00,0
"14972",6290855005,2016-04-21 23:00:00,0
"14973",6290855005,2016-04-22 00:00:00,0
"14974",6290855005,2016-04-22 01:00:00,0
"14975",6290855005,2016-04-22 02:00:00,0
"14976",6290855005,2016-04-22 03:00:00,0
"14977",6290855005,2016-04-22 04:00:00,0
"14978",6290855005,2016-04-22 05:00:00,0
"14979",6290855005,2016-04-22 06:00:00,202
"14980",6290855005,2016-04-22 07:00:00,757
"14981",6290855005,2016-04-22 08:00:00,419
"14982",6290855005,2016-04-22 09:00:00,715
"14983",6290855005,2016-04-22 10:00:00,264
"14984",6290855005,2016-04-22 11:00:00,688
"14985",6290855005,2016-04-22 12:00:00,636
"14986",6290855005,2016-04-22 13:00:00,218
"14987",6290855005,2016-04-22 14:00:00,1071
"14988",6290855005,2016-04-22 15:00:00,56
"14989",6290855005,2016-04-22 16:00:00,875
"14990",6290855005,2016-04-22 17:00:00,330
"14991",6290855005,2016-04-22 18:00:00,7
"14992",6290855005,2016-04-22 19:00:00,0
"14993",6290855005,2016-04-22 20:00:00,0
"14994",6290855005,2016-04-22 21:00:00,0
"14995",6290855005,2016-04-22 22:00:00,0
"14996",6290855005,2016-04-22 23:00:00,0
"14997",6290855005,2016-04-23 00:00:00,0
"14998",6290855005,2016-04-23 01:00:00,0
"14999",6290855005,2016-04-23 02:00:00,0
"15000",6290855005,2016-04-23 03:00:00,0
"15001",6290855005,2016-04-23 04:00:00,0
"15002",6290855005,2016-04-23 05:00:00,0
"15003",6290855005,2016-04-23 06:00:00,0
"15004",6290855005,2016-04-23 07:00:00,0
"15005",6290855005,2016-04-23 08:00:00,0
"15006",6290855005,2016-04-23 09:00:00,0
"15007",6290855005,2016-04-23 10:00:00,0
"15008",6290855005,2016-04-23 11:00:00,0
"15009",6290855005,2016-04-23 12:00:00,0
"15010",6290855005,2016-04-23 13:00:00,0
"15011",6290855005,2016-04-23 14:00:00,0
"15012",6290855005,2016-04-23 15:00:00,0
"15013",6290855005,2016-04-23 16:00:00,0
"15014",6290855005,2016-04-23 17:00:00,0
"15015",6290855005,2016-04-23 18:00:00,0
"15016",6290855005,2016-04-23 19:00:00,0
"15017",6290855005,2016-04-23 20:00:00,0
"15018",6290855005,2016-04-23 21:00:00,0
"15019",6290855005,2016-04-23 22:00:00,0
"15020",6290855005,2016-04-23 23:00:00,0
"15021",6290855005,2016-04-24 00:00:00,0
"15022",6290855005,2016-04-24 01:00:00,0
"15023",6290855005,2016-04-24 02:00:00,0
"15024",6290855005,2016-04-24 03:00:00,0
"15025",6290855005,2016-04-24 04:00:00,0
"15026",6290855005,2016-04-24 05:00:00,0
"15027",6290855005,2016-04-24 06:00:00,0
"15028",6290855005,2016-04-24 07:00:00,0
"15029",6290855005,2016-04-24 08:00:00,0
"15030",6290855005,2016-04-24 09:00:00,207
"15031",6290855005,2016-04-24 10:00:00,2029
"15032",6290855005,2016-04-24 11:00:00,415
"15033",6290855005,2016-04-24 12:00:00,1125
"15034",6290855005,2016-04-24 13:00:00,107
"15035",6290855005,2016-04-24 14:00:00,136
"15036",6290855005,2016-04-24 15:00:00,84
"15037",6290855005,2016-04-24 16:00:00,104
"15038",6290855005,2016-04-24 17:00:00,851
"15039",6290855005,2016-04-24 18:00:00,224
"15040",6290855005,2016-04-24 19:00:00,219
"15041",6290855005,2016-04-24 20:00:00,363
"15042",6290855005,2016-04-24 21:00:00,32
"15043",6290855005,2016-04-24 22:00:00,0
"15044",6290855005,2016-04-24 23:00:00,0
"15045",6290855005,2016-04-25 00:00:00,0
"15046",6290855005,2016-04-25 01:00:00,0
"15047",6290855005,2016-04-25 02:00:00,0
"15048",6290855005,2016-04-25 03:00:00,0
"15049",6290855005,2016-04-25 04:00:00,0
"15050",6290855005,2016-04-25 05:00:00,0
"15051",6290855005,2016-04-25 06:00:00,195
"15052",6290855005,2016-04-25 07:00:00,827
"15053",6290855005,2016-04-25 08:00:00,1935
"15054",6290855005,2016-04-25 09:00:00,752
"15055",6290855005,2016-04-25 10:00:00,587
"15056",6290855005,2016-04-25 11:00:00,591
"15057",6290855005,2016-04-25 12:00:00,244
"15058",6290855005,2016-04-25 13:00:00,618
"15059",6290855005,2016-04-25 14:00:00,667
"15060",6290855005,2016-04-25 15:00:00,492
"15061",6290855005,2016-04-25 16:00:00,838
"15062",6290855005,2016-04-25 17:00:00,56
"15063",6290855005,2016-04-25 18:00:00,0
"15064",6290855005,2016-04-25 19:00:00,0
"15065",6290855005,2016-04-25 20:00:00,0
"15066",6290855005,2016-04-25 21:00:00,0
"15067",6290855005,2016-04-25 22:00:00,0
"15068",6290855005,2016-04-25 23:00:00,0
"15069",6290855005,2016-04-26 00:00:00,0
"15070",6290855005,2016-04-26 01:00:00,0
"15071",6290855005,2016-04-26 02:00:00,0
"15072",6290855005,2016-04-26 03:00:00,0
"15073",6290855005,2016-04-26 04:00:00,0
"15074",6290855005,2016-04-26 05:00:00,0
"15075",6290855005,2016-04-26 06:00:00,0
"15076",6290855005,2016-04-26 07:00:00,0
"15077",6290855005,2016-04-26 08:00:00,0
"15078",6290855005,2016-04-26 09:00:00,0
"15079",6290855005,2016-04-26 10:00:00,0
"15080",6290855005,2016-04-26 11:00:00,0
"15081",6290855005,2016-04-26 12:00:00,0
"15082",6290855005,2016-04-26 13:00:00,0
"15083",6290855005,2016-04-26 14:00:00,0
"15084",6290855005,2016-04-26 15:00:00,0
"15085",6290855005,2016-04-26 16:00:00,0
"15086",6290855005,2016-04-26 17:00:00,0
"15087",6290855005,2016-04-26 18:00:00,0
"15088",6290855005,2016-04-26 19:00:00,0
"15089",6290855005,2016-04-26 20:00:00,0
"15090",6290855005,2016-04-26 21:00:00,0
"15091",6290855005,2016-04-26 22:00:00,0
"15092",6290855005,2016-04-26 23:00:00,0
"15093",6290855005,2016-04-27 00:00:00,0
"15094",6290855005,2016-04-27 01:00:00,0
"15095",6290855005,2016-04-27 02:00:00,0
"15096",6290855005,2016-04-27 03:00:00,0
"15097",6290855005,2016-04-27 04:00:00,0
"15098",6290855005,2016-04-27 05:00:00,0
"15099",6290855005,2016-04-27 06:00:00,136
"15100",6290855005,2016-04-27 07:00:00,795
"15101",6290855005,2016-04-27 08:00:00,934
"15102",6290855005,2016-04-27 09:00:00,236
"15103",6290855005,2016-04-27 10:00:00,154
"15104",6290855005,2016-04-27 11:00:00,634
"15105",6290855005,2016-04-27 12:00:00,164
"15106",6290855005,2016-04-27 13:00:00,675
"15107",6290855005,2016-04-27 14:00:00,388
"15108",6290855005,2016-04-27 15:00:00,277
"15109",6290855005,2016-04-27 16:00:00,885
"15110",6290855005,2016-04-27 17:00:00,164
"15111",6290855005,2016-04-27 18:00:00,123
"15112",6290855005,2016-04-27 19:00:00,0
"15113",6290855005,2016-04-27 20:00:00,0
"15114",6290855005,2016-04-27 21:00:00,0
"15115",6290855005,2016-04-27 22:00:00,0
"15116",6290855005,2016-04-27 23:00:00,0
"15117",6290855005,2016-04-28 00:00:00,0
"15118",6290855005,2016-04-28 01:00:00,0
"15119",6290855005,2016-04-28 02:00:00,0
"15120",6290855005,2016-04-28 03:00:00,0
"15121",6290855005,2016-04-28 04:00:00,0
"15122",6290855005,2016-04-28 05:00:00,0
"15123",6290855005,2016-04-28 06:00:00,87
"15124",6290855005,2016-04-28 07:00:00,779
"15125",6290855005,2016-04-28 08:00:00,154
"15126",6290855005,2016-04-28 09:00:00,230
"15127",6290855005,2016-04-28 10:00:00,33
"15128",6290855005,2016-04-28 11:00:00,768
"15129",6290855005,2016-04-28 12:00:00,1121
"15130",6290855005,2016-04-28 13:00:00,97
"15131",6290855005,2016-04-28 14:00:00,815
"15132",6290855005,2016-04-28 15:00:00,756
"15133",6290855005,2016-04-28 16:00:00,812
"15134",6290855005,2016-04-28 17:00:00,79
"15135",6290855005,2016-04-28 18:00:00,0
"15136",6290855005,2016-04-28 19:00:00,0
"15137",6290855005,2016-04-28 20:00:00,0
"15138",6290855005,2016-04-28 21:00:00,0
"15139",6290855005,2016-04-28 22:00:00,0
"15140",6290855005,2016-04-28 23:00:00,0
"15141",6290855005,2016-04-29 00:00:00,0
"15142",6290855005,2016-04-29 01:00:00,0
"15143",6290855005,2016-04-29 02:00:00,0
"15144",6290855005,2016-04-29 03:00:00,0
"15145",6290855005,2016-04-29 04:00:00,0
"15146",6290855005,2016-04-29 05:00:00,0
"15147",6290855005,2016-04-29 06:00:00,0
"15148",6290855005,2016-04-29 07:00:00,0
"15149",6290855005,2016-04-29 08:00:00,0
"15150",6290855005,2016-04-29 09:00:00,0
"15151",6290855005,2016-04-29 10:00:00,0
"15152",6290855005,2016-04-29 11:00:00,0
"15153",6290855005,2016-04-29 12:00:00,0
"15154",6290855005,2016-04-29 13:00:00,0
"15155",6290855005,2016-04-29 14:00:00,0
"15156",6290855005,2016-04-29 15:00:00,0
"15157",6290855005,2016-04-29 16:00:00,0
"15158",6290855005,2016-04-29 17:00:00,0
"15159",6290855005,2016-04-29 18:00:00,0
"15160",6290855005,2016-04-29 19:00:00,0
"15161",6290855005,2016-04-29 20:00:00,0
"15162",6290855005,2016-04-29 21:00:00,0
"15163",6290855005,2016-04-29 22:00:00,0
"15164",6290855005,2016-04-29 23:00:00,0
"15165",6290855005,2016-04-30 00:00:00,0
"15166",6290855005,2016-04-30 01:00:00,0
"15167",6290855005,2016-04-30 02:00:00,0
"15168",6290855005,2016-04-30 03:00:00,0
"15169",6290855005,2016-04-30 04:00:00,0
"15170",6290855005,2016-04-30 05:00:00,0
"15171",6290855005,2016-04-30 06:00:00,0
"15172",6290855005,2016-04-30 07:00:00,70
"15173",6290855005,2016-04-30 08:00:00,111
"15174",6290855005,2016-04-30 09:00:00,899
"15175",6290855005,2016-04-30 10:00:00,944
"15176",6290855005,2016-04-30 11:00:00,1937
"15177",6290855005,2016-04-30 12:00:00,319
"15178",6290855005,2016-04-30 13:00:00,420
"15179",6290855005,2016-04-30 14:00:00,546
"15180",6290855005,2016-04-30 15:00:00,239
"15181",6290855005,2016-04-30 16:00:00,1259
"15182",6290855005,2016-04-30 17:00:00,0
"15183",6290855005,2016-04-30 18:00:00,0
"15184",6290855005,2016-04-30 19:00:00,0
"15185",6290855005,2016-04-30 20:00:00,0
"15186",6290855005,2016-04-30 21:00:00,0
"15187",6290855005,2016-04-30 22:00:00,0
"15188",6290855005,2016-04-30 23:00:00,0
"15189",6290855005,2016-05-01 00:00:00,0
"15190",6290855005,2016-05-01 01:00:00,0
"15191",6290855005,2016-05-01 02:00:00,0
"15192",6290855005,2016-05-01 03:00:00,0
"15193",6290855005,2016-05-01 04:00:00,0
"15194",6290855005,2016-05-01 05:00:00,0
"15195",6290855005,2016-05-01 06:00:00,0
"15196",6290855005,2016-05-01 07:00:00,0
"15197",6290855005,2016-05-01 08:00:00,0
"15198",6290855005,2016-05-01 09:00:00,3258
"15199",6290855005,2016-05-01 10:00:00,3251
"15200",6290855005,2016-05-01 11:00:00,387
"15201",6290855005,2016-05-01 12:00:00,781
"15202",6290855005,2016-05-01 13:00:00,497
"15203",6290855005,2016-05-01 14:00:00,557
"15204",6290855005,2016-05-01 15:00:00,427
"15205",6290855005,2016-05-01 16:00:00,8
"15206",6290855005,2016-05-01 17:00:00,172
"15207",6290855005,2016-05-01 18:00:00,250
"15208",6290855005,2016-05-01 19:00:00,170
"15209",6290855005,2016-05-01 20:00:00,79
"15210",6290855005,2016-05-01 21:00:00,0
"15211",6290855005,2016-05-01 22:00:00,0
"15212",6290855005,2016-05-01 23:00:00,0
"15213",6290855005,2016-05-02 00:00:00,0
"15214",6290855005,2016-05-02 01:00:00,0
"15215",6290855005,2016-05-02 02:00:00,0
"15216",6290855005,2016-05-02 03:00:00,0
"15217",6290855005,2016-05-02 04:00:00,0
"15218",6290855005,2016-05-02 05:00:00,0
"15219",6290855005,2016-05-02 06:00:00,206
"15220",6290855005,2016-05-02 07:00:00,788
"15221",6290855005,2016-05-02 08:00:00,183
"15222",6290855005,2016-05-02 09:00:00,783
"15223",6290855005,2016-05-02 10:00:00,578
"15224",6290855005,2016-05-02 11:00:00,372
"15225",6290855005,2016-05-02 12:00:00,543
"15226",6290855005,2016-05-02 13:00:00,789
"15227",6290855005,2016-05-02 14:00:00,574
"15228",6290855005,2016-05-02 15:00:00,1178
"15229",6290855005,2016-05-02 16:00:00,676
"15230",6290855005,2016-05-02 17:00:00,111
"15231",6290855005,2016-05-02 18:00:00,0
"15232",6290855005,2016-05-02 19:00:00,0
"15233",6290855005,2016-05-02 20:00:00,0
"15234",6290855005,2016-05-02 21:00:00,0
"15235",6290855005,2016-05-02 22:00:00,0
"15236",6290855005,2016-05-02 23:00:00,0
"15237",6290855005,2016-05-03 00:00:00,0
"15238",6290855005,2016-05-03 01:00:00,0
"15239",6290855005,2016-05-03 02:00:00,0
"15240",6290855005,2016-05-03 03:00:00,0
"15241",6290855005,2016-05-03 04:00:00,0
"15242",6290855005,2016-05-03 05:00:00,0
"15243",6290855005,2016-05-03 06:00:00,393
"15244",6290855005,2016-05-03 07:00:00,663
"15245",6290855005,2016-05-03 08:00:00,341
"15246",6290855005,2016-05-03 09:00:00,630
"15247",6290855005,2016-05-03 10:00:00,582
"15248",6290855005,2016-05-03 11:00:00,405
"15249",6290855005,2016-05-03 12:00:00,400
"15250",6290855005,2016-05-03 13:00:00,1014
"15251",6290855005,2016-05-03 14:00:00,259
"15252",6290855005,2016-05-03 15:00:00,770
"15253",6290855005,2016-05-03 16:00:00,273
"15254",6290855005,2016-05-03 17:00:00,317
"15255",6290855005,2016-05-03 18:00:00,0
"15256",6290855005,2016-05-03 19:00:00,0
"15257",6290855005,2016-05-03 20:00:00,0
"15258",6290855005,2016-05-03 21:00:00,0
"15259",6290855005,2016-05-03 22:00:00,0
"15260",6290855005,2016-05-03 23:00:00,0
"15261",6290855005,2016-05-04 00:00:00,0
"15262",6290855005,2016-05-04 01:00:00,0
"15263",6290855005,2016-05-04 02:00:00,0
"15264",6290855005,2016-05-04 03:00:00,0
"15265",6290855005,2016-05-04 04:00:00,0
"15266",6290855005,2016-05-04 05:00:00,0
"15267",6290855005,2016-05-04 06:00:00,152
"15268",6290855005,2016-05-04 07:00:00,735
"15269",6290855005,2016-05-04 08:00:00,281
"15270",6290855005,2016-05-04 09:00:00,945
"15271",6290855005,2016-05-04 10:00:00,356
"15272",6290855005,2016-05-04 11:00:00,743
"15273",6290855005,2016-05-04 12:00:00,347
"15274",6290855005,2016-05-04 13:00:00,427
"15275",6290855005,2016-05-04 14:00:00,416
"15276",6290855005,2016-05-04 15:00:00,603
"15277",6290855005,2016-05-04 16:00:00,241
"15278",6290855005,2016-05-04 17:00:00,258
"15279",6290855005,2016-05-04 18:00:00,169
"15280",6290855005,2016-05-04 19:00:00,159
"15281",6290855005,2016-05-04 20:00:00,0
"15282",6290855005,2016-05-04 21:00:00,0
"15283",6290855005,2016-05-04 22:00:00,0
"15284",6290855005,2016-05-04 23:00:00,0
"15285",6290855005,2016-05-05 00:00:00,0
"15286",6290855005,2016-05-05 01:00:00,0
"15287",6290855005,2016-05-05 02:00:00,0
"15288",6290855005,2016-05-05 03:00:00,0
"15289",6290855005,2016-05-05 04:00:00,0
"15290",6290855005,2016-05-05 05:00:00,72
"15291",6290855005,2016-05-05 06:00:00,136
"15292",6290855005,2016-05-05 07:00:00,786
"15293",6290855005,2016-05-05 08:00:00,478
"15294",6290855005,2016-05-05 09:00:00,543
"15295",6290855005,2016-05-05 10:00:00,366
"15296",6290855005,2016-05-05 11:00:00,421
"15297",6290855005,2016-05-05 12:00:00,886
"15298",6290855005,2016-05-05 13:00:00,102
"15299",6290855005,2016-05-05 14:00:00,1189
"15300",6290855005,2016-05-05 15:00:00,1070
"15301",6290855005,2016-05-05 16:00:00,4
"15302",6290855005,2016-05-05 17:00:00,253
"15303",6290855005,2016-05-05 18:00:00,33
"15304",6290855005,2016-05-05 19:00:00,0
"15305",6290855005,2016-05-05 20:00:00,0
"15306",6290855005,2016-05-05 21:00:00,0
"15307",6290855005,2016-05-05 22:00:00,0
"15308",6290855005,2016-05-05 23:00:00,0
"15309",6290855005,2016-05-06 00:00:00,0
"15310",6290855005,2016-05-06 01:00:00,0
"15311",6290855005,2016-05-06 02:00:00,0
"15312",6290855005,2016-05-06 03:00:00,0
"15313",6290855005,2016-05-06 04:00:00,0
"15314",6290855005,2016-05-06 05:00:00,21
"15315",6290855005,2016-05-06 06:00:00,134
"15316",6290855005,2016-05-06 07:00:00,1200
"15317",6290855005,2016-05-06 08:00:00,374
"15318",6290855005,2016-05-06 09:00:00,357
"15319",6290855005,2016-05-06 10:00:00,125
"15320",6290855005,2016-05-06 11:00:00,716
"15321",6290855005,2016-05-06 12:00:00,374
"15322",6290855005,2016-05-06 13:00:00,325
"15323",6290855005,2016-05-06 14:00:00,281
"15324",6290855005,2016-05-06 15:00:00,421
"15325",6290855005,2016-05-06 16:00:00,604
"15326",6290855005,2016-05-06 17:00:00,916
"15327",6290855005,2016-05-06 18:00:00,29
"15328",6290855005,2016-05-06 19:00:00,34
"15329",6290855005,2016-05-06 20:00:00,205
"15330",6290855005,2016-05-06 21:00:00,0
"15331",6290855005,2016-05-06 22:00:00,0
"15332",6290855005,2016-05-06 23:00:00,0
"15333",6290855005,2016-05-07 00:00:00,0
"15334",6290855005,2016-05-07 01:00:00,0
"15335",6290855005,2016-05-07 02:00:00,0
"15336",6290855005,2016-05-07 03:00:00,0
"15337",6290855005,2016-05-07 04:00:00,0
"15338",6290855005,2016-05-07 05:00:00,0
"15339",6290855005,2016-05-07 06:00:00,0
"15340",6290855005,2016-05-07 07:00:00,0
"15341",6290855005,2016-05-07 08:00:00,0
"15342",6290855005,2016-05-07 09:00:00,0
"15343",6290855005,2016-05-07 10:00:00,283
"15344",6290855005,2016-05-07 11:00:00,361
"15345",6290855005,2016-05-07 12:00:00,1242
"15346",6290855005,2016-05-07 13:00:00,682
"15347",6290855005,2016-05-07 14:00:00,496
"15348",6290855005,2016-05-07 15:00:00,1259
"15349",6290855005,2016-05-07 16:00:00,492
"15350",6290855005,2016-05-07 17:00:00,129
"15351",6290855005,2016-05-07 18:00:00,417
"15352",6290855005,2016-05-07 19:00:00,149
"15353",6290855005,2016-05-07 20:00:00,0
"15354",6290855005,2016-05-07 21:00:00,0
"15355",6290855005,2016-05-07 22:00:00,0
"15356",6290855005,2016-05-07 23:00:00,0
"15357",6290855005,2016-05-08 00:00:00,0
"15358",6290855005,2016-05-08 01:00:00,0
"15359",6290855005,2016-05-08 02:00:00,0
"15360",6290855005,2016-05-08 03:00:00,0
"15361",6290855005,2016-05-08 04:00:00,0
"15362",6290855005,2016-05-08 05:00:00,0
"15363",6290855005,2016-05-08 06:00:00,0
"15364",6290855005,2016-05-08 07:00:00,0
"15365",6290855005,2016-05-08 08:00:00,0
"15366",6290855005,2016-05-08 09:00:00,308
"15367",6290855005,2016-05-08 10:00:00,2117
"15368",6290855005,2016-05-08 11:00:00,1937
"15369",6290855005,2016-05-08 12:00:00,368
"15370",6290855005,2016-05-08 13:00:00,889
"15371",6290855005,2016-05-08 14:00:00,1218
"15372",6290855005,2016-05-08 15:00:00,247
"15373",6290855005,2016-05-08 16:00:00,57
"15374",6290855005,2016-05-08 17:00:00,368
"15375",6290855005,2016-05-08 18:00:00,87
"15376",6290855005,2016-05-08 19:00:00,110
"15377",6290855005,2016-05-08 20:00:00,0
"15378",6290855005,2016-05-08 21:00:00,0
"15379",6290855005,2016-05-08 22:00:00,0
"15380",6290855005,2016-05-08 23:00:00,0
"15381",6290855005,2016-05-09 00:00:00,0
"15382",6290855005,2016-05-09 01:00:00,0
"15383",6290855005,2016-05-09 02:00:00,0
"15384",6290855005,2016-05-09 03:00:00,0
"15385",6290855005,2016-05-09 04:00:00,0
"15386",6290855005,2016-05-09 05:00:00,0
"15387",6290855005,2016-05-09 06:00:00,296
"15388",6290855005,2016-05-09 07:00:00,650
"15389",6290855005,2016-05-09 08:00:00,812
"15390",6290855005,2016-05-09 09:00:00,686
"15391",6290855005,2016-05-09 10:00:00,194
"15392",6290855005,2016-05-09 11:00:00,235
"15393",6290855005,2016-05-09 12:00:00,358
"15394",6290855005,2016-05-09 13:00:00,1255
"15395",6290855005,2016-05-09 14:00:00,343
"15396",6290855005,2016-05-09 15:00:00,922
"15397",6290855005,2016-05-09 16:00:00,367
"15398",6775888955,2016-04-12 00:00:00,0
"15399",6775888955,2016-04-12 01:00:00,0
"15400",6775888955,2016-04-12 02:00:00,0
"15401",6775888955,2016-04-12 03:00:00,0
"15402",6775888955,2016-04-12 04:00:00,0
"15403",6775888955,2016-04-12 05:00:00,0
"15404",6775888955,2016-04-12 06:00:00,0
"15405",6775888955,2016-04-12 07:00:00,0
"15406",6775888955,2016-04-12 08:00:00,0
"15407",6775888955,2016-04-12 09:00:00,0
"15408",6775888955,2016-04-12 10:00:00,0
"15409",6775888955,2016-04-12 11:00:00,0
"15410",6775888955,2016-04-12 12:00:00,0
"15411",6775888955,2016-04-12 13:00:00,0
"15412",6775888955,2016-04-12 14:00:00,0
"15413",6775888955,2016-04-12 15:00:00,0
"15414",6775888955,2016-04-12 16:00:00,0
"15415",6775888955,2016-04-12 17:00:00,0
"15416",6775888955,2016-04-12 18:00:00,0
"15417",6775888955,2016-04-12 19:00:00,0
"15418",6775888955,2016-04-12 20:00:00,0
"15419",6775888955,2016-04-12 21:00:00,0
"15420",6775888955,2016-04-12 22:00:00,0
"15421",6775888955,2016-04-12 23:00:00,0
"15422",6775888955,2016-04-13 00:00:00,0
"15423",6775888955,2016-04-13 01:00:00,0
"15424",6775888955,2016-04-13 02:00:00,147
"15425",6775888955,2016-04-13 03:00:00,0
"15426",6775888955,2016-04-13 04:00:00,32
"15427",6775888955,2016-04-13 05:00:00,0
"15428",6775888955,2016-04-13 06:00:00,10
"15429",6775888955,2016-04-13 07:00:00,268
"15430",6775888955,2016-04-13 08:00:00,395
"15431",6775888955,2016-04-13 09:00:00,74
"15432",6775888955,2016-04-13 10:00:00,21
"15433",6775888955,2016-04-13 11:00:00,0
"15434",6775888955,2016-04-13 12:00:00,0
"15435",6775888955,2016-04-13 13:00:00,0
"15436",6775888955,2016-04-13 14:00:00,0
"15437",6775888955,2016-04-13 15:00:00,0
"15438",6775888955,2016-04-13 16:00:00,0
"15439",6775888955,2016-04-13 17:00:00,0
"15440",6775888955,2016-04-13 18:00:00,0
"15441",6775888955,2016-04-13 19:00:00,183
"15442",6775888955,2016-04-13 20:00:00,1131
"15443",6775888955,2016-04-13 21:00:00,119
"15444",6775888955,2016-04-13 22:00:00,1200
"15445",6775888955,2016-04-13 23:00:00,473
"15446",6775888955,2016-04-14 00:00:00,0
"15447",6775888955,2016-04-14 01:00:00,0
"15448",6775888955,2016-04-14 02:00:00,7
"15449",6775888955,2016-04-14 03:00:00,0
"15450",6775888955,2016-04-14 04:00:00,8
"15451",6775888955,2016-04-14 05:00:00,0
"15452",6775888955,2016-04-14 06:00:00,0
"15453",6775888955,2016-04-14 07:00:00,277
"15454",6775888955,2016-04-14 08:00:00,1196
"15455",6775888955,2016-04-14 09:00:00,55
"15456",6775888955,2016-04-14 10:00:00,241
"15457",6775888955,2016-04-14 11:00:00,44
"15458",6775888955,2016-04-14 12:00:00,650
"15459",6775888955,2016-04-14 13:00:00,0
"15460",6775888955,2016-04-14 14:00:00,0
"15461",6775888955,2016-04-14 15:00:00,0
"15462",6775888955,2016-04-14 16:00:00,0
"15463",6775888955,2016-04-14 17:00:00,0
"15464",6775888955,2016-04-14 18:00:00,0
"15465",6775888955,2016-04-14 19:00:00,0
"15466",6775888955,2016-04-14 20:00:00,1112
"15467",6775888955,2016-04-14 21:00:00,998
"15468",6775888955,2016-04-14 22:00:00,259
"15469",6775888955,2016-04-14 23:00:00,315
"15470",6775888955,2016-04-15 00:00:00,37
"15471",6775888955,2016-04-15 01:00:00,9
"15472",6775888955,2016-04-15 02:00:00,0
"15473",6775888955,2016-04-15 03:00:00,0
"15474",6775888955,2016-04-15 04:00:00,0
"15475",6775888955,2016-04-15 05:00:00,0
"15476",6775888955,2016-04-15 06:00:00,20
"15477",6775888955,2016-04-15 07:00:00,648
"15478",6775888955,2016-04-15 08:00:00,480
"15479",6775888955,2016-04-15 09:00:00,88
"15480",6775888955,2016-04-15 10:00:00,0
"15481",6775888955,2016-04-15 11:00:00,0
"15482",6775888955,2016-04-15 12:00:00,0
"15483",6775888955,2016-04-15 13:00:00,0
"15484",6775888955,2016-04-15 14:00:00,0
"15485",6775888955,2016-04-15 15:00:00,0
"15486",6775888955,2016-04-15 16:00:00,0
"15487",6775888955,2016-04-15 17:00:00,0
"15488",6775888955,2016-04-15 18:00:00,0
"15489",6775888955,2016-04-15 19:00:00,0
"15490",6775888955,2016-04-15 20:00:00,0
"15491",6775888955,2016-04-15 21:00:00,0
"15492",6775888955,2016-04-15 22:00:00,0
"15493",6775888955,2016-04-15 23:00:00,0
"15494",6775888955,2016-04-16 00:00:00,0
"15495",6775888955,2016-04-16 01:00:00,0
"15496",6775888955,2016-04-16 02:00:00,0
"15497",6775888955,2016-04-16 03:00:00,0
"15498",6775888955,2016-04-16 04:00:00,0
"15499",6775888955,2016-04-16 05:00:00,0
"15500",6775888955,2016-04-16 06:00:00,0
"15501",6775888955,2016-04-16 07:00:00,0
"15502",6775888955,2016-04-16 08:00:00,0
"15503",6775888955,2016-04-16 09:00:00,0
"15504",6775888955,2016-04-16 10:00:00,0
"15505",6775888955,2016-04-16 11:00:00,0
"15506",6775888955,2016-04-16 12:00:00,0
"15507",6775888955,2016-04-16 13:00:00,0
"15508",6775888955,2016-04-16 14:00:00,0
"15509",6775888955,2016-04-16 15:00:00,0
"15510",6775888955,2016-04-16 16:00:00,0
"15511",6775888955,2016-04-16 17:00:00,0
"15512",6775888955,2016-04-16 18:00:00,3629
"15513",6775888955,2016-04-16 19:00:00,1103
"15514",6775888955,2016-04-16 20:00:00,0
"15515",6775888955,2016-04-16 21:00:00,0
"15516",6775888955,2016-04-16 22:00:00,0
"15517",6775888955,2016-04-16 23:00:00,0
"15518",6775888955,2016-04-17 00:00:00,0
"15519",6775888955,2016-04-17 01:00:00,0
"15520",6775888955,2016-04-17 02:00:00,0
"15521",6775888955,2016-04-17 03:00:00,0
"15522",6775888955,2016-04-17 04:00:00,0
"15523",6775888955,2016-04-17 05:00:00,0
"15524",6775888955,2016-04-17 06:00:00,0
"15525",6775888955,2016-04-17 07:00:00,0
"15526",6775888955,2016-04-17 08:00:00,2303
"15527",6775888955,2016-04-17 09:00:00,194
"15528",6775888955,2016-04-17 10:00:00,0
"15529",6775888955,2016-04-17 11:00:00,0
"15530",6775888955,2016-04-17 12:00:00,0
"15531",6775888955,2016-04-17 13:00:00,0
"15532",6775888955,2016-04-17 14:00:00,0
"15533",6775888955,2016-04-17 15:00:00,0
"15534",6775888955,2016-04-17 16:00:00,0
"15535",6775888955,2016-04-17 17:00:00,0
"15536",6775888955,2016-04-17 18:00:00,0
"15537",6775888955,2016-04-17 19:00:00,0
"15538",6775888955,2016-04-17 20:00:00,0
"15539",6775888955,2016-04-17 21:00:00,0
"15540",6775888955,2016-04-17 22:00:00,0
"15541",6775888955,2016-04-17 23:00:00,0
"15542",6775888955,2016-04-18 00:00:00,0
"15543",6775888955,2016-04-18 01:00:00,0
"15544",6775888955,2016-04-18 02:00:00,0
"15545",6775888955,2016-04-18 03:00:00,0
"15546",6775888955,2016-04-18 04:00:00,0
"15547",6775888955,2016-04-18 05:00:00,0
"15548",6775888955,2016-04-18 06:00:00,0
"15549",6775888955,2016-04-18 07:00:00,0
"15550",6775888955,2016-04-18 08:00:00,0
"15551",6775888955,2016-04-18 09:00:00,9
"15552",6775888955,2016-04-18 10:00:00,311
"15553",6775888955,2016-04-18 11:00:00,1369
"15554",6775888955,2016-04-18 12:00:00,2492
"15555",6775888955,2016-04-18 13:00:00,1687
"15556",6775888955,2016-04-18 14:00:00,1652
"15557",6775888955,2016-04-18 15:00:00,774
"15558",6775888955,2016-04-18 16:00:00,0
"15559",6775888955,2016-04-18 17:00:00,0
"15560",6775888955,2016-04-18 18:00:00,0
"15561",6775888955,2016-04-18 19:00:00,0
"15562",6775888955,2016-04-18 20:00:00,0
"15563",6775888955,2016-04-18 21:00:00,0
"15564",6775888955,2016-04-18 22:00:00,0
"15565",6775888955,2016-04-18 23:00:00,0
"15566",6775888955,2016-04-19 00:00:00,0
"15567",6775888955,2016-04-19 01:00:00,0
"15568",6775888955,2016-04-19 02:00:00,0
"15569",6775888955,2016-04-19 03:00:00,0
"15570",6775888955,2016-04-19 04:00:00,0
"15571",6775888955,2016-04-19 05:00:00,0
"15572",6775888955,2016-04-19 06:00:00,0
"15573",6775888955,2016-04-19 07:00:00,0
"15574",6775888955,2016-04-19 08:00:00,0
"15575",6775888955,2016-04-19 09:00:00,0
"15576",6775888955,2016-04-19 10:00:00,0
"15577",6775888955,2016-04-19 11:00:00,0
"15578",6775888955,2016-04-19 12:00:00,0
"15579",6775888955,2016-04-19 13:00:00,0
"15580",6775888955,2016-04-19 14:00:00,0
"15581",6775888955,2016-04-19 15:00:00,0
"15582",6775888955,2016-04-19 16:00:00,0
"15583",6775888955,2016-04-19 17:00:00,0
"15584",6775888955,2016-04-19 18:00:00,0
"15585",6775888955,2016-04-19 19:00:00,0
"15586",6775888955,2016-04-19 20:00:00,0
"15587",6775888955,2016-04-19 21:00:00,0
"15588",6775888955,2016-04-19 22:00:00,0
"15589",6775888955,2016-04-19 23:00:00,0
"15590",6775888955,2016-04-20 00:00:00,0
"15591",6775888955,2016-04-20 01:00:00,0
"15592",6775888955,2016-04-20 02:00:00,0
"15593",6775888955,2016-04-20 03:00:00,0
"15594",6775888955,2016-04-20 04:00:00,0
"15595",6775888955,2016-04-20 05:00:00,0
"15596",6775888955,2016-04-20 06:00:00,858
"15597",6775888955,2016-04-20 07:00:00,1012
"15598",6775888955,2016-04-20 08:00:00,806
"15599",6775888955,2016-04-20 09:00:00,410
"15600",6775888955,2016-04-20 10:00:00,711
"15601",6775888955,2016-04-20 11:00:00,1135
"15602",6775888955,2016-04-20 12:00:00,1008
"15603",6775888955,2016-04-20 13:00:00,1334
"15604",6775888955,2016-04-20 14:00:00,990
"15605",6775888955,2016-04-20 15:00:00,392
"15606",6775888955,2016-04-20 16:00:00,1707
"15607",6775888955,2016-04-20 17:00:00,222
"15608",6775888955,2016-04-20 18:00:00,186
"15609",6775888955,2016-04-20 19:00:00,0
"15610",6775888955,2016-04-20 20:00:00,0
"15611",6775888955,2016-04-20 21:00:00,0
"15612",6775888955,2016-04-20 22:00:00,0
"15613",6775888955,2016-04-20 23:00:00,0
"15614",6775888955,2016-04-21 00:00:00,0
"15615",6775888955,2016-04-21 01:00:00,0
"15616",6775888955,2016-04-21 02:00:00,0
"15617",6775888955,2016-04-21 03:00:00,0
"15618",6775888955,2016-04-21 04:00:00,0
"15619",6775888955,2016-04-21 05:00:00,0
"15620",6775888955,2016-04-21 06:00:00,0
"15621",6775888955,2016-04-21 07:00:00,0
"15622",6775888955,2016-04-21 08:00:00,0
"15623",6775888955,2016-04-21 09:00:00,0
"15624",6775888955,2016-04-21 10:00:00,0
"15625",6775888955,2016-04-21 11:00:00,0
"15626",6775888955,2016-04-21 12:00:00,0
"15627",6775888955,2016-04-21 13:00:00,0
"15628",6775888955,2016-04-21 14:00:00,0
"15629",6775888955,2016-04-21 15:00:00,0
"15630",6775888955,2016-04-21 16:00:00,0
"15631",6775888955,2016-04-21 17:00:00,0
"15632",6775888955,2016-04-21 18:00:00,0
"15633",6775888955,2016-04-21 19:00:00,0
"15634",6775888955,2016-04-21 20:00:00,0
"15635",6775888955,2016-04-21 21:00:00,0
"15636",6775888955,2016-04-21 22:00:00,0
"15637",6775888955,2016-04-21 23:00:00,0
"15638",6775888955,2016-04-22 00:00:00,0
"15639",6775888955,2016-04-22 01:00:00,0
"15640",6775888955,2016-04-22 02:00:00,0
"15641",6775888955,2016-04-22 03:00:00,0
"15642",6775888955,2016-04-22 04:00:00,0
"15643",6775888955,2016-04-22 05:00:00,0
"15644",6775888955,2016-04-22 06:00:00,0
"15645",6775888955,2016-04-22 07:00:00,43
"15646",6775888955,2016-04-22 08:00:00,594
"15647",6775888955,2016-04-22 09:00:00,0
"15648",6775888955,2016-04-22 10:00:00,0
"15649",6775888955,2016-04-22 11:00:00,0
"15650",6775888955,2016-04-22 12:00:00,0
"15651",6775888955,2016-04-22 13:00:00,0
"15652",6775888955,2016-04-22 14:00:00,0
"15653",6775888955,2016-04-22 15:00:00,0
"15654",6775888955,2016-04-22 16:00:00,0
"15655",6775888955,2016-04-22 17:00:00,0
"15656",6775888955,2016-04-22 18:00:00,0
"15657",6775888955,2016-04-22 19:00:00,0
"15658",6775888955,2016-04-22 20:00:00,0
"15659",6775888955,2016-04-22 21:00:00,0
"15660",6775888955,2016-04-22 22:00:00,0
"15661",6775888955,2016-04-22 23:00:00,0
"15662",6775888955,2016-04-23 00:00:00,0
"15663",6775888955,2016-04-23 01:00:00,0
"15664",6775888955,2016-04-23 02:00:00,0
"15665",6775888955,2016-04-23 03:00:00,0
"15666",6775888955,2016-04-23 04:00:00,0
"15667",6775888955,2016-04-23 05:00:00,0
"15668",6775888955,2016-04-23 06:00:00,0
"15669",6775888955,2016-04-23 07:00:00,0
"15670",6775888955,2016-04-23 08:00:00,0
"15671",6775888955,2016-04-23 09:00:00,0
"15672",6775888955,2016-04-23 10:00:00,0
"15673",6775888955,2016-04-23 11:00:00,0
"15674",6775888955,2016-04-23 12:00:00,0
"15675",6775888955,2016-04-23 13:00:00,0
"15676",6775888955,2016-04-23 14:00:00,0
"15677",6775888955,2016-04-23 15:00:00,0
"15678",6775888955,2016-04-23 16:00:00,0
"15679",6775888955,2016-04-23 17:00:00,0
"15680",6775888955,2016-04-23 18:00:00,0
"15681",6775888955,2016-04-23 19:00:00,0
"15682",6775888955,2016-04-23 20:00:00,0
"15683",6775888955,2016-04-23 21:00:00,0
"15684",6775888955,2016-04-23 22:00:00,0
"15685",6775888955,2016-04-23 23:00:00,0
"15686",6775888955,2016-04-24 00:00:00,0
"15687",6775888955,2016-04-24 01:00:00,0
"15688",6775888955,2016-04-24 02:00:00,0
"15689",6775888955,2016-04-24 03:00:00,0
"15690",6775888955,2016-04-24 04:00:00,0
"15691",6775888955,2016-04-24 05:00:00,0
"15692",6775888955,2016-04-24 06:00:00,0
"15693",6775888955,2016-04-24 07:00:00,0
"15694",6775888955,2016-04-24 08:00:00,0
"15695",6775888955,2016-04-24 09:00:00,0
"15696",6775888955,2016-04-24 10:00:00,0
"15697",6775888955,2016-04-24 11:00:00,742
"15698",6775888955,2016-04-24 12:00:00,0
"15699",6775888955,2016-04-24 13:00:00,0
"15700",6775888955,2016-04-24 14:00:00,0
"15701",6775888955,2016-04-24 15:00:00,0
"15702",6775888955,2016-04-24 16:00:00,0
"15703",6775888955,2016-04-24 17:00:00,0
"15704",6775888955,2016-04-24 18:00:00,1411
"15705",6775888955,2016-04-24 19:00:00,0
"15706",6775888955,2016-04-24 20:00:00,0
"15707",6775888955,2016-04-24 21:00:00,0
"15708",6775888955,2016-04-24 22:00:00,0
"15709",6775888955,2016-04-24 23:00:00,0
"15710",6775888955,2016-04-25 00:00:00,0
"15711",6775888955,2016-04-25 01:00:00,0
"15712",6775888955,2016-04-25 02:00:00,0
"15713",6775888955,2016-04-25 03:00:00,0
"15714",6775888955,2016-04-25 04:00:00,0
"15715",6775888955,2016-04-25 05:00:00,0
"15716",6775888955,2016-04-25 06:00:00,0
"15717",6775888955,2016-04-25 07:00:00,0
"15718",6775888955,2016-04-25 08:00:00,0
"15719",6775888955,2016-04-25 09:00:00,1272
"15720",6775888955,2016-04-25 10:00:00,719
"15721",6775888955,2016-04-25 11:00:00,1008
"15722",6775888955,2016-04-25 12:00:00,2719
"15723",6775888955,2016-04-25 13:00:00,745
"15724",6775888955,2016-04-25 14:00:00,0
"15725",6775888955,2016-04-25 15:00:00,0
"15726",6775888955,2016-04-25 16:00:00,0
"15727",6775888955,2016-04-25 17:00:00,0
"15728",6775888955,2016-04-25 18:00:00,0
"15729",6775888955,2016-04-25 19:00:00,0
"15730",6775888955,2016-04-25 20:00:00,0
"15731",6775888955,2016-04-25 21:00:00,0
"15732",6775888955,2016-04-25 22:00:00,0
"15733",6775888955,2016-04-25 23:00:00,0
"15734",6775888955,2016-04-26 00:00:00,0
"15735",6775888955,2016-04-26 01:00:00,0
"15736",6775888955,2016-04-26 02:00:00,0
"15737",6775888955,2016-04-26 03:00:00,0
"15738",6775888955,2016-04-26 04:00:00,0
"15739",6775888955,2016-04-26 05:00:00,2127
"15740",6775888955,2016-04-26 06:00:00,3241
"15741",6775888955,2016-04-26 07:00:00,0
"15742",6775888955,2016-04-26 08:00:00,755
"15743",6775888955,2016-04-26 09:00:00,74
"15744",6775888955,2016-04-26 10:00:00,0
"15745",6775888955,2016-04-26 11:00:00,0
"15746",6775888955,2016-04-26 12:00:00,0
"15747",6775888955,2016-04-26 13:00:00,0
"15748",6775888955,2016-04-26 14:00:00,0
"15749",6775888955,2016-04-26 15:00:00,0
"15750",6775888955,2016-04-26 16:00:00,0
"15751",6775888955,2016-04-26 17:00:00,0
"15752",6775888955,2016-04-26 18:00:00,281
"15753",6775888955,2016-04-26 19:00:00,613
"15754",6775888955,2016-04-26 20:00:00,0
"15755",6775888955,2016-04-26 21:00:00,0
"15756",6775888955,2016-04-26 22:00:00,0
"15757",6775888955,2016-04-26 23:00:00,0
"15758",6775888955,2016-04-27 00:00:00,0
"15759",6775888955,2016-04-27 01:00:00,0
"15760",6775888955,2016-04-27 02:00:00,0
"15761",6775888955,2016-04-27 03:00:00,0
"15762",6775888955,2016-04-27 04:00:00,0
"15763",6775888955,2016-04-27 05:00:00,0
"15764",6775888955,2016-04-27 06:00:00,0
"15765",6775888955,2016-04-27 07:00:00,0
"15766",6775888955,2016-04-27 08:00:00,0
"15767",6775888955,2016-04-27 09:00:00,0
"15768",6775888955,2016-04-27 10:00:00,0
"15769",6775888955,2016-04-27 11:00:00,0
"15770",6775888955,2016-04-27 12:00:00,0
"15771",6775888955,2016-04-27 13:00:00,0
"15772",6775888955,2016-04-27 14:00:00,0
"15773",6775888955,2016-04-27 15:00:00,0
"15774",6775888955,2016-04-27 16:00:00,0
"15775",6775888955,2016-04-27 17:00:00,0
"15776",6775888955,2016-04-27 18:00:00,0
"15777",6775888955,2016-04-27 19:00:00,0
"15778",6775888955,2016-04-27 20:00:00,0
"15779",6775888955,2016-04-27 21:00:00,0
"15780",6775888955,2016-04-27 22:00:00,0
"15781",6775888955,2016-04-27 23:00:00,0
"15782",6775888955,2016-04-28 00:00:00,0
"15783",6775888955,2016-04-28 01:00:00,0
"15784",6775888955,2016-04-28 02:00:00,0
"15785",6775888955,2016-04-28 03:00:00,0
"15786",6775888955,2016-04-28 04:00:00,0
"15787",6775888955,2016-04-28 05:00:00,0
"15788",6775888955,2016-04-28 06:00:00,0
"15789",6775888955,2016-04-28 07:00:00,0
"15790",6775888955,2016-04-28 08:00:00,0
"15791",6775888955,2016-04-28 09:00:00,0
"15792",6775888955,2016-04-28 10:00:00,0
"15793",6775888955,2016-04-28 11:00:00,0
"15794",6775888955,2016-04-28 12:00:00,0
"15795",6775888955,2016-04-28 13:00:00,88
"15796",6775888955,2016-04-28 14:00:00,615
"15797",6775888955,2016-04-28 15:00:00,0
"15798",6775888955,2016-04-28 16:00:00,0
"15799",6775888955,2016-04-28 17:00:00,0
"15800",6775888955,2016-04-28 18:00:00,0
"15801",6775888955,2016-04-28 19:00:00,0
"15802",6775888955,2016-04-28 20:00:00,0
"15803",6775888955,2016-04-28 21:00:00,0
"15804",6775888955,2016-04-28 22:00:00,0
"15805",6775888955,2016-04-28 23:00:00,0
"15806",6775888955,2016-04-29 00:00:00,0
"15807",6775888955,2016-04-29 01:00:00,0
"15808",6775888955,2016-04-29 02:00:00,0
"15809",6775888955,2016-04-29 03:00:00,0
"15810",6775888955,2016-04-29 04:00:00,0
"15811",6775888955,2016-04-29 05:00:00,0
"15812",6775888955,2016-04-29 06:00:00,0
"15813",6775888955,2016-04-29 07:00:00,0
"15814",6775888955,2016-04-29 08:00:00,0
"15815",6775888955,2016-04-29 09:00:00,0
"15816",6775888955,2016-04-29 10:00:00,0
"15817",6775888955,2016-04-29 11:00:00,0
"15818",6775888955,2016-04-29 12:00:00,0
"15819",6775888955,2016-04-29 13:00:00,0
"15820",6775888955,2016-04-29 14:00:00,0
"15821",6775888955,2016-04-29 15:00:00,0
"15822",6775888955,2016-04-29 16:00:00,0
"15823",6775888955,2016-04-29 17:00:00,0
"15824",6775888955,2016-04-29 18:00:00,0
"15825",6775888955,2016-04-29 19:00:00,0
"15826",6775888955,2016-04-29 20:00:00,0
"15827",6775888955,2016-04-29 21:00:00,0
"15828",6775888955,2016-04-29 22:00:00,0
"15829",6775888955,2016-04-29 23:00:00,0
"15830",6775888955,2016-04-30 00:00:00,0
"15831",6775888955,2016-04-30 01:00:00,0
"15832",6775888955,2016-04-30 02:00:00,0
"15833",6775888955,2016-04-30 03:00:00,0
"15834",6775888955,2016-04-30 04:00:00,0
"15835",6775888955,2016-04-30 05:00:00,0
"15836",6775888955,2016-04-30 06:00:00,0
"15837",6775888955,2016-04-30 07:00:00,0
"15838",6775888955,2016-04-30 08:00:00,0
"15839",6775888955,2016-04-30 09:00:00,0
"15840",6775888955,2016-04-30 10:00:00,0
"15841",6775888955,2016-04-30 11:00:00,0
"15842",6775888955,2016-04-30 12:00:00,0
"15843",6775888955,2016-04-30 13:00:00,0
"15844",6775888955,2016-04-30 14:00:00,0
"15845",6775888955,2016-04-30 15:00:00,0
"15846",6775888955,2016-04-30 16:00:00,0
"15847",6775888955,2016-04-30 17:00:00,0
"15848",6775888955,2016-04-30 18:00:00,0
"15849",6775888955,2016-04-30 19:00:00,715
"15850",6775888955,2016-04-30 20:00:00,5
"15851",6775888955,2016-04-30 21:00:00,828
"15852",6775888955,2016-04-30 22:00:00,270
"15853",6775888955,2016-04-30 23:00:00,685
"15854",6775888955,2016-05-01 00:00:00,422
"15855",6775888955,2016-05-01 01:00:00,0
"15856",6775888955,2016-05-01 02:00:00,0
"15857",6775888955,2016-05-01 03:00:00,0
"15858",6775888955,2016-05-01 04:00:00,0
"15859",6775888955,2016-05-01 05:00:00,0
"15860",6775888955,2016-05-01 06:00:00,0
"15861",6775888955,2016-05-01 07:00:00,0
"15862",6775888955,2016-05-01 08:00:00,0
"15863",6775888955,2016-05-01 09:00:00,0
"15864",6775888955,2016-05-01 10:00:00,0
"15865",6775888955,2016-05-01 11:00:00,0
"15866",6775888955,2016-05-01 12:00:00,550
"15867",6775888955,2016-05-01 13:00:00,305
"15868",6775888955,2016-05-01 14:00:00,0
"15869",6775888955,2016-05-01 15:00:00,0
"15870",6775888955,2016-05-01 16:00:00,208
"15871",6775888955,2016-05-01 17:00:00,1002
"15872",6775888955,2016-05-01 18:00:00,0
"15873",6775888955,2016-05-01 19:00:00,0
"15874",6775888955,2016-05-01 20:00:00,0
"15875",6775888955,2016-05-01 21:00:00,0
"15876",6775888955,2016-05-01 22:00:00,0
"15877",6775888955,2016-05-01 23:00:00,0
"15878",6775888955,2016-05-02 00:00:00,0
"15879",6775888955,2016-05-02 01:00:00,0
"15880",6775888955,2016-05-02 02:00:00,0
"15881",6775888955,2016-05-02 03:00:00,0
"15882",6775888955,2016-05-02 04:00:00,0
"15883",6775888955,2016-05-02 05:00:00,0
"15884",6775888955,2016-05-02 06:00:00,0
"15885",6775888955,2016-05-02 07:00:00,0
"15886",6775888955,2016-05-02 08:00:00,0
"15887",6775888955,2016-05-02 09:00:00,0
"15888",6775888955,2016-05-02 10:00:00,0
"15889",6775888955,2016-05-02 11:00:00,0
"15890",6775888955,2016-05-02 12:00:00,0
"15891",6775888955,2016-05-02 13:00:00,0
"15892",6775888955,2016-05-02 14:00:00,0
"15893",6775888955,2016-05-02 15:00:00,0
"15894",6775888955,2016-05-02 16:00:00,0
"15895",6775888955,2016-05-02 17:00:00,0
"15896",6775888955,2016-05-02 18:00:00,0
"15897",6775888955,2016-05-02 19:00:00,0
"15898",6775888955,2016-05-02 20:00:00,0
"15899",6775888955,2016-05-02 21:00:00,0
"15900",6775888955,2016-05-02 22:00:00,0
"15901",6775888955,2016-05-02 23:00:00,0
"15902",6775888955,2016-05-03 00:00:00,0
"15903",6775888955,2016-05-03 01:00:00,0
"15904",6775888955,2016-05-03 02:00:00,0
"15905",6775888955,2016-05-03 03:00:00,0
"15906",6775888955,2016-05-03 04:00:00,0
"15907",6775888955,2016-05-03 05:00:00,0
"15908",6775888955,2016-05-03 06:00:00,0
"15909",6775888955,2016-05-03 07:00:00,0
"15910",6775888955,2016-05-03 08:00:00,0
"15911",6775888955,2016-05-03 09:00:00,0
"15912",6775888955,2016-05-03 10:00:00,0
"15913",6775888955,2016-05-03 11:00:00,0
"15914",6775888955,2016-05-03 12:00:00,0
"15915",6775888955,2016-05-03 13:00:00,0
"15916",6775888955,2016-05-03 14:00:00,0
"15917",6775888955,2016-05-03 15:00:00,0
"15918",6775888955,2016-05-03 16:00:00,0
"15919",6775888955,2016-05-03 17:00:00,0
"15920",6775888955,2016-05-03 18:00:00,0
"15921",6775888955,2016-05-03 19:00:00,0
"15922",6775888955,2016-05-03 20:00:00,0
"15923",6775888955,2016-05-03 21:00:00,0
"15924",6775888955,2016-05-03 22:00:00,9
"15925",6775888955,2016-05-03 23:00:00,0
"15926",6775888955,2016-05-04 00:00:00,0
"15927",6775888955,2016-05-04 01:00:00,0
"15928",6775888955,2016-05-04 02:00:00,0
"15929",6775888955,2016-05-04 03:00:00,0
"15930",6775888955,2016-05-04 04:00:00,0
"15931",6775888955,2016-05-04 05:00:00,0
"15932",6775888955,2016-05-04 06:00:00,0
"15933",6775888955,2016-05-04 07:00:00,0
"15934",6775888955,2016-05-04 08:00:00,0
"15935",6775888955,2016-05-04 09:00:00,0
"15936",6775888955,2016-05-04 10:00:00,0
"15937",6775888955,2016-05-04 11:00:00,0
"15938",6775888955,2016-05-04 12:00:00,0
"15939",6775888955,2016-05-04 13:00:00,0
"15940",6775888955,2016-05-04 14:00:00,0
"15941",6775888955,2016-05-04 15:00:00,0
"15942",6775888955,2016-05-04 16:00:00,0
"15943",6775888955,2016-05-04 17:00:00,0
"15944",6775888955,2016-05-04 18:00:00,0
"15945",6775888955,2016-05-04 19:00:00,0
"15946",6775888955,2016-05-04 20:00:00,0
"15947",6775888955,2016-05-04 21:00:00,0
"15948",6775888955,2016-05-04 22:00:00,0
"15949",6775888955,2016-05-04 23:00:00,0
"15950",6775888955,2016-05-05 00:00:00,0
"15951",6775888955,2016-05-05 01:00:00,0
"15952",6775888955,2016-05-05 02:00:00,0
"15953",6775888955,2016-05-05 03:00:00,0
"15954",6775888955,2016-05-05 04:00:00,0
"15955",6775888955,2016-05-05 05:00:00,0
"15956",6775888955,2016-05-05 06:00:00,0
"15957",6775888955,2016-05-05 07:00:00,0
"15958",6775888955,2016-05-05 08:00:00,0
"15959",6775888955,2016-05-05 09:00:00,0
"15960",6775888955,2016-05-05 10:00:00,0
"15961",6775888955,2016-05-05 11:00:00,0
"15962",6775888955,2016-05-05 12:00:00,0
"15963",6775888955,2016-05-05 13:00:00,0
"15964",6775888955,2016-05-05 14:00:00,0
"15965",6775888955,2016-05-05 15:00:00,0
"15966",6775888955,2016-05-05 16:00:00,0
"15967",6775888955,2016-05-05 17:00:00,0
"15968",6775888955,2016-05-05 18:00:00,0
"15969",6775888955,2016-05-05 19:00:00,0
"15970",6775888955,2016-05-05 20:00:00,0
"15971",6775888955,2016-05-05 21:00:00,0
"15972",6775888955,2016-05-05 22:00:00,0
"15973",6775888955,2016-05-05 23:00:00,0
"15974",6775888955,2016-05-06 00:00:00,0
"15975",6775888955,2016-05-06 01:00:00,0
"15976",6775888955,2016-05-06 02:00:00,0
"15977",6775888955,2016-05-06 03:00:00,0
"15978",6775888955,2016-05-06 04:00:00,0
"15979",6775888955,2016-05-06 05:00:00,0
"15980",6775888955,2016-05-06 06:00:00,0
"15981",6775888955,2016-05-06 07:00:00,0
"15982",6775888955,2016-05-06 08:00:00,0
"15983",6775888955,2016-05-06 09:00:00,0
"15984",6775888955,2016-05-06 10:00:00,0
"15985",6775888955,2016-05-06 11:00:00,0
"15986",6775888955,2016-05-06 12:00:00,0
"15987",6775888955,2016-05-06 13:00:00,0
"15988",6775888955,2016-05-06 14:00:00,0
"15989",6775888955,2016-05-06 15:00:00,0
"15990",6775888955,2016-05-06 16:00:00,0
"15991",6775888955,2016-05-06 17:00:00,0
"15992",6775888955,2016-05-06 18:00:00,614
"15993",6775888955,2016-05-06 19:00:00,338
"15994",6775888955,2016-05-06 20:00:00,596
"15995",6775888955,2016-05-06 21:00:00,1500
"15996",6775888955,2016-05-06 22:00:00,1021
"15997",6775888955,2016-05-06 23:00:00,573
"15998",6775888955,2016-05-07 00:00:00,557
"15999",6775888955,2016-05-07 01:00:00,0
"16000",6775888955,2016-05-07 02:00:00,0
"16001",6775888955,2016-05-07 03:00:00,0
"16002",6775888955,2016-05-07 04:00:00,0
"16003",6775888955,2016-05-07 05:00:00,0
"16004",6775888955,2016-05-07 06:00:00,0
"16005",6775888955,2016-05-07 07:00:00,585
"16006",6775888955,2016-05-07 08:00:00,738
"16007",6775888955,2016-05-07 09:00:00,12
"16008",6962181067,2016-04-12 00:00:00,32
"16009",6962181067,2016-04-12 01:00:00,0
"16010",6962181067,2016-04-12 02:00:00,0
"16011",6962181067,2016-04-12 03:00:00,0
"16012",6962181067,2016-04-12 04:00:00,0
"16013",6962181067,2016-04-12 05:00:00,0
"16014",6962181067,2016-04-12 06:00:00,21
"16015",6962181067,2016-04-12 07:00:00,412
"16016",6962181067,2016-04-12 08:00:00,156
"16017",6962181067,2016-04-12 09:00:00,2812
"16018",6962181067,2016-04-12 10:00:00,2477
"16019",6962181067,2016-04-12 11:00:00,431
"16020",6962181067,2016-04-12 12:00:00,128
"16021",6962181067,2016-04-12 13:00:00,26
"16022",6962181067,2016-04-12 14:00:00,76
"16023",6962181067,2016-04-12 15:00:00,214
"16024",6962181067,2016-04-12 16:00:00,382
"16025",6962181067,2016-04-12 17:00:00,333
"16026",6962181067,2016-04-12 18:00:00,936
"16027",6962181067,2016-04-12 19:00:00,1717
"16028",6962181067,2016-04-12 20:00:00,0
"16029",6962181067,2016-04-12 21:00:00,0
"16030",6962181067,2016-04-12 22:00:00,4
"16031",6962181067,2016-04-12 23:00:00,42
"16032",6962181067,2016-04-13 00:00:00,16
"16033",6962181067,2016-04-13 01:00:00,34
"16034",6962181067,2016-04-13 02:00:00,0
"16035",6962181067,2016-04-13 03:00:00,9
"16036",6962181067,2016-04-13 04:00:00,27
"16037",6962181067,2016-04-13 05:00:00,0
"16038",6962181067,2016-04-13 06:00:00,0
"16039",6962181067,2016-04-13 07:00:00,0
"16040",6962181067,2016-04-13 08:00:00,54
"16041",6962181067,2016-04-13 09:00:00,51
"16042",6962181067,2016-04-13 10:00:00,0
"16043",6962181067,2016-04-13 11:00:00,0
"16044",6962181067,2016-04-13 12:00:00,108
"16045",6962181067,2016-04-13 13:00:00,81
"16046",6962181067,2016-04-13 14:00:00,45
"16047",6962181067,2016-04-13 15:00:00,616
"16048",6962181067,2016-04-13 16:00:00,197
"16049",6962181067,2016-04-13 17:00:00,1754
"16050",6962181067,2016-04-13 18:00:00,1696
"16051",6962181067,2016-04-13 19:00:00,78
"16052",6962181067,2016-04-13 20:00:00,658
"16053",6962181067,2016-04-13 21:00:00,18
"16054",6962181067,2016-04-13 22:00:00,185
"16055",6962181067,2016-04-13 23:00:00,25
"16056",6962181067,2016-04-14 00:00:00,0
"16057",6962181067,2016-04-14 01:00:00,29
"16058",6962181067,2016-04-14 02:00:00,0
"16059",6962181067,2016-04-14 03:00:00,8
"16060",6962181067,2016-04-14 04:00:00,0
"16061",6962181067,2016-04-14 05:00:00,0
"16062",6962181067,2016-04-14 06:00:00,34
"16063",6962181067,2016-04-14 07:00:00,0
"16064",6962181067,2016-04-14 08:00:00,116
"16065",6962181067,2016-04-14 09:00:00,293
"16066",6962181067,2016-04-14 10:00:00,4
"16067",6962181067,2016-04-14 11:00:00,54
"16068",6962181067,2016-04-14 12:00:00,171
"16069",6962181067,2016-04-14 13:00:00,33
"16070",6962181067,2016-04-14 14:00:00,30
"16071",6962181067,2016-04-14 15:00:00,177
"16072",6962181067,2016-04-14 16:00:00,60
"16073",6962181067,2016-04-14 17:00:00,215
"16074",6962181067,2016-04-14 18:00:00,24
"16075",6962181067,2016-04-14 19:00:00,24
"16076",6962181067,2016-04-14 20:00:00,107
"16077",6962181067,2016-04-14 21:00:00,0
"16078",6962181067,2016-04-14 22:00:00,165
"16079",6962181067,2016-04-14 23:00:00,7
"16080",6962181067,2016-04-15 00:00:00,36
"16081",6962181067,2016-04-15 01:00:00,0
"16082",6962181067,2016-04-15 02:00:00,0
"16083",6962181067,2016-04-15 03:00:00,7
"16084",6962181067,2016-04-15 04:00:00,0
"16085",6962181067,2016-04-15 05:00:00,0
"16086",6962181067,2016-04-15 06:00:00,26
"16087",6962181067,2016-04-15 07:00:00,1158
"16088",6962181067,2016-04-15 08:00:00,551
"16089",6962181067,2016-04-15 09:00:00,1109
"16090",6962181067,2016-04-15 10:00:00,19
"16091",6962181067,2016-04-15 11:00:00,1151
"16092",6962181067,2016-04-15 12:00:00,444
"16093",6962181067,2016-04-15 13:00:00,0
"16094",6962181067,2016-04-15 14:00:00,207
"16095",6962181067,2016-04-15 15:00:00,43
"16096",6962181067,2016-04-15 16:00:00,0
"16097",6962181067,2016-04-15 17:00:00,82
"16098",6962181067,2016-04-15 18:00:00,557
"16099",6962181067,2016-04-15 19:00:00,41
"16100",6962181067,2016-04-15 20:00:00,61
"16101",6962181067,2016-04-15 21:00:00,0
"16102",6962181067,2016-04-15 22:00:00,47
"16103",6962181067,2016-04-15 23:00:00,24
"16104",6962181067,2016-04-16 00:00:00,6
"16105",6962181067,2016-04-16 01:00:00,22
"16106",6962181067,2016-04-16 02:00:00,0
"16107",6962181067,2016-04-16 03:00:00,6
"16108",6962181067,2016-04-16 04:00:00,0
"16109",6962181067,2016-04-16 05:00:00,0
"16110",6962181067,2016-04-16 06:00:00,0
"16111",6962181067,2016-04-16 07:00:00,79
"16112",6962181067,2016-04-16 08:00:00,902
"16113",6962181067,2016-04-16 09:00:00,5692
"16114",6962181067,2016-04-16 10:00:00,837
"16115",6962181067,2016-04-16 11:00:00,925
"16116",6962181067,2016-04-16 12:00:00,632
"16117",6962181067,2016-04-16 13:00:00,187
"16118",6962181067,2016-04-16 14:00:00,17
"16119",6962181067,2016-04-16 15:00:00,504
"16120",6962181067,2016-04-16 16:00:00,273
"16121",6962181067,2016-04-16 17:00:00,538
"16122",6962181067,2016-04-16 18:00:00,569
"16123",6962181067,2016-04-16 19:00:00,1274
"16124",6962181067,2016-04-16 20:00:00,635
"16125",6962181067,2016-04-16 21:00:00,0
"16126",6962181067,2016-04-16 22:00:00,72
"16127",6962181067,2016-04-16 23:00:00,47
"16128",6962181067,2016-04-17 00:00:00,5
"16129",6962181067,2016-04-17 01:00:00,0
"16130",6962181067,2016-04-17 02:00:00,30
"16131",6962181067,2016-04-17 03:00:00,0
"16132",6962181067,2016-04-17 04:00:00,0
"16133",6962181067,2016-04-17 05:00:00,0
"16134",6962181067,2016-04-17 06:00:00,0
"16135",6962181067,2016-04-17 07:00:00,201
"16136",6962181067,2016-04-17 08:00:00,1055
"16137",6962181067,2016-04-17 09:00:00,112
"16138",6962181067,2016-04-17 10:00:00,1095
"16139",6962181067,2016-04-17 11:00:00,353
"16140",6962181067,2016-04-17 12:00:00,1095
"16141",6962181067,2016-04-17 13:00:00,292
"16142",6962181067,2016-04-17 14:00:00,153
"16143",6962181067,2016-04-17 15:00:00,2012
"16144",6962181067,2016-04-17 16:00:00,1125
"16145",6962181067,2016-04-17 17:00:00,502
"16146",6962181067,2016-04-17 18:00:00,1035
"16147",6962181067,2016-04-17 19:00:00,1038
"16148",6962181067,2016-04-17 20:00:00,0
"16149",6962181067,2016-04-17 21:00:00,0
"16150",6962181067,2016-04-17 22:00:00,42
"16151",6962181067,2016-04-17 23:00:00,0
"16152",6962181067,2016-04-18 00:00:00,0
"16153",6962181067,2016-04-18 01:00:00,0
"16154",6962181067,2016-04-18 02:00:00,0
"16155",6962181067,2016-04-18 03:00:00,22
"16156",6962181067,2016-04-18 04:00:00,0
"16157",6962181067,2016-04-18 05:00:00,0
"16158",6962181067,2016-04-18 06:00:00,12
"16159",6962181067,2016-04-18 07:00:00,586
"16160",6962181067,2016-04-18 08:00:00,456
"16161",6962181067,2016-04-18 09:00:00,215
"16162",6962181067,2016-04-18 10:00:00,304
"16163",6962181067,2016-04-18 11:00:00,4988
"16164",6962181067,2016-04-18 12:00:00,1276
"16165",6962181067,2016-04-18 13:00:00,67
"16166",6962181067,2016-04-18 14:00:00,0
"16167",6962181067,2016-04-18 15:00:00,687
"16168",6962181067,2016-04-18 16:00:00,1162
"16169",6962181067,2016-04-18 17:00:00,696
"16170",6962181067,2016-04-18 18:00:00,278
"16171",6962181067,2016-04-18 19:00:00,602
"16172",6962181067,2016-04-18 20:00:00,0
"16173",6962181067,2016-04-18 21:00:00,0
"16174",6962181067,2016-04-18 22:00:00,48
"16175",6962181067,2016-04-18 23:00:00,5
"16176",6962181067,2016-04-19 00:00:00,6
"16177",6962181067,2016-04-19 01:00:00,0
"16178",6962181067,2016-04-19 02:00:00,23
"16179",6962181067,2016-04-19 03:00:00,0
"16180",6962181067,2016-04-19 04:00:00,0
"16181",6962181067,2016-04-19 05:00:00,0
"16182",6962181067,2016-04-19 06:00:00,0
"16183",6962181067,2016-04-19 07:00:00,0
"16184",6962181067,2016-04-19 08:00:00,659
"16185",6962181067,2016-04-19 09:00:00,1360
"16186",6962181067,2016-04-19 10:00:00,4083
"16187",6962181067,2016-04-19 11:00:00,94
"16188",6962181067,2016-04-19 12:00:00,45
"16189",6962181067,2016-04-19 13:00:00,258
"16190",6962181067,2016-04-19 14:00:00,40
"16191",6962181067,2016-04-19 15:00:00,921
"16192",6962181067,2016-04-19 16:00:00,1510
"16193",6962181067,2016-04-19 17:00:00,1284
"16194",6962181067,2016-04-19 18:00:00,170
"16195",6962181067,2016-04-19 19:00:00,143
"16196",6962181067,2016-04-19 20:00:00,87
"16197",6962181067,2016-04-19 21:00:00,22
"16198",6962181067,2016-04-19 22:00:00,6
"16199",6962181067,2016-04-19 23:00:00,31
"16200",6962181067,2016-04-20 00:00:00,0
"16201",6962181067,2016-04-20 01:00:00,0
"16202",6962181067,2016-04-20 02:00:00,0
"16203",6962181067,2016-04-20 03:00:00,0
"16204",6962181067,2016-04-20 04:00:00,0
"16205",6962181067,2016-04-20 05:00:00,0
"16206",6962181067,2016-04-20 06:00:00,0
"16207",6962181067,2016-04-20 07:00:00,625
"16208",6962181067,2016-04-20 08:00:00,735
"16209",6962181067,2016-04-20 09:00:00,3837
"16210",6962181067,2016-04-20 10:00:00,3089
"16211",6962181067,2016-04-20 11:00:00,693
"16212",6962181067,2016-04-20 12:00:00,2022
"16213",6962181067,2016-04-20 13:00:00,0
"16214",6962181067,2016-04-20 14:00:00,194
"16215",6962181067,2016-04-20 15:00:00,1397
"16216",6962181067,2016-04-20 16:00:00,4
"16217",6962181067,2016-04-20 17:00:00,254
"16218",6962181067,2016-04-20 18:00:00,411
"16219",6962181067,2016-04-20 19:00:00,65
"16220",6962181067,2016-04-20 20:00:00,525
"16221",6962181067,2016-04-20 21:00:00,14
"16222",6962181067,2016-04-20 22:00:00,51
"16223",6962181067,2016-04-20 23:00:00,12
"16224",6962181067,2016-04-21 00:00:00,0
"16225",6962181067,2016-04-21 01:00:00,0
"16226",6962181067,2016-04-21 02:00:00,0
"16227",6962181067,2016-04-21 03:00:00,0
"16228",6962181067,2016-04-21 04:00:00,0
"16229",6962181067,2016-04-21 05:00:00,4
"16230",6962181067,2016-04-21 06:00:00,0
"16231",6962181067,2016-04-21 07:00:00,815
"16232",6962181067,2016-04-21 08:00:00,240
"16233",6962181067,2016-04-21 09:00:00,1802
"16234",6962181067,2016-04-21 10:00:00,3120
"16235",6962181067,2016-04-21 11:00:00,667
"16236",6962181067,2016-04-21 12:00:00,3935
"16237",6962181067,2016-04-21 13:00:00,0
"16238",6962181067,2016-04-21 14:00:00,95
"16239",6962181067,2016-04-21 15:00:00,9
"16240",6962181067,2016-04-21 16:00:00,564
"16241",6962181067,2016-04-21 17:00:00,155
"16242",6962181067,2016-04-21 18:00:00,383
"16243",6962181067,2016-04-21 19:00:00,6
"16244",6962181067,2016-04-21 20:00:00,20
"16245",6962181067,2016-04-21 21:00:00,0
"16246",6962181067,2016-04-21 22:00:00,20
"16247",6962181067,2016-04-21 23:00:00,0
"16248",6962181067,2016-04-22 00:00:00,0
"16249",6962181067,2016-04-22 01:00:00,0
"16250",6962181067,2016-04-22 02:00:00,0
"16251",6962181067,2016-04-22 03:00:00,0
"16252",6962181067,2016-04-22 04:00:00,0
"16253",6962181067,2016-04-22 05:00:00,0
"16254",6962181067,2016-04-22 06:00:00,7
"16255",6962181067,2016-04-22 07:00:00,818
"16256",6962181067,2016-04-22 08:00:00,180
"16257",6962181067,2016-04-22 09:00:00,3301
"16258",6962181067,2016-04-22 10:00:00,755
"16259",6962181067,2016-04-22 11:00:00,788
"16260",6962181067,2016-04-22 12:00:00,2193
"16261",6962181067,2016-04-22 13:00:00,17
"16262",6962181067,2016-04-22 14:00:00,271
"16263",6962181067,2016-04-22 15:00:00,170
"16264",6962181067,2016-04-22 16:00:00,716
"16265",6962181067,2016-04-22 17:00:00,579
"16266",6962181067,2016-04-22 18:00:00,338
"16267",6962181067,2016-04-22 19:00:00,495
"16268",6962181067,2016-04-22 20:00:00,29
"16269",6962181067,2016-04-22 21:00:00,36
"16270",6962181067,2016-04-22 22:00:00,32
"16271",6962181067,2016-04-22 23:00:00,0
"16272",6962181067,2016-04-23 00:00:00,0
"16273",6962181067,2016-04-23 01:00:00,0
"16274",6962181067,2016-04-23 02:00:00,0
"16275",6962181067,2016-04-23 03:00:00,0
"16276",6962181067,2016-04-23 04:00:00,0
"16277",6962181067,2016-04-23 05:00:00,0
"16278",6962181067,2016-04-23 06:00:00,0
"16279",6962181067,2016-04-23 07:00:00,7
"16280",6962181067,2016-04-23 08:00:00,650
"16281",6962181067,2016-04-23 09:00:00,5890
"16282",6962181067,2016-04-23 10:00:00,292
"16283",6962181067,2016-04-23 11:00:00,189
"16284",6962181067,2016-04-23 12:00:00,445
"16285",6962181067,2016-04-23 13:00:00,250
"16286",6962181067,2016-04-23 14:00:00,1209
"16287",6962181067,2016-04-23 15:00:00,884
"16288",6962181067,2016-04-23 16:00:00,2124
"16289",6962181067,2016-04-23 17:00:00,3353
"16290",6962181067,2016-04-23 18:00:00,619
"16291",6962181067,2016-04-23 19:00:00,1858
"16292",6962181067,2016-04-23 20:00:00,790
"16293",6962181067,2016-04-23 21:00:00,713
"16294",6962181067,2016-04-23 22:00:00,87
"16295",6962181067,2016-04-23 23:00:00,671
"16296",6962181067,2016-04-24 00:00:00,0
"16297",6962181067,2016-04-24 01:00:00,0
"16298",6962181067,2016-04-24 02:00:00,0
"16299",6962181067,2016-04-24 03:00:00,0
"16300",6962181067,2016-04-24 04:00:00,0
"16301",6962181067,2016-04-24 05:00:00,0
"16302",6962181067,2016-04-24 06:00:00,0
"16303",6962181067,2016-04-24 07:00:00,9
"16304",6962181067,2016-04-24 08:00:00,22
"16305",6962181067,2016-04-24 09:00:00,572
"16306",6962181067,2016-04-24 10:00:00,614
"16307",6962181067,2016-04-24 11:00:00,372
"16308",6962181067,2016-04-24 12:00:00,546
"16309",6962181067,2016-04-24 13:00:00,135
"16310",6962181067,2016-04-24 14:00:00,42
"16311",6962181067,2016-04-24 15:00:00,4
"16312",6962181067,2016-04-24 16:00:00,869
"16313",6962181067,2016-04-24 17:00:00,621
"16314",6962181067,2016-04-24 18:00:00,378
"16315",6962181067,2016-04-24 19:00:00,225
"16316",6962181067,2016-04-24 20:00:00,300
"16317",6962181067,2016-04-24 21:00:00,219
"16318",6962181067,2016-04-24 22:00:00,101
"16319",6962181067,2016-04-24 23:00:00,0
"16320",6962181067,2016-04-25 00:00:00,0
"16321",6962181067,2016-04-25 01:00:00,0
"16322",6962181067,2016-04-25 02:00:00,0
"16323",6962181067,2016-04-25 03:00:00,0
"16324",6962181067,2016-04-25 04:00:00,11
"16325",6962181067,2016-04-25 05:00:00,0
"16326",6962181067,2016-04-25 06:00:00,0
"16327",6962181067,2016-04-25 07:00:00,1330
"16328",6962181067,2016-04-25 08:00:00,1225
"16329",6962181067,2016-04-25 09:00:00,868
"16330",6962181067,2016-04-25 10:00:00,3636
"16331",6962181067,2016-04-25 11:00:00,521
"16332",6962181067,2016-04-25 12:00:00,895
"16333",6962181067,2016-04-25 13:00:00,0
"16334",6962181067,2016-04-25 14:00:00,253
"16335",6962181067,2016-04-25 15:00:00,293
"16336",6962181067,2016-04-25 16:00:00,857
"16337",6962181067,2016-04-25 17:00:00,2818
"16338",6962181067,2016-04-25 18:00:00,285
"16339",6962181067,2016-04-25 19:00:00,130
"16340",6962181067,2016-04-25 20:00:00,14
"16341",6962181067,2016-04-25 21:00:00,8
"16342",6962181067,2016-04-25 22:00:00,95
"16343",6962181067,2016-04-25 23:00:00,0
"16344",6962181067,2016-04-26 00:00:00,0
"16345",6962181067,2016-04-26 01:00:00,7
"16346",6962181067,2016-04-26 02:00:00,0
"16347",6962181067,2016-04-26 03:00:00,0
"16348",6962181067,2016-04-26 04:00:00,0
"16349",6962181067,2016-04-26 05:00:00,0
"16350",6962181067,2016-04-26 06:00:00,188
"16351",6962181067,2016-04-26 07:00:00,514
"16352",6962181067,2016-04-26 08:00:00,429
"16353",6962181067,2016-04-26 09:00:00,501
"16354",6962181067,2016-04-26 10:00:00,665
"16355",6962181067,2016-04-26 11:00:00,832
"16356",6962181067,2016-04-26 12:00:00,5110
"16357",6962181067,2016-04-26 13:00:00,22
"16358",6962181067,2016-04-26 14:00:00,58
"16359",6962181067,2016-04-26 15:00:00,323
"16360",6962181067,2016-04-26 16:00:00,251
"16361",6962181067,2016-04-26 17:00:00,161
"16362",6962181067,2016-04-26 18:00:00,857
"16363",6962181067,2016-04-26 19:00:00,299
"16364",6962181067,2016-04-26 20:00:00,216
"16365",6962181067,2016-04-26 21:00:00,0
"16366",6962181067,2016-04-26 22:00:00,0
"16367",6962181067,2016-04-26 23:00:00,0
"16368",6962181067,2016-04-27 00:00:00,0
"16369",6962181067,2016-04-27 01:00:00,0
"16370",6962181067,2016-04-27 02:00:00,0
"16371",6962181067,2016-04-27 03:00:00,8
"16372",6962181067,2016-04-27 04:00:00,0
"16373",6962181067,2016-04-27 05:00:00,0
"16374",6962181067,2016-04-27 06:00:00,77
"16375",6962181067,2016-04-27 07:00:00,660
"16376",6962181067,2016-04-27 08:00:00,588
"16377",6962181067,2016-04-27 09:00:00,259
"16378",6962181067,2016-04-27 10:00:00,441
"16379",6962181067,2016-04-27 11:00:00,3081
"16380",6962181067,2016-04-27 12:00:00,371
"16381",6962181067,2016-04-27 13:00:00,23
"16382",6962181067,2016-04-27 14:00:00,71
"16383",6962181067,2016-04-27 15:00:00,0
"16384",6962181067,2016-04-27 16:00:00,816
"16385",6962181067,2016-04-27 17:00:00,620
"16386",6962181067,2016-04-27 18:00:00,799
"16387",6962181067,2016-04-27 19:00:00,1229
"16388",6962181067,2016-04-27 20:00:00,1106
"16389",6962181067,2016-04-27 21:00:00,50
"16390",6962181067,2016-04-27 22:00:00,6
"16391",6962181067,2016-04-27 23:00:00,115
"16392",6962181067,2016-04-28 00:00:00,0
"16393",6962181067,2016-04-28 01:00:00,4
"16394",6962181067,2016-04-28 02:00:00,38
"16395",6962181067,2016-04-28 03:00:00,0
"16396",6962181067,2016-04-28 04:00:00,0
"16397",6962181067,2016-04-28 05:00:00,0
"16398",6962181067,2016-04-28 06:00:00,0
"16399",6962181067,2016-04-28 07:00:00,0
"16400",6962181067,2016-04-28 08:00:00,632
"16401",6962181067,2016-04-28 09:00:00,901
"16402",6962181067,2016-04-28 10:00:00,775
"16403",6962181067,2016-04-28 11:00:00,1226
"16404",6962181067,2016-04-28 12:00:00,3769
"16405",6962181067,2016-04-28 13:00:00,1469
"16406",6962181067,2016-04-28 14:00:00,168
"16407",6962181067,2016-04-28 15:00:00,851
"16408",6962181067,2016-04-28 16:00:00,394
"16409",6962181067,2016-04-28 17:00:00,1313
"16410",6962181067,2016-04-28 18:00:00,410
"16411",6962181067,2016-04-28 19:00:00,543
"16412",6962181067,2016-04-28 20:00:00,134
"16413",6962181067,2016-04-28 21:00:00,0
"16414",6962181067,2016-04-28 22:00:00,0
"16415",6962181067,2016-04-28 23:00:00,0
"16416",6962181067,2016-04-29 00:00:00,0
"16417",6962181067,2016-04-29 01:00:00,0
"16418",6962181067,2016-04-29 02:00:00,0
"16419",6962181067,2016-04-29 03:00:00,0
"16420",6962181067,2016-04-29 04:00:00,0
"16421",6962181067,2016-04-29 05:00:00,0
"16422",6962181067,2016-04-29 06:00:00,82
"16423",6962181067,2016-04-29 07:00:00,582
"16424",6962181067,2016-04-29 08:00:00,649
"16425",6962181067,2016-04-29 09:00:00,1162
"16426",6962181067,2016-04-29 10:00:00,1345
"16427",6962181067,2016-04-29 11:00:00,697
"16428",6962181067,2016-04-29 12:00:00,2129
"16429",6962181067,2016-04-29 13:00:00,100
"16430",6962181067,2016-04-29 14:00:00,89
"16431",6962181067,2016-04-29 15:00:00,587
"16432",6962181067,2016-04-29 16:00:00,737
"16433",6962181067,2016-04-29 17:00:00,526
"16434",6962181067,2016-04-29 18:00:00,979
"16435",6962181067,2016-04-29 19:00:00,433
"16436",6962181067,2016-04-29 20:00:00,560
"16437",6962181067,2016-04-29 21:00:00,77
"16438",6962181067,2016-04-29 22:00:00,0
"16439",6962181067,2016-04-29 23:00:00,28
"16440",6962181067,2016-04-30 00:00:00,0
"16441",6962181067,2016-04-30 01:00:00,7
"16442",6962181067,2016-04-30 02:00:00,0
"16443",6962181067,2016-04-30 03:00:00,0
"16444",6962181067,2016-04-30 04:00:00,0
"16445",6962181067,2016-04-30 05:00:00,0
"16446",6962181067,2016-04-30 06:00:00,0
"16447",6962181067,2016-04-30 07:00:00,0
"16448",6962181067,2016-04-30 08:00:00,10
"16449",6962181067,2016-04-30 09:00:00,572
"16450",6962181067,2016-04-30 10:00:00,3293
"16451",6962181067,2016-04-30 11:00:00,736
"16452",6962181067,2016-04-30 12:00:00,613
"16453",6962181067,2016-04-30 13:00:00,824
"16454",6962181067,2016-04-30 14:00:00,676
"16455",6962181067,2016-04-30 15:00:00,271
"16456",6962181067,2016-04-30 16:00:00,0
"16457",6962181067,2016-04-30 17:00:00,407
"16458",6962181067,2016-04-30 18:00:00,686
"16459",6962181067,2016-04-30 19:00:00,384
"16460",6962181067,2016-04-30 20:00:00,1602
"16461",6962181067,2016-04-30 21:00:00,0
"16462",6962181067,2016-04-30 22:00:00,0
"16463",6962181067,2016-04-30 23:00:00,0
"16464",6962181067,2016-05-01 00:00:00,0
"16465",6962181067,2016-05-01 01:00:00,0
"16466",6962181067,2016-05-01 02:00:00,0
"16467",6962181067,2016-05-01 03:00:00,16
"16468",6962181067,2016-05-01 04:00:00,0
"16469",6962181067,2016-05-01 05:00:00,0
"16470",6962181067,2016-05-01 06:00:00,0
"16471",6962181067,2016-05-01 07:00:00,0
"16472",6962181067,2016-05-01 08:00:00,667
"16473",6962181067,2016-05-01 09:00:00,289
"16474",6962181067,2016-05-01 10:00:00,1647
"16475",6962181067,2016-05-01 11:00:00,295
"16476",6962181067,2016-05-01 12:00:00,205
"16477",6962181067,2016-05-01 13:00:00,139
"16478",6962181067,2016-05-01 14:00:00,181
"16479",6962181067,2016-05-01 15:00:00,163
"16480",6962181067,2016-05-01 16:00:00,25
"16481",6962181067,2016-05-01 17:00:00,468
"16482",6962181067,2016-05-01 18:00:00,544
"16483",6962181067,2016-05-01 19:00:00,740
"16484",6962181067,2016-05-01 20:00:00,31
"16485",6962181067,2016-05-01 21:00:00,40
"16486",6962181067,2016-05-01 22:00:00,4
"16487",6962181067,2016-05-01 23:00:00,0
"16488",6962181067,2016-05-02 00:00:00,0
"16489",6962181067,2016-05-02 01:00:00,6
"16490",6962181067,2016-05-02 02:00:00,0
"16491",6962181067,2016-05-02 03:00:00,0
"16492",6962181067,2016-05-02 04:00:00,29
"16493",6962181067,2016-05-02 05:00:00,0
"16494",6962181067,2016-05-02 06:00:00,68
"16495",6962181067,2016-05-02 07:00:00,1123
"16496",6962181067,2016-05-02 08:00:00,517
"16497",6962181067,2016-05-02 09:00:00,1469
"16498",6962181067,2016-05-02 10:00:00,752
"16499",6962181067,2016-05-02 11:00:00,528
"16500",6962181067,2016-05-02 12:00:00,1937
"16501",6962181067,2016-05-02 13:00:00,20
"16502",6962181067,2016-05-02 14:00:00,149
"16503",6962181067,2016-05-02 15:00:00,430
"16504",6962181067,2016-05-02 16:00:00,737
"16505",6962181067,2016-05-02 17:00:00,1006
"16506",6962181067,2016-05-02 18:00:00,1385
"16507",6962181067,2016-05-02 19:00:00,2368
"16508",6962181067,2016-05-02 20:00:00,50
"16509",6962181067,2016-05-02 21:00:00,44
"16510",6962181067,2016-05-02 22:00:00,178
"16511",6962181067,2016-05-02 23:00:00,116
"16512",6962181067,2016-05-03 00:00:00,0
"16513",6962181067,2016-05-03 01:00:00,28
"16514",6962181067,2016-05-03 02:00:00,0
"16515",6962181067,2016-05-03 03:00:00,0
"16516",6962181067,2016-05-03 04:00:00,67
"16517",6962181067,2016-05-03 05:00:00,0
"16518",6962181067,2016-05-03 06:00:00,6
"16519",6962181067,2016-05-03 07:00:00,1058
"16520",6962181067,2016-05-03 08:00:00,1083
"16521",6962181067,2016-05-03 09:00:00,111
"16522",6962181067,2016-05-03 10:00:00,1181
"16523",6962181067,2016-05-03 11:00:00,1729
"16524",6962181067,2016-05-03 12:00:00,3053
"16525",6962181067,2016-05-03 13:00:00,1702
"16526",6962181067,2016-05-03 14:00:00,213
"16527",6962181067,2016-05-03 15:00:00,577
"16528",6962181067,2016-05-03 16:00:00,391
"16529",6962181067,2016-05-03 17:00:00,88
"16530",6962181067,2016-05-03 18:00:00,306
"16531",6962181067,2016-05-03 19:00:00,121
"16532",6962181067,2016-05-03 20:00:00,308
"16533",6962181067,2016-05-03 21:00:00,74
"16534",6962181067,2016-05-03 22:00:00,13
"16535",6962181067,2016-05-03 23:00:00,0
"16536",6962181067,2016-05-04 00:00:00,0
"16537",6962181067,2016-05-04 01:00:00,23
"16538",6962181067,2016-05-04 02:00:00,10
"16539",6962181067,2016-05-04 03:00:00,0
"16540",6962181067,2016-05-04 04:00:00,9
"16541",6962181067,2016-05-04 05:00:00,0
"16542",6962181067,2016-05-04 06:00:00,58
"16543",6962181067,2016-05-04 07:00:00,628
"16544",6962181067,2016-05-04 08:00:00,710
"16545",6962181067,2016-05-04 09:00:00,1066
"16546",6962181067,2016-05-04 10:00:00,1809
"16547",6962181067,2016-05-04 11:00:00,1621
"16548",6962181067,2016-05-04 12:00:00,455
"16549",6962181067,2016-05-04 13:00:00,0
"16550",6962181067,2016-05-04 14:00:00,61
"16551",6962181067,2016-05-04 15:00:00,294
"16552",6962181067,2016-05-04 16:00:00,308
"16553",6962181067,2016-05-04 17:00:00,521
"16554",6962181067,2016-05-04 18:00:00,731
"16555",6962181067,2016-05-04 19:00:00,1094
"16556",6962181067,2016-05-04 20:00:00,602
"16557",6962181067,2016-05-04 21:00:00,0
"16558",6962181067,2016-05-04 22:00:00,91
"16559",6962181067,2016-05-04 23:00:00,56
"16560",6962181067,2016-05-05 00:00:00,0
"16561",6962181067,2016-05-05 01:00:00,10
"16562",6962181067,2016-05-05 02:00:00,0
"16563",6962181067,2016-05-05 03:00:00,0
"16564",6962181067,2016-05-05 04:00:00,0
"16565",6962181067,2016-05-05 05:00:00,0
"16566",6962181067,2016-05-05 06:00:00,33
"16567",6962181067,2016-05-05 07:00:00,7
"16568",6962181067,2016-05-05 08:00:00,817
"16569",6962181067,2016-05-05 09:00:00,663
"16570",6962181067,2016-05-05 10:00:00,730
"16571",6962181067,2016-05-05 11:00:00,606
"16572",6962181067,2016-05-05 12:00:00,769
"16573",6962181067,2016-05-05 13:00:00,16
"16574",6962181067,2016-05-05 14:00:00,157
"16575",6962181067,2016-05-05 15:00:00,446
"16576",6962181067,2016-05-05 16:00:00,727
"16577",6962181067,2016-05-05 17:00:00,731
"16578",6962181067,2016-05-05 18:00:00,819
"16579",6962181067,2016-05-05 19:00:00,3673
"16580",6962181067,2016-05-05 20:00:00,320
"16581",6962181067,2016-05-05 21:00:00,0
"16582",6962181067,2016-05-05 22:00:00,0
"16583",6962181067,2016-05-05 23:00:00,0
"16584",6962181067,2016-05-06 00:00:00,7
"16585",6962181067,2016-05-06 01:00:00,0
"16586",6962181067,2016-05-06 02:00:00,0
"16587",6962181067,2016-05-06 03:00:00,0
"16588",6962181067,2016-05-06 04:00:00,0
"16589",6962181067,2016-05-06 05:00:00,0
"16590",6962181067,2016-05-06 06:00:00,0
"16591",6962181067,2016-05-06 07:00:00,493
"16592",6962181067,2016-05-06 08:00:00,897
"16593",6962181067,2016-05-06 09:00:00,422
"16594",6962181067,2016-05-06 10:00:00,58
"16595",6962181067,2016-05-06 11:00:00,145
"16596",6962181067,2016-05-06 12:00:00,297
"16597",6962181067,2016-05-06 13:00:00,252
"16598",6962181067,2016-05-06 14:00:00,93
"16599",6962181067,2016-05-06 15:00:00,7
"16600",6962181067,2016-05-06 16:00:00,258
"16601",6962181067,2016-05-06 17:00:00,417
"16602",6962181067,2016-05-06 18:00:00,682
"16603",6962181067,2016-05-06 19:00:00,67
"16604",6962181067,2016-05-06 20:00:00,587
"16605",6962181067,2016-05-06 21:00:00,480
"16606",6962181067,2016-05-06 22:00:00,584
"16607",6962181067,2016-05-06 23:00:00,162
"16608",6962181067,2016-05-07 00:00:00,13
"16609",6962181067,2016-05-07 01:00:00,175
"16610",6962181067,2016-05-07 02:00:00,285
"16611",6962181067,2016-05-07 03:00:00,75
"16612",6962181067,2016-05-07 04:00:00,56
"16613",6962181067,2016-05-07 05:00:00,0
"16614",6962181067,2016-05-07 06:00:00,101
"16615",6962181067,2016-05-07 07:00:00,0
"16616",6962181067,2016-05-07 08:00:00,49
"16617",6962181067,2016-05-07 09:00:00,573
"16618",6962181067,2016-05-07 10:00:00,153
"16619",6962181067,2016-05-07 11:00:00,763
"16620",6962181067,2016-05-07 12:00:00,125
"16621",6962181067,2016-05-07 13:00:00,462
"16622",6962181067,2016-05-07 14:00:00,264
"16623",6962181067,2016-05-07 15:00:00,0
"16624",6962181067,2016-05-07 16:00:00,387
"16625",6962181067,2016-05-07 17:00:00,318
"16626",6962181067,2016-05-07 18:00:00,681
"16627",6962181067,2016-05-07 19:00:00,1026
"16628",6962181067,2016-05-07 20:00:00,502
"16629",6962181067,2016-05-07 21:00:00,294
"16630",6962181067,2016-05-07 22:00:00,319
"16631",6962181067,2016-05-07 23:00:00,194
"16632",6962181067,2016-05-08 00:00:00,0
"16633",6962181067,2016-05-08 01:00:00,0
"16634",6962181067,2016-05-08 02:00:00,0
"16635",6962181067,2016-05-08 03:00:00,0
"16636",6962181067,2016-05-08 04:00:00,87
"16637",6962181067,2016-05-08 05:00:00,4
"16638",6962181067,2016-05-08 06:00:00,0
"16639",6962181067,2016-05-08 07:00:00,0
"16640",6962181067,2016-05-08 08:00:00,5
"16641",6962181067,2016-05-08 09:00:00,48
"16642",6962181067,2016-05-08 10:00:00,771
"16643",6962181067,2016-05-08 11:00:00,569
"16644",6962181067,2016-05-08 12:00:00,429
"16645",6962181067,2016-05-08 13:00:00,53
"16646",6962181067,2016-05-08 14:00:00,106
"16647",6962181067,2016-05-08 15:00:00,196
"16648",6962181067,2016-05-08 16:00:00,1465
"16649",6962181067,2016-05-08 17:00:00,396
"16650",6962181067,2016-05-08 18:00:00,36
"16651",6962181067,2016-05-08 19:00:00,0
"16652",6962181067,2016-05-08 20:00:00,0
"16653",6962181067,2016-05-08 21:00:00,0
"16654",6962181067,2016-05-08 22:00:00,0
"16655",6962181067,2016-05-08 23:00:00,23
"16656",6962181067,2016-05-09 00:00:00,0
"16657",6962181067,2016-05-09 01:00:00,0
"16658",6962181067,2016-05-09 02:00:00,0
"16659",6962181067,2016-05-09 03:00:00,0
"16660",6962181067,2016-05-09 04:00:00,0
"16661",6962181067,2016-05-09 05:00:00,0
"16662",6962181067,2016-05-09 06:00:00,0
"16663",6962181067,2016-05-09 07:00:00,15
"16664",6962181067,2016-05-09 08:00:00,886
"16665",6962181067,2016-05-09 09:00:00,1322
"16666",6962181067,2016-05-09 10:00:00,4203
"16667",6962181067,2016-05-09 11:00:00,690
"16668",6962181067,2016-05-09 12:00:00,383
"16669",6962181067,2016-05-09 13:00:00,106
"16670",6962181067,2016-05-09 14:00:00,169
"16671",6962181067,2016-05-09 15:00:00,14
"16672",6962181067,2016-05-09 16:00:00,116
"16673",6962181067,2016-05-09 17:00:00,890
"16674",6962181067,2016-05-09 18:00:00,100
"16675",6962181067,2016-05-09 19:00:00,3269
"16676",6962181067,2016-05-09 20:00:00,52
"16677",6962181067,2016-05-09 21:00:00,52
"16678",6962181067,2016-05-09 22:00:00,75
"16679",6962181067,2016-05-09 23:00:00,0
"16680",6962181067,2016-05-10 00:00:00,35
"16681",6962181067,2016-05-10 01:00:00,11
"16682",6962181067,2016-05-10 02:00:00,6
"16683",6962181067,2016-05-10 03:00:00,0
"16684",6962181067,2016-05-10 04:00:00,0
"16685",6962181067,2016-05-10 05:00:00,0
"16686",6962181067,2016-05-10 06:00:00,36
"16687",6962181067,2016-05-10 07:00:00,2175
"16688",6962181067,2016-05-10 08:00:00,445
"16689",6962181067,2016-05-10 09:00:00,2491
"16690",6962181067,2016-05-10 10:00:00,4269
"16691",6962181067,2016-05-10 11:00:00,888
"16692",6962181067,2016-05-10 12:00:00,129
"16693",6962181067,2016-05-10 13:00:00,17
"16694",6962181067,2016-05-10 14:00:00,122
"16695",6962181067,2016-05-10 15:00:00,250
"16696",6962181067,2016-05-10 16:00:00,1460
"16697",6962181067,2016-05-10 17:00:00,1740
"16698",6962181067,2016-05-10 18:00:00,750
"16699",6962181067,2016-05-10 19:00:00,532
"16700",6962181067,2016-05-10 20:00:00,0
"16701",6962181067,2016-05-10 21:00:00,13
"16702",6962181067,2016-05-10 22:00:00,72
"16703",6962181067,2016-05-10 23:00:00,7
"16704",6962181067,2016-05-11 00:00:00,0
"16705",6962181067,2016-05-11 01:00:00,0
"16706",6962181067,2016-05-11 02:00:00,0
"16707",6962181067,2016-05-11 03:00:00,0
"16708",6962181067,2016-05-11 04:00:00,0
"16709",6962181067,2016-05-11 05:00:00,22
"16710",6962181067,2016-05-11 06:00:00,0
"16711",6962181067,2016-05-11 07:00:00,50
"16712",6962181067,2016-05-11 08:00:00,713
"16713",6962181067,2016-05-11 09:00:00,2873
"16714",6962181067,2016-05-11 10:00:00,481
"16715",6962181067,2016-05-11 11:00:00,403
"16716",6962181067,2016-05-11 12:00:00,394
"16717",6962181067,2016-05-11 13:00:00,0
"16718",6962181067,2016-05-11 14:00:00,31
"16719",6962181067,2016-05-11 15:00:00,421
"16720",6962181067,2016-05-11 16:00:00,440
"16721",6962181067,2016-05-11 17:00:00,152
"16722",6962181067,2016-05-11 18:00:00,79
"16723",6962181067,2016-05-11 19:00:00,265
"16724",6962181067,2016-05-11 20:00:00,134
"16725",6962181067,2016-05-11 21:00:00,156
"16726",6962181067,2016-05-11 22:00:00,99
"16727",6962181067,2016-05-11 23:00:00,9
"16728",6962181067,2016-05-12 00:00:00,0
"16729",6962181067,2016-05-12 01:00:00,41
"16730",6962181067,2016-05-12 02:00:00,0
"16731",6962181067,2016-05-12 03:00:00,0
"16732",6962181067,2016-05-12 04:00:00,0
"16733",6962181067,2016-05-12 05:00:00,0
"16734",6962181067,2016-05-12 06:00:00,0
"16735",6962181067,2016-05-12 07:00:00,0
"16736",6962181067,2016-05-12 08:00:00,644
"16737",6962181067,2016-05-12 09:00:00,585
"16738",6962181067,2016-05-12 10:00:00,1599
"16739",6962181067,2016-05-12 11:00:00,700
"16740",7007744171,2016-04-12 00:00:00,0
"16741",7007744171,2016-04-12 01:00:00,0
"16742",7007744171,2016-04-12 02:00:00,0
"16743",7007744171,2016-04-12 03:00:00,0
"16744",7007744171,2016-04-12 04:00:00,0
"16745",7007744171,2016-04-12 05:00:00,0
"16746",7007744171,2016-04-12 06:00:00,881
"16747",7007744171,2016-04-12 07:00:00,3855
"16748",7007744171,2016-04-12 08:00:00,3383
"16749",7007744171,2016-04-12 09:00:00,706
"16750",7007744171,2016-04-12 10:00:00,972
"16751",7007744171,2016-04-12 11:00:00,491
"16752",7007744171,2016-04-12 12:00:00,153
"16753",7007744171,2016-04-12 13:00:00,375
"16754",7007744171,2016-04-12 14:00:00,123
"16755",7007744171,2016-04-12 15:00:00,397
"16756",7007744171,2016-04-12 16:00:00,1363
"16757",7007744171,2016-04-12 17:00:00,914
"16758",7007744171,2016-04-12 18:00:00,268
"16759",7007744171,2016-04-12 19:00:00,291
"16760",7007744171,2016-04-12 20:00:00,0
"16761",7007744171,2016-04-12 21:00:00,0
"16762",7007744171,2016-04-12 22:00:00,0
"16763",7007744171,2016-04-12 23:00:00,0
"16764",7007744171,2016-04-13 00:00:00,0
"16765",7007744171,2016-04-13 01:00:00,0
"16766",7007744171,2016-04-13 02:00:00,0
"16767",7007744171,2016-04-13 03:00:00,0
"16768",7007744171,2016-04-13 04:00:00,0
"16769",7007744171,2016-04-13 05:00:00,7
"16770",7007744171,2016-04-13 06:00:00,1329
"16771",7007744171,2016-04-13 07:00:00,448
"16772",7007744171,2016-04-13 08:00:00,5806
"16773",7007744171,2016-04-13 09:00:00,1169
"16774",7007744171,2016-04-13 10:00:00,281
"16775",7007744171,2016-04-13 11:00:00,693
"16776",7007744171,2016-04-13 12:00:00,332
"16777",7007744171,2016-04-13 13:00:00,283
"16778",7007744171,2016-04-13 14:00:00,163
"16779",7007744171,2016-04-13 15:00:00,352
"16780",7007744171,2016-04-13 16:00:00,1391
"16781",7007744171,2016-04-13 17:00:00,229
"16782",7007744171,2016-04-13 18:00:00,233
"16783",7007744171,2016-04-13 19:00:00,89
"16784",7007744171,2016-04-13 20:00:00,57
"16785",7007744171,2016-04-13 21:00:00,0
"16786",7007744171,2016-04-13 22:00:00,0
"16787",7007744171,2016-04-13 23:00:00,0
"16788",7007744171,2016-04-14 00:00:00,0
"16789",7007744171,2016-04-14 01:00:00,0
"16790",7007744171,2016-04-14 02:00:00,0
"16791",7007744171,2016-04-14 03:00:00,0
"16792",7007744171,2016-04-14 04:00:00,0
"16793",7007744171,2016-04-14 05:00:00,0
"16794",7007744171,2016-04-14 06:00:00,1349
"16795",7007744171,2016-04-14 07:00:00,427
"16796",7007744171,2016-04-14 08:00:00,4014
"16797",7007744171,2016-04-14 09:00:00,627
"16798",7007744171,2016-04-14 10:00:00,93
"16799",7007744171,2016-04-14 11:00:00,772
"16800",7007744171,2016-04-14 12:00:00,364
"16801",7007744171,2016-04-14 13:00:00,25
"16802",7007744171,2016-04-14 14:00:00,24
"16803",7007744171,2016-04-14 15:00:00,366
"16804",7007744171,2016-04-14 16:00:00,276
"16805",7007744171,2016-04-14 17:00:00,157
"16806",7007744171,2016-04-14 18:00:00,952
"16807",7007744171,2016-04-14 19:00:00,1452
"16808",7007744171,2016-04-14 20:00:00,238
"16809",7007744171,2016-04-14 21:00:00,43
"16810",7007744171,2016-04-14 22:00:00,0
"16811",7007744171,2016-04-14 23:00:00,0
"16812",7007744171,2016-04-15 00:00:00,0
"16813",7007744171,2016-04-15 01:00:00,0
"16814",7007744171,2016-04-15 02:00:00,0
"16815",7007744171,2016-04-15 03:00:00,0
"16816",7007744171,2016-04-15 04:00:00,0
"16817",7007744171,2016-04-15 05:00:00,0
"16818",7007744171,2016-04-15 06:00:00,934
"16819",7007744171,2016-04-15 07:00:00,832
"16820",7007744171,2016-04-15 08:00:00,832
"16821",7007744171,2016-04-15 09:00:00,342
"16822",7007744171,2016-04-15 10:00:00,741
"16823",7007744171,2016-04-15 11:00:00,634
"16824",7007744171,2016-04-15 12:00:00,319
"16825",7007744171,2016-04-15 13:00:00,43
"16826",7007744171,2016-04-15 14:00:00,24
"16827",7007744171,2016-04-15 15:00:00,105
"16828",7007744171,2016-04-15 16:00:00,168
"16829",7007744171,2016-04-15 17:00:00,270
"16830",7007744171,2016-04-15 18:00:00,29
"16831",7007744171,2016-04-15 19:00:00,0
"16832",7007744171,2016-04-15 20:00:00,0
"16833",7007744171,2016-04-15 21:00:00,0
"16834",7007744171,2016-04-15 22:00:00,0
"16835",7007744171,2016-04-15 23:00:00,0
"16836",7007744171,2016-04-16 00:00:00,0
"16837",7007744171,2016-04-16 01:00:00,0
"16838",7007744171,2016-04-16 02:00:00,0
"16839",7007744171,2016-04-16 03:00:00,0
"16840",7007744171,2016-04-16 04:00:00,0
"16841",7007744171,2016-04-16 05:00:00,0
"16842",7007744171,2016-04-16 06:00:00,70
"16843",7007744171,2016-04-16 07:00:00,662
"16844",7007744171,2016-04-16 08:00:00,107
"16845",7007744171,2016-04-16 09:00:00,350
"16846",7007744171,2016-04-16 10:00:00,196
"16847",7007744171,2016-04-16 11:00:00,254
"16848",7007744171,2016-04-16 12:00:00,67
"16849",7007744171,2016-04-16 13:00:00,165
"16850",7007744171,2016-04-16 14:00:00,0
"16851",7007744171,2016-04-16 15:00:00,164
"16852",7007744171,2016-04-16 16:00:00,590
"16853",7007744171,2016-04-16 17:00:00,833
"16854",7007744171,2016-04-16 18:00:00,592
"16855",7007744171,2016-04-16 19:00:00,325
"16856",7007744171,2016-04-16 20:00:00,231
"16857",7007744171,2016-04-16 21:00:00,25
"16858",7007744171,2016-04-16 22:00:00,0
"16859",7007744171,2016-04-16 23:00:00,0
"16860",7007744171,2016-04-17 00:00:00,0
"16861",7007744171,2016-04-17 01:00:00,0
"16862",7007744171,2016-04-17 02:00:00,0
"16863",7007744171,2016-04-17 03:00:00,0
"16864",7007744171,2016-04-17 04:00:00,0
"16865",7007744171,2016-04-17 05:00:00,0
"16866",7007744171,2016-04-17 06:00:00,422
"16867",7007744171,2016-04-17 07:00:00,1818
"16868",7007744171,2016-04-17 08:00:00,850
"16869",7007744171,2016-04-17 09:00:00,1575
"16870",7007744171,2016-04-17 10:00:00,618
"16871",7007744171,2016-04-17 11:00:00,343
"16872",7007744171,2016-04-17 12:00:00,112
"16873",7007744171,2016-04-17 13:00:00,224
"16874",7007744171,2016-04-17 14:00:00,0
"16875",7007744171,2016-04-17 15:00:00,188
"16876",7007744171,2016-04-17 16:00:00,608
"16877",7007744171,2016-04-17 17:00:00,476
"16878",7007744171,2016-04-17 18:00:00,410
"16879",7007744171,2016-04-17 19:00:00,336
"16880",7007744171,2016-04-17 20:00:00,79
"16881",7007744171,2016-04-17 21:00:00,0
"16882",7007744171,2016-04-17 22:00:00,0
"16883",7007744171,2016-04-17 23:00:00,0
"16884",7007744171,2016-04-18 00:00:00,0
"16885",7007744171,2016-04-18 01:00:00,0
"16886",7007744171,2016-04-18 02:00:00,0
"16887",7007744171,2016-04-18 03:00:00,0
"16888",7007744171,2016-04-18 04:00:00,0
"16889",7007744171,2016-04-18 05:00:00,0
"16890",7007744171,2016-04-18 06:00:00,885
"16891",7007744171,2016-04-18 07:00:00,477
"16892",7007744171,2016-04-18 08:00:00,5974
"16893",7007744171,2016-04-18 09:00:00,1536
"16894",7007744171,2016-04-18 10:00:00,2724
"16895",7007744171,2016-04-18 11:00:00,261
"16896",7007744171,2016-04-18 12:00:00,215
"16897",7007744171,2016-04-18 13:00:00,147
"16898",7007744171,2016-04-18 14:00:00,234
"16899",7007744171,2016-04-18 15:00:00,832
"16900",7007744171,2016-04-18 16:00:00,1002
"16901",7007744171,2016-04-18 17:00:00,91
"16902",7007744171,2016-04-18 18:00:00,17
"16903",7007744171,2016-04-18 19:00:00,291
"16904",7007744171,2016-04-18 20:00:00,47
"16905",7007744171,2016-04-18 21:00:00,44
"16906",7007744171,2016-04-18 22:00:00,39
"16907",7007744171,2016-04-18 23:00:00,0
"16908",7007744171,2016-04-19 00:00:00,0
"16909",7007744171,2016-04-19 01:00:00,0
"16910",7007744171,2016-04-19 02:00:00,0
"16911",7007744171,2016-04-19 03:00:00,0
"16912",7007744171,2016-04-19 04:00:00,0
"16913",7007744171,2016-04-19 05:00:00,0
"16914",7007744171,2016-04-19 06:00:00,493
"16915",7007744171,2016-04-19 07:00:00,2076
"16916",7007744171,2016-04-19 08:00:00,5287
"16917",7007744171,2016-04-19 09:00:00,823
"16918",7007744171,2016-04-19 10:00:00,526
"16919",7007744171,2016-04-19 11:00:00,601
"16920",7007744171,2016-04-19 12:00:00,186
"16921",7007744171,2016-04-19 13:00:00,0
"16922",7007744171,2016-04-19 14:00:00,187
"16923",7007744171,2016-04-19 15:00:00,310
"16924",7007744171,2016-04-19 16:00:00,301
"16925",7007744171,2016-04-19 17:00:00,1127
"16926",7007744171,2016-04-19 18:00:00,678
"16927",7007744171,2016-04-19 19:00:00,1396
"16928",7007744171,2016-04-19 20:00:00,171
"16929",7007744171,2016-04-19 21:00:00,32
"16930",7007744171,2016-04-19 22:00:00,0
"16931",7007744171,2016-04-19 23:00:00,0
"16932",7007744171,2016-04-20 00:00:00,0
"16933",7007744171,2016-04-20 01:00:00,0
"16934",7007744171,2016-04-20 02:00:00,0
"16935",7007744171,2016-04-20 03:00:00,0
"16936",7007744171,2016-04-20 04:00:00,0
"16937",7007744171,2016-04-20 05:00:00,0
"16938",7007744171,2016-04-20 06:00:00,819
"16939",7007744171,2016-04-20 07:00:00,591
"16940",7007744171,2016-04-20 08:00:00,6017
"16941",7007744171,2016-04-20 09:00:00,1066
"16942",7007744171,2016-04-20 10:00:00,77
"16943",7007744171,2016-04-20 11:00:00,707
"16944",7007744171,2016-04-20 12:00:00,473
"16945",7007744171,2016-04-20 13:00:00,885
"16946",7007744171,2016-04-20 14:00:00,502
"16947",7007744171,2016-04-20 15:00:00,101
"16948",7007744171,2016-04-20 16:00:00,435
"16949",7007744171,2016-04-20 17:00:00,434
"16950",7007744171,2016-04-20 18:00:00,1025
"16951",7007744171,2016-04-20 19:00:00,1301
"16952",7007744171,2016-04-20 20:00:00,1133
"16953",7007744171,2016-04-20 21:00:00,0
"16954",7007744171,2016-04-20 22:00:00,0
"16955",7007744171,2016-04-20 23:00:00,0
"16956",7007744171,2016-04-21 00:00:00,0
"16957",7007744171,2016-04-21 01:00:00,0
"16958",7007744171,2016-04-21 02:00:00,0
"16959",7007744171,2016-04-21 03:00:00,0
"16960",7007744171,2016-04-21 04:00:00,0
"16961",7007744171,2016-04-21 05:00:00,0
"16962",7007744171,2016-04-21 06:00:00,1097
"16963",7007744171,2016-04-21 07:00:00,701
"16964",7007744171,2016-04-21 08:00:00,5377
"16965",7007744171,2016-04-21 09:00:00,1512
"16966",7007744171,2016-04-21 10:00:00,915
"16967",7007744171,2016-04-21 11:00:00,187
"16968",7007744171,2016-04-21 12:00:00,364
"16969",7007744171,2016-04-21 13:00:00,1038
"16970",7007744171,2016-04-21 14:00:00,413
"16971",7007744171,2016-04-21 15:00:00,570
"16972",7007744171,2016-04-21 16:00:00,555
"16973",7007744171,2016-04-21 17:00:00,411
"16974",7007744171,2016-04-21 18:00:00,252
"16975",7007744171,2016-04-21 19:00:00,246
"16976",7007744171,2016-04-21 20:00:00,36
"16977",7007744171,2016-04-21 21:00:00,70
"16978",7007744171,2016-04-21 22:00:00,0
"16979",7007744171,2016-04-21 23:00:00,0
"16980",7007744171,2016-04-22 00:00:00,0
"16981",7007744171,2016-04-22 01:00:00,0
"16982",7007744171,2016-04-22 02:00:00,0
"16983",7007744171,2016-04-22 03:00:00,0
"16984",7007744171,2016-04-22 04:00:00,0
"16985",7007744171,2016-04-22 05:00:00,0
"16986",7007744171,2016-04-22 06:00:00,424
"16987",7007744171,2016-04-22 07:00:00,390
"16988",7007744171,2016-04-22 08:00:00,5545
"16989",7007744171,2016-04-22 09:00:00,1489
"16990",7007744171,2016-04-22 10:00:00,62
"16991",7007744171,2016-04-22 11:00:00,367
"16992",7007744171,2016-04-22 12:00:00,301
"16993",7007744171,2016-04-22 13:00:00,236
"16994",7007744171,2016-04-22 14:00:00,190
"16995",7007744171,2016-04-22 15:00:00,266
"16996",7007744171,2016-04-22 16:00:00,1780
"16997",7007744171,2016-04-22 17:00:00,1623
"16998",7007744171,2016-04-22 18:00:00,383
"16999",7007744171,2016-04-22 19:00:00,1624
"17000",7007744171,2016-04-22 20:00:00,619
"17001",7007744171,2016-04-22 21:00:00,0
"17002",7007744171,2016-04-22 22:00:00,0
"17003",7007744171,2016-04-22 23:00:00,0
"17004",7007744171,2016-04-23 00:00:00,0
"17005",7007744171,2016-04-23 01:00:00,0
"17006",7007744171,2016-04-23 02:00:00,0
"17007",7007744171,2016-04-23 03:00:00,0
"17008",7007744171,2016-04-23 04:00:00,0
"17009",7007744171,2016-04-23 05:00:00,0
"17010",7007744171,2016-04-23 06:00:00,465
"17011",7007744171,2016-04-23 07:00:00,813
"17012",7007744171,2016-04-23 08:00:00,1600
"17013",7007744171,2016-04-23 09:00:00,124
"17014",7007744171,2016-04-23 10:00:00,281
"17015",7007744171,2016-04-23 11:00:00,2567
"17016",7007744171,2016-04-23 12:00:00,695
"17017",7007744171,2016-04-23 13:00:00,1548
"17018",7007744171,2016-04-23 14:00:00,0
"17019",7007744171,2016-04-23 15:00:00,0
"17020",7007744171,2016-04-23 16:00:00,0
"17021",7007744171,2016-04-23 17:00:00,0
"17022",7007744171,2016-04-23 18:00:00,0
"17023",7007744171,2016-04-23 19:00:00,0
"17024",7007744171,2016-04-23 20:00:00,0
"17025",7007744171,2016-04-23 21:00:00,0
"17026",7007744171,2016-04-23 22:00:00,0
"17027",7007744171,2016-04-23 23:00:00,0
"17028",7007744171,2016-04-24 00:00:00,0
"17029",7007744171,2016-04-24 01:00:00,0
"17030",7007744171,2016-04-24 02:00:00,0
"17031",7007744171,2016-04-24 03:00:00,0
"17032",7007744171,2016-04-24 04:00:00,0
"17033",7007744171,2016-04-24 05:00:00,0
"17034",7007744171,2016-04-24 06:00:00,472
"17035",7007744171,2016-04-24 07:00:00,784
"17036",7007744171,2016-04-24 08:00:00,757
"17037",7007744171,2016-04-24 09:00:00,1425
"17038",7007744171,2016-04-24 10:00:00,1487
"17039",7007744171,2016-04-24 11:00:00,451
"17040",7007744171,2016-04-24 12:00:00,825
"17041",7007744171,2016-04-24 13:00:00,1831
"17042",7007744171,2016-04-24 14:00:00,1364
"17043",7007744171,2016-04-24 15:00:00,1349
"17044",7007744171,2016-04-24 16:00:00,340
"17045",7007744171,2016-04-24 17:00:00,0
"17046",7007744171,2016-04-24 18:00:00,0
"17047",7007744171,2016-04-24 19:00:00,0
"17048",7007744171,2016-04-24 20:00:00,0
"17049",7007744171,2016-04-24 21:00:00,0
"17050",7007744171,2016-04-24 22:00:00,0
"17051",7007744171,2016-04-24 23:00:00,0
"17052",7007744171,2016-04-25 00:00:00,0
"17053",7007744171,2016-04-25 01:00:00,0
"17054",7007744171,2016-04-25 02:00:00,0
"17055",7007744171,2016-04-25 03:00:00,0
"17056",7007744171,2016-04-25 04:00:00,0
"17057",7007744171,2016-04-25 05:00:00,0
"17058",7007744171,2016-04-25 06:00:00,1036
"17059",7007744171,2016-04-25 07:00:00,2993
"17060",7007744171,2016-04-25 08:00:00,3802
"17061",7007744171,2016-04-25 09:00:00,2186
"17062",7007744171,2016-04-25 10:00:00,1929
"17063",7007744171,2016-04-25 11:00:00,163
"17064",7007744171,2016-04-25 12:00:00,1430
"17065",7007744171,2016-04-25 13:00:00,2023
"17066",7007744171,2016-04-25 14:00:00,319
"17067",7007744171,2016-04-25 15:00:00,301
"17068",7007744171,2016-04-25 16:00:00,58
"17069",7007744171,2016-04-25 17:00:00,453
"17070",7007744171,2016-04-25 18:00:00,784
"17071",7007744171,2016-04-25 19:00:00,73
"17072",7007744171,2016-04-25 20:00:00,679
"17073",7007744171,2016-04-25 21:00:00,0
"17074",7007744171,2016-04-25 22:00:00,0
"17075",7007744171,2016-04-25 23:00:00,0
"17076",7007744171,2016-04-26 00:00:00,0
"17077",7007744171,2016-04-26 01:00:00,0
"17078",7007744171,2016-04-26 02:00:00,0
"17079",7007744171,2016-04-26 03:00:00,0
"17080",7007744171,2016-04-26 04:00:00,0
"17081",7007744171,2016-04-26 05:00:00,0
"17082",7007744171,2016-04-26 06:00:00,923
"17083",7007744171,2016-04-26 07:00:00,844
"17084",7007744171,2016-04-26 08:00:00,153
"17085",7007744171,2016-04-26 09:00:00,1635
"17086",7007744171,2016-04-26 10:00:00,2111
"17087",7007744171,2016-04-26 11:00:00,1750
"17088",7007744171,2016-04-26 12:00:00,2674
"17089",7007744171,2016-04-26 13:00:00,321
"17090",7007744171,2016-04-26 14:00:00,190
"17091",7007744171,2016-04-26 15:00:00,1000
"17092",7007744171,2016-04-26 16:00:00,1180
"17093",7007744171,2016-04-26 17:00:00,640
"17094",7007744171,2016-04-26 18:00:00,629
"17095",7007744171,2016-04-26 19:00:00,97
"17096",7007744171,2016-04-26 20:00:00,37
"17097",7007744171,2016-04-26 21:00:00,160
"17098",7007744171,2016-04-26 22:00:00,733
"17099",7007744171,2016-04-26 23:00:00,13
"17100",7007744171,2016-04-27 00:00:00,0
"17101",7007744171,2016-04-27 01:00:00,0
"17102",7007744171,2016-04-27 02:00:00,0
"17103",7007744171,2016-04-27 03:00:00,0
"17104",7007744171,2016-04-27 04:00:00,0
"17105",7007744171,2016-04-27 05:00:00,0
"17106",7007744171,2016-04-27 06:00:00,1021
"17107",7007744171,2016-04-27 07:00:00,591
"17108",7007744171,2016-04-27 08:00:00,5165
"17109",7007744171,2016-04-27 09:00:00,1518
"17110",7007744171,2016-04-27 10:00:00,280
"17111",7007744171,2016-04-27 11:00:00,386
"17112",7007744171,2016-04-27 12:00:00,578
"17113",7007744171,2016-04-27 13:00:00,692
"17114",7007744171,2016-04-27 14:00:00,239
"17115",7007744171,2016-04-27 15:00:00,912
"17116",7007744171,2016-04-27 16:00:00,562
"17117",7007744171,2016-04-27 17:00:00,1067
"17118",7007744171,2016-04-27 18:00:00,297
"17119",7007744171,2016-04-27 19:00:00,143
"17120",7007744171,2016-04-27 20:00:00,90
"17121",7007744171,2016-04-27 21:00:00,0
"17122",7007744171,2016-04-27 22:00:00,0
"17123",7007744171,2016-04-27 23:00:00,0
"17124",7007744171,2016-04-28 00:00:00,0
"17125",7007744171,2016-04-28 01:00:00,0
"17126",7007744171,2016-04-28 02:00:00,0
"17127",7007744171,2016-04-28 03:00:00,0
"17128",7007744171,2016-04-28 04:00:00,0
"17129",7007744171,2016-04-28 05:00:00,0
"17130",7007744171,2016-04-28 06:00:00,805
"17131",7007744171,2016-04-28 07:00:00,715
"17132",7007744171,2016-04-28 08:00:00,1156
"17133",7007744171,2016-04-28 09:00:00,1921
"17134",7007744171,2016-04-28 10:00:00,3163
"17135",7007744171,2016-04-28 11:00:00,2669
"17136",7007744171,2016-04-28 12:00:00,482
"17137",7007744171,2016-04-28 13:00:00,897
"17138",7007744171,2016-04-28 14:00:00,249
"17139",7007744171,2016-04-28 15:00:00,152
"17140",7007744171,2016-04-28 16:00:00,358
"17141",7007744171,2016-04-28 17:00:00,203
"17142",7007744171,2016-04-28 18:00:00,363
"17143",7007744171,2016-04-28 19:00:00,1134
"17144",7007744171,2016-04-28 20:00:00,803
"17145",7007744171,2016-04-28 21:00:00,58
"17146",7007744171,2016-04-28 22:00:00,0
"17147",7007744171,2016-04-28 23:00:00,0
"17148",7007744171,2016-04-29 00:00:00,0
"17149",7007744171,2016-04-29 01:00:00,0
"17150",7007744171,2016-04-29 02:00:00,0
"17151",7007744171,2016-04-29 03:00:00,0
"17152",7007744171,2016-04-29 04:00:00,0
"17153",7007744171,2016-04-29 05:00:00,0
"17154",7007744171,2016-04-29 06:00:00,637
"17155",7007744171,2016-04-29 07:00:00,3274
"17156",7007744171,2016-04-29 08:00:00,3939
"17157",7007744171,2016-04-29 09:00:00,642
"17158",7007744171,2016-04-29 10:00:00,399
"17159",7007744171,2016-04-29 11:00:00,274
"17160",7007744171,2016-04-29 12:00:00,630
"17161",7007744171,2016-04-29 13:00:00,193
"17162",7007744171,2016-04-29 14:00:00,2050
"17163",7007744171,2016-04-29 15:00:00,616
"17164",7007744171,2016-04-29 16:00:00,547
"17165",7007744171,2016-04-29 17:00:00,1857
"17166",7007744171,2016-04-29 18:00:00,1051
"17167",7007744171,2016-04-29 19:00:00,2151
"17168",7007744171,2016-04-29 20:00:00,1094
"17169",7007744171,2016-04-29 21:00:00,713
"17170",7007744171,2016-04-29 22:00:00,0
"17171",7007744171,2016-04-29 23:00:00,0
"17172",7007744171,2016-04-30 00:00:00,0
"17173",7007744171,2016-04-30 01:00:00,0
"17174",7007744171,2016-04-30 02:00:00,0
"17175",7007744171,2016-04-30 03:00:00,0
"17176",7007744171,2016-04-30 04:00:00,0
"17177",7007744171,2016-04-30 05:00:00,0
"17178",7007744171,2016-04-30 06:00:00,0
"17179",7007744171,2016-04-30 07:00:00,197
"17180",7007744171,2016-04-30 08:00:00,802
"17181",7007744171,2016-04-30 09:00:00,485
"17182",7007744171,2016-04-30 10:00:00,417
"17183",7007744171,2016-04-30 11:00:00,298
"17184",7007744171,2016-04-30 12:00:00,190
"17185",7007744171,2016-04-30 13:00:00,513
"17186",7007744171,2016-04-30 14:00:00,75
"17187",7007744171,2016-04-30 15:00:00,21
"17188",7007744171,2016-04-30 16:00:00,26
"17189",7007744171,2016-04-30 17:00:00,339
"17190",7007744171,2016-04-30 18:00:00,85
"17191",7007744171,2016-04-30 19:00:00,82
"17192",7007744171,2016-04-30 20:00:00,78
"17193",7007744171,2016-04-30 21:00:00,130
"17194",7007744171,2016-04-30 22:00:00,23
"17195",7007744171,2016-04-30 23:00:00,0
"17196",7007744171,2016-05-01 00:00:00,0
"17197",7007744171,2016-05-01 01:00:00,0
"17198",7007744171,2016-05-01 02:00:00,0
"17199",7007744171,2016-05-01 03:00:00,0
"17200",7007744171,2016-05-01 04:00:00,0
"17201",7007744171,2016-05-01 05:00:00,0
"17202",7007744171,2016-05-01 06:00:00,0
"17203",7007744171,2016-05-01 07:00:00,649
"17204",7007744171,2016-05-01 08:00:00,452
"17205",7007744171,2016-05-01 09:00:00,651
"17206",7007744171,2016-05-01 10:00:00,247
"17207",7007744171,2016-05-01 11:00:00,36
"17208",7007744171,2016-05-01 12:00:00,189
"17209",7007744171,2016-05-01 13:00:00,1186
"17210",7007744171,2016-05-01 14:00:00,321
"17211",7007744171,2016-05-01 15:00:00,613
"17212",7007744171,2016-05-01 16:00:00,738
"17213",7007744171,2016-05-01 17:00:00,231
"17214",7007744171,2016-05-01 18:00:00,51
"17215",7007744171,2016-05-01 19:00:00,236
"17216",7007744171,2016-05-01 20:00:00,0
"17217",7007744171,2016-05-01 21:00:00,0
"17218",7007744171,2016-05-01 22:00:00,0
"17219",7007744171,2016-05-01 23:00:00,0
"17220",7007744171,2016-05-02 00:00:00,0
"17221",7007744171,2016-05-02 01:00:00,0
"17222",7007744171,2016-05-02 02:00:00,0
"17223",7007744171,2016-05-02 03:00:00,0
"17224",7007744171,2016-05-02 04:00:00,0
"17225",7007744171,2016-05-02 05:00:00,0
"17226",7007744171,2016-05-02 06:00:00,823
"17227",7007744171,2016-05-02 07:00:00,485
"17228",7007744171,2016-05-02 08:00:00,4937
"17229",7007744171,2016-05-02 09:00:00,2409
"17230",7007744171,2016-05-02 10:00:00,2312
"17231",7007744171,2016-05-02 11:00:00,426
"17232",7007744171,2016-05-02 12:00:00,145
"17233",7007744171,2016-05-02 13:00:00,93
"17234",7007744171,2016-05-02 14:00:00,120
"17235",7007744171,2016-05-02 15:00:00,180
"17236",7007744171,2016-05-02 16:00:00,122
"17237",7007744171,2016-05-02 17:00:00,693
"17238",7007744171,2016-05-02 18:00:00,114
"17239",7007744171,2016-05-02 19:00:00,152
"17240",7007744171,2016-05-02 20:00:00,6
"17241",7007744171,2016-05-02 21:00:00,24
"17242",7007744171,2016-05-02 22:00:00,0
"17243",7007744171,2016-05-02 23:00:00,0
"17244",7007744171,2016-05-03 00:00:00,0
"17245",7007744171,2016-05-03 01:00:00,0
"17246",7007744171,2016-05-03 02:00:00,0
"17247",7007744171,2016-05-03 03:00:00,0
"17248",7007744171,2016-05-03 04:00:00,0
"17249",7007744171,2016-05-03 05:00:00,0
"17250",7007744171,2016-05-03 06:00:00,1050
"17251",7007744171,2016-05-03 07:00:00,3671
"17252",7007744171,2016-05-03 08:00:00,2965
"17253",7007744171,2016-05-03 09:00:00,650
"17254",7007744171,2016-05-03 10:00:00,299
"17255",7007744171,2016-05-03 11:00:00,802
"17256",7007744171,2016-05-03 12:00:00,557
"17257",7007744171,2016-05-03 13:00:00,1509
"17258",7007744171,2016-05-03 14:00:00,384
"17259",7007744171,2016-05-03 15:00:00,718
"17260",7007744171,2016-05-03 16:00:00,406
"17261",7007744171,2016-05-03 17:00:00,1016
"17262",7007744171,2016-05-03 18:00:00,232
"17263",7007744171,2016-05-03 19:00:00,84
"17264",7007744171,2016-05-03 20:00:00,73
"17265",7007744171,2016-05-03 21:00:00,94
"17266",7007744171,2016-05-03 22:00:00,0
"17267",7007744171,2016-05-03 23:00:00,0
"17268",7007744171,2016-05-04 00:00:00,0
"17269",7007744171,2016-05-04 01:00:00,0
"17270",7007744171,2016-05-04 02:00:00,0
"17271",7007744171,2016-05-04 03:00:00,0
"17272",7007744171,2016-05-04 04:00:00,0
"17273",7007744171,2016-05-04 05:00:00,0
"17274",7007744171,2016-05-04 06:00:00,0
"17275",7007744171,2016-05-04 07:00:00,0
"17276",7007744171,2016-05-04 08:00:00,0
"17277",7007744171,2016-05-04 09:00:00,0
"17278",7007744171,2016-05-04 10:00:00,0
"17279",7007744171,2016-05-04 11:00:00,0
"17280",7007744171,2016-05-04 12:00:00,0
"17281",7007744171,2016-05-04 13:00:00,0
"17282",7007744171,2016-05-04 14:00:00,0
"17283",7007744171,2016-05-04 15:00:00,0
"17284",7007744171,2016-05-04 16:00:00,0
"17285",7007744171,2016-05-04 17:00:00,0
"17286",7007744171,2016-05-04 18:00:00,0
"17287",7007744171,2016-05-04 19:00:00,0
"17288",7007744171,2016-05-04 20:00:00,0
"17289",7007744171,2016-05-04 21:00:00,0
"17290",7007744171,2016-05-04 22:00:00,0
"17291",7007744171,2016-05-04 23:00:00,0
"17292",7007744171,2016-05-05 00:00:00,0
"17293",7007744171,2016-05-05 01:00:00,0
"17294",7007744171,2016-05-05 02:00:00,0
"17295",7007744171,2016-05-05 03:00:00,0
"17296",7007744171,2016-05-05 04:00:00,0
"17297",7007744171,2016-05-05 05:00:00,0
"17298",7007744171,2016-05-05 06:00:00,752
"17299",7007744171,2016-05-05 07:00:00,2793
"17300",7007744171,2016-05-05 08:00:00,4094
"17301",7007744171,2016-05-05 09:00:00,2361
"17302",7007744171,2016-05-05 10:00:00,1294
"17303",7007744171,2016-05-05 11:00:00,130
"17304",7007744171,2016-05-05 12:00:00,192
"17305",7007744171,2016-05-05 13:00:00,562
"17306",7007744171,2016-05-05 14:00:00,326
"17307",7007744171,2016-05-05 15:00:00,662
"17308",7007744171,2016-05-05 16:00:00,781
"17309",7007744171,2016-05-05 17:00:00,385
"17310",7007744171,2016-05-05 18:00:00,595
"17311",7007744171,2016-05-05 19:00:00,83
"17312",7007744171,2016-05-05 20:00:00,0
"17313",7007744171,2016-05-05 21:00:00,0
"17314",7007744171,2016-05-05 22:00:00,0
"17315",7007744171,2016-05-05 23:00:00,0
"17316",7007744171,2016-05-06 00:00:00,0
"17317",7007744171,2016-05-06 01:00:00,0
"17318",7007744171,2016-05-06 02:00:00,0
"17319",7007744171,2016-05-06 03:00:00,0
"17320",7007744171,2016-05-06 04:00:00,0
"17321",7007744171,2016-05-06 05:00:00,43
"17322",7007744171,2016-05-06 06:00:00,5742
"17323",7007744171,2016-05-06 07:00:00,1164
"17324",7007744171,2016-05-06 08:00:00,907
"17325",7007744171,2016-05-06 09:00:00,806
"17326",7007744171,2016-05-06 10:00:00,90
"17327",7007744171,2016-05-06 11:00:00,441
"17328",7007744171,2016-05-06 12:00:00,301
"17329",7007744171,2016-05-06 13:00:00,324
"17330",7007744171,2016-05-06 14:00:00,37
"17331",7007744171,2016-05-06 15:00:00,361
"17332",7007744171,2016-05-06 16:00:00,69
"17333",7007744171,2016-05-06 17:00:00,135
"17334",7007744171,2016-05-06 18:00:00,453
"17335",7007744171,2016-05-06 19:00:00,374
"17336",7007744171,2016-05-06 20:00:00,212
"17337",7007744171,2016-05-06 21:00:00,0
"17338",7007744171,2016-05-06 22:00:00,0
"17339",7007744171,2016-05-06 23:00:00,0
"17340",7007744171,2016-05-07 00:00:00,0
"17341",7086361926,2016-04-12 00:00:00,0
"17342",7086361926,2016-04-12 01:00:00,0
"17343",7086361926,2016-04-12 02:00:00,0
"17344",7086361926,2016-04-12 03:00:00,0
"17345",7086361926,2016-04-12 04:00:00,0
"17346",7086361926,2016-04-12 05:00:00,0
"17347",7086361926,2016-04-12 06:00:00,0
"17348",7086361926,2016-04-12 07:00:00,422
"17349",7086361926,2016-04-12 08:00:00,0
"17350",7086361926,2016-04-12 09:00:00,234
"17351",7086361926,2016-04-12 10:00:00,26
"17352",7086361926,2016-04-12 11:00:00,121
"17353",7086361926,2016-04-12 12:00:00,156
"17354",7086361926,2016-04-12 13:00:00,1494
"17355",7086361926,2016-04-12 14:00:00,0
"17356",7086361926,2016-04-12 15:00:00,201
"17357",7086361926,2016-04-12 16:00:00,850
"17358",7086361926,2016-04-12 17:00:00,5921
"17359",7086361926,2016-04-12 18:00:00,995
"17360",7086361926,2016-04-12 19:00:00,297
"17361",7086361926,2016-04-12 20:00:00,407
"17362",7086361926,2016-04-12 21:00:00,0
"17363",7086361926,2016-04-12 22:00:00,181
"17364",7086361926,2016-04-12 23:00:00,4
"17365",7086361926,2016-04-13 00:00:00,0
"17366",7086361926,2016-04-13 01:00:00,0
"17367",7086361926,2016-04-13 02:00:00,0
"17368",7086361926,2016-04-13 03:00:00,0
"17369",7086361926,2016-04-13 04:00:00,0
"17370",7086361926,2016-04-13 05:00:00,0
"17371",7086361926,2016-04-13 06:00:00,12
"17372",7086361926,2016-04-13 07:00:00,475
"17373",7086361926,2016-04-13 08:00:00,150
"17374",7086361926,2016-04-13 09:00:00,0
"17375",7086361926,2016-04-13 10:00:00,152
"17376",7086361926,2016-04-13 11:00:00,91
"17377",7086361926,2016-04-13 12:00:00,49
"17378",7086361926,2016-04-13 13:00:00,1444
"17379",7086361926,2016-04-13 14:00:00,0
"17380",7086361926,2016-04-13 15:00:00,36
"17381",7086361926,2016-04-13 16:00:00,773
"17382",7086361926,2016-04-13 17:00:00,723
"17383",7086361926,2016-04-13 18:00:00,1182
"17384",7086361926,2016-04-13 19:00:00,327
"17385",7086361926,2016-04-13 20:00:00,255
"17386",7086361926,2016-04-13 21:00:00,4
"17387",7086361926,2016-04-13 22:00:00,140
"17388",7086361926,2016-04-13 23:00:00,0
"17389",7086361926,2016-04-14 00:00:00,0
"17390",7086361926,2016-04-14 01:00:00,14
"17391",7086361926,2016-04-14 02:00:00,0
"17392",7086361926,2016-04-14 03:00:00,0
"17393",7086361926,2016-04-14 04:00:00,0
"17394",7086361926,2016-04-14 05:00:00,0
"17395",7086361926,2016-04-14 06:00:00,0
"17396",7086361926,2016-04-14 07:00:00,362
"17397",7086361926,2016-04-14 08:00:00,607
"17398",7086361926,2016-04-14 09:00:00,438
"17399",7086361926,2016-04-14 10:00:00,156
"17400",7086361926,2016-04-14 11:00:00,427
"17401",7086361926,2016-04-14 12:00:00,58
"17402",7086361926,2016-04-14 13:00:00,1219
"17403",7086361926,2016-04-14 14:00:00,8
"17404",7086361926,2016-04-14 15:00:00,181
"17405",7086361926,2016-04-14 16:00:00,664
"17406",7086361926,2016-04-14 17:00:00,956
"17407",7086361926,2016-04-14 18:00:00,2604
"17408",7086361926,2016-04-14 19:00:00,370
"17409",7086361926,2016-04-14 20:00:00,249
"17410",7086361926,2016-04-14 21:00:00,56
"17411",7086361926,2016-04-14 22:00:00,34
"17412",7086361926,2016-04-14 23:00:00,595
"17413",7086361926,2016-04-15 00:00:00,428
"17414",7086361926,2016-04-15 01:00:00,0
"17415",7086361926,2016-04-15 02:00:00,0
"17416",7086361926,2016-04-15 03:00:00,0
"17417",7086361926,2016-04-15 04:00:00,0
"17418",7086361926,2016-04-15 05:00:00,0
"17419",7086361926,2016-04-15 06:00:00,0
"17420",7086361926,2016-04-15 07:00:00,701
"17421",7086361926,2016-04-15 08:00:00,244
"17422",7086361926,2016-04-15 09:00:00,169
"17423",7086361926,2016-04-15 10:00:00,0
"17424",7086361926,2016-04-15 11:00:00,36
"17425",7086361926,2016-04-15 12:00:00,421
"17426",7086361926,2016-04-15 13:00:00,3448
"17427",7086361926,2016-04-15 14:00:00,309
"17428",7086361926,2016-04-15 15:00:00,85
"17429",7086361926,2016-04-15 16:00:00,428
"17430",7086361926,2016-04-15 17:00:00,93
"17431",7086361926,2016-04-15 18:00:00,413
"17432",7086361926,2016-04-15 19:00:00,1714
"17433",7086361926,2016-04-15 20:00:00,11
"17434",7086361926,2016-04-15 21:00:00,0
"17435",7086361926,2016-04-15 22:00:00,85
"17436",7086361926,2016-04-15 23:00:00,0
"17437",7086361926,2016-04-16 00:00:00,31
"17438",7086361926,2016-04-16 01:00:00,0
"17439",7086361926,2016-04-16 02:00:00,0
"17440",7086361926,2016-04-16 03:00:00,0
"17441",7086361926,2016-04-16 04:00:00,0
"17442",7086361926,2016-04-16 05:00:00,0
"17443",7086361926,2016-04-16 06:00:00,0
"17444",7086361926,2016-04-16 07:00:00,0
"17445",7086361926,2016-04-16 08:00:00,0
"17446",7086361926,2016-04-16 09:00:00,0
"17447",7086361926,2016-04-16 10:00:00,0
"17448",7086361926,2016-04-16 11:00:00,0
"17449",7086361926,2016-04-16 12:00:00,0
"17450",7086361926,2016-04-16 13:00:00,0
"17451",7086361926,2016-04-16 14:00:00,0
"17452",7086361926,2016-04-16 15:00:00,0
"17453",7086361926,2016-04-16 16:00:00,0
"17454",7086361926,2016-04-16 17:00:00,0
"17455",7086361926,2016-04-16 18:00:00,0
"17456",7086361926,2016-04-16 19:00:00,0
"17457",7086361926,2016-04-16 20:00:00,0
"17458",7086361926,2016-04-16 21:00:00,0
"17459",7086361926,2016-04-16 22:00:00,0
"17460",7086361926,2016-04-16 23:00:00,0
"17461",7086361926,2016-04-17 00:00:00,0
"17462",7086361926,2016-04-17 01:00:00,0
"17463",7086361926,2016-04-17 02:00:00,0
"17464",7086361926,2016-04-17 03:00:00,0
"17465",7086361926,2016-04-17 04:00:00,0
"17466",7086361926,2016-04-17 05:00:00,0
"17467",7086361926,2016-04-17 06:00:00,0
"17468",7086361926,2016-04-17 07:00:00,0
"17469",7086361926,2016-04-17 08:00:00,0
"17470",7086361926,2016-04-17 09:00:00,0
"17471",7086361926,2016-04-17 10:00:00,0
"17472",7086361926,2016-04-17 11:00:00,0
"17473",7086361926,2016-04-17 12:00:00,0
"17474",7086361926,2016-04-17 13:00:00,0
"17475",7086361926,2016-04-17 14:00:00,0
"17476",7086361926,2016-04-17 15:00:00,0
"17477",7086361926,2016-04-17 16:00:00,0
"17478",7086361926,2016-04-17 17:00:00,0
"17479",7086361926,2016-04-17 18:00:00,0
"17480",7086361926,2016-04-17 19:00:00,0
"17481",7086361926,2016-04-17 20:00:00,0
"17482",7086361926,2016-04-17 21:00:00,0
"17483",7086361926,2016-04-17 22:00:00,0
"17484",7086361926,2016-04-17 23:00:00,0
"17485",7086361926,2016-04-18 00:00:00,0
"17486",7086361926,2016-04-18 01:00:00,0
"17487",7086361926,2016-04-18 02:00:00,0
"17488",7086361926,2016-04-18 03:00:00,0
"17489",7086361926,2016-04-18 04:00:00,0
"17490",7086361926,2016-04-18 05:00:00,0
"17491",7086361926,2016-04-18 06:00:00,0
"17492",7086361926,2016-04-18 07:00:00,593
"17493",7086361926,2016-04-18 08:00:00,356
"17494",7086361926,2016-04-18 09:00:00,56
"17495",7086361926,2016-04-18 10:00:00,193
"17496",7086361926,2016-04-18 11:00:00,0
"17497",7086361926,2016-04-18 12:00:00,3837
"17498",7086361926,2016-04-18 13:00:00,0
"17499",7086361926,2016-04-18 14:00:00,237
"17500",7086361926,2016-04-18 15:00:00,0
"17501",7086361926,2016-04-18 16:00:00,826
"17502",7086361926,2016-04-18 17:00:00,1128
"17503",7086361926,2016-04-18 18:00:00,2455
"17504",7086361926,2016-04-18 19:00:00,73
"17505",7086361926,2016-04-18 20:00:00,0
"17506",7086361926,2016-04-18 21:00:00,67
"17507",7086361926,2016-04-18 22:00:00,6
"17508",7086361926,2016-04-18 23:00:00,0
"17509",7086361926,2016-04-19 00:00:00,14
"17510",7086361926,2016-04-19 01:00:00,0
"17511",7086361926,2016-04-19 02:00:00,0
"17512",7086361926,2016-04-19 03:00:00,0
"17513",7086361926,2016-04-19 04:00:00,0
"17514",7086361926,2016-04-19 05:00:00,0
"17515",7086361926,2016-04-19 06:00:00,0
"17516",7086361926,2016-04-19 07:00:00,282
"17517",7086361926,2016-04-19 08:00:00,159
"17518",7086361926,2016-04-19 09:00:00,0
"17519",7086361926,2016-04-19 10:00:00,197
"17520",7086361926,2016-04-19 11:00:00,31
"17521",7086361926,2016-04-19 12:00:00,158
"17522",7086361926,2016-04-19 13:00:00,4141
"17523",7086361926,2016-04-19 14:00:00,0
"17524",7086361926,2016-04-19 15:00:00,34
"17525",7086361926,2016-04-19 16:00:00,777
"17526",7086361926,2016-04-19 17:00:00,955
"17527",7086361926,2016-04-19 18:00:00,2766
"17528",7086361926,2016-04-19 19:00:00,973
"17529",7086361926,2016-04-19 20:00:00,0
"17530",7086361926,2016-04-19 21:00:00,88
"17531",7086361926,2016-04-19 22:00:00,106
"17532",7086361926,2016-04-19 23:00:00,7
"17533",7086361926,2016-04-20 00:00:00,0
"17534",7086361926,2016-04-20 01:00:00,0
"17535",7086361926,2016-04-20 02:00:00,0
"17536",7086361926,2016-04-20 03:00:00,0
"17537",7086361926,2016-04-20 04:00:00,0
"17538",7086361926,2016-04-20 05:00:00,0
"17539",7086361926,2016-04-20 06:00:00,10
"17540",7086361926,2016-04-20 07:00:00,372
"17541",7086361926,2016-04-20 08:00:00,133
"17542",7086361926,2016-04-20 09:00:00,194
"17543",7086361926,2016-04-20 10:00:00,180
"17544",7086361926,2016-04-20 11:00:00,30
"17545",7086361926,2016-04-20 12:00:00,167
"17546",7086361926,2016-04-20 13:00:00,4286
"17547",7086361926,2016-04-20 14:00:00,101
"17548",7086361926,2016-04-20 15:00:00,197
"17549",7086361926,2016-04-20 16:00:00,816
"17550",7086361926,2016-04-20 17:00:00,6357
"17551",7086361926,2016-04-20 18:00:00,863
"17552",7086361926,2016-04-20 19:00:00,180
"17553",7086361926,2016-04-20 20:00:00,286
"17554",7086361926,2016-04-20 21:00:00,98
"17555",7086361926,2016-04-20 22:00:00,55
"17556",7086361926,2016-04-20 23:00:00,40
"17557",7086361926,2016-04-21 00:00:00,48
"17558",7086361926,2016-04-21 01:00:00,6
"17559",7086361926,2016-04-21 02:00:00,0
"17560",7086361926,2016-04-21 03:00:00,0
"17561",7086361926,2016-04-21 04:00:00,0
"17562",7086361926,2016-04-21 05:00:00,0
"17563",7086361926,2016-04-21 06:00:00,34
"17564",7086361926,2016-04-21 07:00:00,449
"17565",7086361926,2016-04-21 08:00:00,49
"17566",7086361926,2016-04-21 09:00:00,42
"17567",7086361926,2016-04-21 10:00:00,179
"17568",7086361926,2016-04-21 11:00:00,196
"17569",7086361926,2016-04-21 12:00:00,80
"17570",7086361926,2016-04-21 13:00:00,1716
"17571",7086361926,2016-04-21 14:00:00,2530
"17572",7086361926,2016-04-21 15:00:00,37
"17573",7086361926,2016-04-21 16:00:00,956
"17574",7086361926,2016-04-21 17:00:00,918
"17575",7086361926,2016-04-21 18:00:00,198
"17576",7086361926,2016-04-21 19:00:00,8
"17577",7086361926,2016-04-21 20:00:00,439
"17578",7086361926,2016-04-21 21:00:00,698
"17579",7086361926,2016-04-21 22:00:00,629
"17580",7086361926,2016-04-21 23:00:00,257
"17581",7086361926,2016-04-22 00:00:00,0
"17582",7086361926,2016-04-22 01:00:00,0
"17583",7086361926,2016-04-22 02:00:00,0
"17584",7086361926,2016-04-22 03:00:00,0
"17585",7086361926,2016-04-22 04:00:00,0
"17586",7086361926,2016-04-22 05:00:00,0
"17587",7086361926,2016-04-22 06:00:00,9
"17588",7086361926,2016-04-22 07:00:00,729
"17589",7086361926,2016-04-22 08:00:00,421
"17590",7086361926,2016-04-22 09:00:00,0
"17591",7086361926,2016-04-22 10:00:00,545
"17592",7086361926,2016-04-22 11:00:00,357
"17593",7086361926,2016-04-22 12:00:00,353
"17594",7086361926,2016-04-22 13:00:00,125
"17595",7086361926,2016-04-22 14:00:00,138
"17596",7086361926,2016-04-22 15:00:00,323
"17597",7086361926,2016-04-22 16:00:00,955
"17598",7086361926,2016-04-22 17:00:00,892
"17599",7086361926,2016-04-22 18:00:00,2810
"17600",7086361926,2016-04-22 19:00:00,1595
"17601",7086361926,2016-04-22 20:00:00,59
"17602",7086361926,2016-04-22 21:00:00,422
"17603",7086361926,2016-04-22 22:00:00,0
"17604",7086361926,2016-04-22 23:00:00,0
"17605",7086361926,2016-04-23 00:00:00,0
"17606",7086361926,2016-04-23 01:00:00,0
"17607",7086361926,2016-04-23 02:00:00,0
"17608",7086361926,2016-04-23 03:00:00,0
"17609",7086361926,2016-04-23 04:00:00,0
"17610",7086361926,2016-04-23 05:00:00,0
"17611",7086361926,2016-04-23 06:00:00,0
"17612",7086361926,2016-04-23 07:00:00,0
"17613",7086361926,2016-04-23 08:00:00,0
"17614",7086361926,2016-04-23 09:00:00,0
"17615",7086361926,2016-04-23 10:00:00,0
"17616",7086361926,2016-04-23 11:00:00,0
"17617",7086361926,2016-04-23 12:00:00,7
"17618",7086361926,2016-04-23 13:00:00,198
"17619",7086361926,2016-04-23 14:00:00,1594
"17620",7086361926,2016-04-23 15:00:00,362
"17621",7086361926,2016-04-23 16:00:00,347
"17622",7086361926,2016-04-23 17:00:00,8
"17623",7086361926,2016-04-23 18:00:00,0
"17624",7086361926,2016-04-23 19:00:00,24
"17625",7086361926,2016-04-23 20:00:00,13
"17626",7086361926,2016-04-23 21:00:00,82
"17627",7086361926,2016-04-23 22:00:00,122
"17628",7086361926,2016-04-23 23:00:00,54
"17629",7086361926,2016-04-24 00:00:00,4
"17630",7086361926,2016-04-24 01:00:00,0
"17631",7086361926,2016-04-24 02:00:00,0
"17632",7086361926,2016-04-24 03:00:00,0
"17633",7086361926,2016-04-24 04:00:00,0
"17634",7086361926,2016-04-24 05:00:00,0
"17635",7086361926,2016-04-24 06:00:00,0
"17636",7086361926,2016-04-24 07:00:00,0
"17637",7086361926,2016-04-24 08:00:00,0
"17638",7086361926,2016-04-24 09:00:00,0
"17639",7086361926,2016-04-24 10:00:00,0
"17640",7086361926,2016-04-24 11:00:00,0
"17641",7086361926,2016-04-24 12:00:00,163
"17642",7086361926,2016-04-24 13:00:00,0
"17643",7086361926,2016-04-24 14:00:00,494
"17644",7086361926,2016-04-24 15:00:00,1454
"17645",7086361926,2016-04-24 16:00:00,136
"17646",7086361926,2016-04-24 17:00:00,0
"17647",7086361926,2016-04-24 18:00:00,517
"17648",7086361926,2016-04-24 19:00:00,546
"17649",7086361926,2016-04-24 20:00:00,8
"17650",7086361926,2016-04-24 21:00:00,69
"17651",7086361926,2016-04-24 22:00:00,129
"17652",7086361926,2016-04-24 23:00:00,0
"17653",7086361926,2016-04-25 00:00:00,0
"17654",7086361926,2016-04-25 01:00:00,0
"17655",7086361926,2016-04-25 02:00:00,0
"17656",7086361926,2016-04-25 03:00:00,0
"17657",7086361926,2016-04-25 04:00:00,0
"17658",7086361926,2016-04-25 05:00:00,0
"17659",7086361926,2016-04-25 06:00:00,0
"17660",7086361926,2016-04-25 07:00:00,717
"17661",7086361926,2016-04-25 08:00:00,0
"17662",7086361926,2016-04-25 09:00:00,41
"17663",7086361926,2016-04-25 10:00:00,201
"17664",7086361926,2016-04-25 11:00:00,184
"17665",7086361926,2016-04-25 12:00:00,90
"17666",7086361926,2016-04-25 13:00:00,3609
"17667",7086361926,2016-04-25 14:00:00,0
"17668",7086361926,2016-04-25 15:00:00,29
"17669",7086361926,2016-04-25 16:00:00,840
"17670",7086361926,2016-04-25 17:00:00,1303
"17671",7086361926,2016-04-25 18:00:00,2679
"17672",7086361926,2016-04-25 19:00:00,217
"17673",7086361926,2016-04-25 20:00:00,151
"17674",7086361926,2016-04-25 21:00:00,7
"17675",7086361926,2016-04-25 22:00:00,23
"17676",7086361926,2016-04-25 23:00:00,0
"17677",7086361926,2016-04-26 00:00:00,0
"17678",7086361926,2016-04-26 01:00:00,4
"17679",7086361926,2016-04-26 02:00:00,11
"17680",7086361926,2016-04-26 03:00:00,0
"17681",7086361926,2016-04-26 04:00:00,0
"17682",7086361926,2016-04-26 05:00:00,0
"17683",7086361926,2016-04-26 06:00:00,9
"17684",7086361926,2016-04-26 07:00:00,472
"17685",7086361926,2016-04-26 08:00:00,114
"17686",7086361926,2016-04-26 09:00:00,0
"17687",7086361926,2016-04-26 10:00:00,234
"17688",7086361926,2016-04-26 11:00:00,195
"17689",7086361926,2016-04-26 12:00:00,392
"17690",7086361926,2016-04-26 13:00:00,2837
"17691",7086361926,2016-04-26 14:00:00,1380
"17692",7086361926,2016-04-26 15:00:00,191
"17693",7086361926,2016-04-26 16:00:00,967
"17694",7086361926,2016-04-26 17:00:00,894
"17695",7086361926,2016-04-26 18:00:00,2459
"17696",7086361926,2016-04-26 19:00:00,193
"17697",7086361926,2016-04-26 20:00:00,12
"17698",7086361926,2016-04-26 21:00:00,0
"17699",7086361926,2016-04-26 22:00:00,14
"17700",7086361926,2016-04-26 23:00:00,0
"17701",7086361926,2016-04-27 00:00:00,0
"17702",7086361926,2016-04-27 01:00:00,8
"17703",7086361926,2016-04-27 02:00:00,0
"17704",7086361926,2016-04-27 03:00:00,0
"17705",7086361926,2016-04-27 04:00:00,0
"17706",7086361926,2016-04-27 05:00:00,0
"17707",7086361926,2016-04-27 06:00:00,0
"17708",7086361926,2016-04-27 07:00:00,379
"17709",7086361926,2016-04-27 08:00:00,120
"17710",7086361926,2016-04-27 09:00:00,202
"17711",7086361926,2016-04-27 10:00:00,0
"17712",7086361926,2016-04-27 11:00:00,162
"17713",7086361926,2016-04-27 12:00:00,149
"17714",7086361926,2016-04-27 13:00:00,614
"17715",7086361926,2016-04-27 14:00:00,726
"17716",7086361926,2016-04-27 15:00:00,39
"17717",7086361926,2016-04-27 16:00:00,934
"17718",7086361926,2016-04-27 17:00:00,6025
"17719",7086361926,2016-04-27 18:00:00,792
"17720",7086361926,2016-04-27 19:00:00,28
"17721",7086361926,2016-04-27 20:00:00,376
"17722",7086361926,2016-04-27 21:00:00,216
"17723",7086361926,2016-04-27 22:00:00,289
"17724",7086361926,2016-04-27 23:00:00,48
"17725",7086361926,2016-04-28 00:00:00,784
"17726",7086361926,2016-04-28 01:00:00,0
"17727",7086361926,2016-04-28 02:00:00,0
"17728",7086361926,2016-04-28 03:00:00,0
"17729",7086361926,2016-04-28 04:00:00,0
"17730",7086361926,2016-04-28 05:00:00,0
"17731",7086361926,2016-04-28 06:00:00,14
"17732",7086361926,2016-04-28 07:00:00,426
"17733",7086361926,2016-04-28 08:00:00,214
"17734",7086361926,2016-04-28 09:00:00,41
"17735",7086361926,2016-04-28 10:00:00,188
"17736",7086361926,2016-04-28 11:00:00,0
"17737",7086361926,2016-04-28 12:00:00,137
"17738",7086361926,2016-04-28 13:00:00,3859
"17739",7086361926,2016-04-28 14:00:00,638
"17740",7086361926,2016-04-28 15:00:00,151
"17741",7086361926,2016-04-28 16:00:00,902
"17742",7086361926,2016-04-28 17:00:00,1363
"17743",7086361926,2016-04-28 18:00:00,2424
"17744",7086361926,2016-04-28 19:00:00,17
"17745",7086361926,2016-04-28 20:00:00,85
"17746",7086361926,2016-04-28 21:00:00,269
"17747",7086361926,2016-04-28 22:00:00,63
"17748",7086361926,2016-04-28 23:00:00,0
"17749",7086361926,2016-04-29 00:00:00,0
"17750",7086361926,2016-04-29 01:00:00,0
"17751",7086361926,2016-04-29 02:00:00,0
"17752",7086361926,2016-04-29 03:00:00,0
"17753",7086361926,2016-04-29 04:00:00,0
"17754",7086361926,2016-04-29 05:00:00,0
"17755",7086361926,2016-04-29 06:00:00,0
"17756",7086361926,2016-04-29 07:00:00,616
"17757",7086361926,2016-04-29 08:00:00,172
"17758",7086361926,2016-04-29 09:00:00,285
"17759",7086361926,2016-04-29 10:00:00,0
"17760",7086361926,2016-04-29 11:00:00,199
"17761",7086361926,2016-04-29 12:00:00,202
"17762",7086361926,2016-04-29 13:00:00,2225
"17763",7086361926,2016-04-29 14:00:00,0
"17764",7086361926,2016-04-29 15:00:00,161
"17765",7086361926,2016-04-29 16:00:00,1013
"17766",7086361926,2016-04-29 17:00:00,1093
"17767",7086361926,2016-04-29 18:00:00,1060
"17768",7086361926,2016-04-29 19:00:00,198
"17769",7086361926,2016-04-29 20:00:00,119
"17770",7086361926,2016-04-29 21:00:00,285
"17771",7086361926,2016-04-29 22:00:00,245
"17772",7086361926,2016-04-29 23:00:00,8
"17773",7086361926,2016-04-30 00:00:00,38
"17774",7086361926,2016-04-30 01:00:00,291
"17775",7086361926,2016-04-30 02:00:00,0
"17776",7086361926,2016-04-30 03:00:00,0
"17777",7086361926,2016-04-30 04:00:00,0
"17778",7086361926,2016-04-30 05:00:00,0
"17779",7086361926,2016-04-30 06:00:00,0
"17780",7086361926,2016-04-30 07:00:00,0
"17781",7086361926,2016-04-30 08:00:00,0
"17782",7086361926,2016-04-30 09:00:00,0
"17783",7086361926,2016-04-30 10:00:00,627
"17784",7086361926,2016-04-30 11:00:00,609
"17785",7086361926,2016-04-30 12:00:00,2636
"17786",7086361926,2016-04-30 13:00:00,287
"17787",7086361926,2016-04-30 14:00:00,600
"17788",7086361926,2016-04-30 15:00:00,2508
"17789",7086361926,2016-04-30 16:00:00,947
"17790",7086361926,2016-04-30 17:00:00,726
"17791",7086361926,2016-04-30 18:00:00,502
"17792",7086361926,2016-04-30 19:00:00,923
"17793",7086361926,2016-04-30 20:00:00,1290
"17794",7086361926,2016-04-30 21:00:00,817
"17795",7086361926,2016-04-30 22:00:00,295
"17796",7086361926,2016-04-30 23:00:00,1464
"17797",7086361926,2016-05-01 00:00:00,68
"17798",7086361926,2016-05-01 01:00:00,0
"17799",7086361926,2016-05-01 02:00:00,5
"17800",7086361926,2016-05-01 03:00:00,0
"17801",7086361926,2016-05-01 04:00:00,0
"17802",7086361926,2016-05-01 05:00:00,0
"17803",7086361926,2016-05-01 06:00:00,0
"17804",7086361926,2016-05-01 07:00:00,426
"17805",7086361926,2016-05-01 08:00:00,2824
"17806",7086361926,2016-05-01 09:00:00,247
"17807",7086361926,2016-05-01 10:00:00,2391
"17808",7086361926,2016-05-01 11:00:00,200
"17809",7086361926,2016-05-01 12:00:00,548
"17810",7086361926,2016-05-01 13:00:00,1481
"17811",7086361926,2016-05-01 14:00:00,1305
"17812",7086361926,2016-05-01 15:00:00,643
"17813",7086361926,2016-05-01 16:00:00,0
"17814",7086361926,2016-05-01 17:00:00,0
"17815",7086361926,2016-05-01 18:00:00,1105
"17816",7086361926,2016-05-01 19:00:00,293
"17817",7086361926,2016-05-01 20:00:00,456
"17818",7086361926,2016-05-01 21:00:00,144
"17819",7086361926,2016-05-01 22:00:00,133
"17820",7086361926,2016-05-01 23:00:00,106
"17821",7086361926,2016-05-02 00:00:00,0
"17822",7086361926,2016-05-02 01:00:00,0
"17823",7086361926,2016-05-02 02:00:00,0
"17824",7086361926,2016-05-02 03:00:00,0
"17825",7086361926,2016-05-02 04:00:00,0
"17826",7086361926,2016-05-02 05:00:00,0
"17827",7086361926,2016-05-02 06:00:00,74
"17828",7086361926,2016-05-02 07:00:00,508
"17829",7086361926,2016-05-02 08:00:00,32
"17830",7086361926,2016-05-02 09:00:00,187
"17831",7086361926,2016-05-02 10:00:00,92
"17832",7086361926,2016-05-02 11:00:00,34
"17833",7086361926,2016-05-02 12:00:00,229
"17834",7086361926,2016-05-02 13:00:00,3575
"17835",7086361926,2016-05-02 14:00:00,0
"17836",7086361926,2016-05-02 15:00:00,219
"17837",7086361926,2016-05-02 16:00:00,842
"17838",7086361926,2016-05-02 17:00:00,1426
"17839",7086361926,2016-05-02 18:00:00,2592
"17840",7086361926,2016-05-02 19:00:00,130
"17841",7086361926,2016-05-02 20:00:00,0
"17842",7086361926,2016-05-02 21:00:00,0
"17843",7086361926,2016-05-02 22:00:00,106
"17844",7086361926,2016-05-02 23:00:00,6
"17845",7086361926,2016-05-03 00:00:00,0
"17846",7086361926,2016-05-03 01:00:00,0
"17847",7086361926,2016-05-03 02:00:00,0
"17848",7086361926,2016-05-03 03:00:00,0
"17849",7086361926,2016-05-03 04:00:00,0
"17850",7086361926,2016-05-03 05:00:00,0
"17851",7086361926,2016-05-03 06:00:00,13
"17852",7086361926,2016-05-03 07:00:00,229
"17853",7086361926,2016-05-03 08:00:00,0
"17854",7086361926,2016-05-03 09:00:00,213
"17855",7086361926,2016-05-03 10:00:00,160
"17856",7086361926,2016-05-03 11:00:00,139
"17857",7086361926,2016-05-03 12:00:00,151
"17858",7086361926,2016-05-03 13:00:00,3619
"17859",7086361926,2016-05-03 14:00:00,210
"17860",7086361926,2016-05-03 15:00:00,227
"17861",7086361926,2016-05-03 16:00:00,819
"17862",7086361926,2016-05-03 17:00:00,1219
"17863",7086361926,2016-05-03 18:00:00,1889
"17864",7086361926,2016-05-03 19:00:00,42
"17865",7086361926,2016-05-03 20:00:00,267
"17866",7086361926,2016-05-03 21:00:00,628
"17867",7086361926,2016-05-03 22:00:00,135
"17868",7086361926,2016-05-03 23:00:00,328
"17869",7086361926,2016-05-04 00:00:00,0
"17870",7086361926,2016-05-04 01:00:00,0
"17871",7086361926,2016-05-04 02:00:00,0
"17872",7086361926,2016-05-04 03:00:00,0
"17873",7086361926,2016-05-04 04:00:00,0
"17874",7086361926,2016-05-04 05:00:00,0
"17875",7086361926,2016-05-04 06:00:00,20
"17876",7086361926,2016-05-04 07:00:00,309
"17877",7086361926,2016-05-04 08:00:00,141
"17878",7086361926,2016-05-04 09:00:00,48
"17879",7086361926,2016-05-04 10:00:00,165
"17880",7086361926,2016-05-04 11:00:00,34
"17881",7086361926,2016-05-04 12:00:00,317
"17882",7086361926,2016-05-04 13:00:00,1398
"17883",7086361926,2016-05-04 14:00:00,39
"17884",7086361926,2016-05-04 15:00:00,218
"17885",7086361926,2016-05-04 16:00:00,904
"17886",7086361926,2016-05-04 17:00:00,6091
"17887",7086361926,2016-05-04 18:00:00,877
"17888",7086361926,2016-05-04 19:00:00,262
"17889",7086361926,2016-05-04 20:00:00,0
"17890",7086361926,2016-05-04 21:00:00,30
"17891",7086361926,2016-05-04 22:00:00,127
"17892",7086361926,2016-05-04 23:00:00,8
"17893",7086361926,2016-05-05 00:00:00,0
"17894",7086361926,2016-05-05 01:00:00,0
"17895",7086361926,2016-05-05 02:00:00,0
"17896",7086361926,2016-05-05 03:00:00,0
"17897",7086361926,2016-05-05 04:00:00,0
"17898",7086361926,2016-05-05 05:00:00,0
"17899",7086361926,2016-05-05 06:00:00,0
"17900",7086361926,2016-05-05 07:00:00,389
"17901",7086361926,2016-05-05 08:00:00,387
"17902",7086361926,2016-05-05 09:00:00,0
"17903",7086361926,2016-05-05 10:00:00,157
"17904",7086361926,2016-05-05 11:00:00,265
"17905",7086361926,2016-05-05 12:00:00,66
"17906",7086361926,2016-05-05 13:00:00,4946
"17907",7086361926,2016-05-05 14:00:00,25
"17908",7086361926,2016-05-05 15:00:00,71
"17909",7086361926,2016-05-05 16:00:00,519
"17910",7086361926,2016-05-05 17:00:00,556
"17911",7086361926,2016-05-05 18:00:00,187
"17912",7086361926,2016-05-05 19:00:00,143
"17913",7086361926,2016-05-05 20:00:00,451
"17914",7086361926,2016-05-05 21:00:00,82
"17915",7086361926,2016-05-05 22:00:00,181
"17916",7086361926,2016-05-05 23:00:00,100
"17917",7086361926,2016-05-06 00:00:00,45
"17918",7086361926,2016-05-06 01:00:00,205
"17919",7086361926,2016-05-06 02:00:00,0
"17920",7086361926,2016-05-06 03:00:00,0
"17921",7086361926,2016-05-06 04:00:00,0
"17922",7086361926,2016-05-06 05:00:00,0
"17923",7086361926,2016-05-06 06:00:00,17
"17924",7086361926,2016-05-06 07:00:00,1298
"17925",7086361926,2016-05-06 08:00:00,255
"17926",7086361926,2016-05-06 09:00:00,166
"17927",7086361926,2016-05-06 10:00:00,52
"17928",7086361926,2016-05-06 11:00:00,67
"17929",7086361926,2016-05-06 12:00:00,159
"17930",7086361926,2016-05-06 13:00:00,4869
"17931",7086361926,2016-05-06 14:00:00,539
"17932",7086361926,2016-05-06 15:00:00,76
"17933",7086361926,2016-05-06 16:00:00,1048
"17934",7086361926,2016-05-06 17:00:00,983
"17935",7086361926,2016-05-06 18:00:00,2024
"17936",7086361926,2016-05-06 19:00:00,351
"17937",7086361926,2016-05-06 20:00:00,288
"17938",7086361926,2016-05-06 21:00:00,19
"17939",7086361926,2016-05-06 22:00:00,0
"17940",7086361926,2016-05-06 23:00:00,0
"17941",7086361926,2016-05-07 00:00:00,20
"17942",7086361926,2016-05-07 01:00:00,0
"17943",7086361926,2016-05-07 02:00:00,0
"17944",7086361926,2016-05-07 03:00:00,0
"17945",7086361926,2016-05-07 04:00:00,0
"17946",7086361926,2016-05-07 05:00:00,0
"17947",7086361926,2016-05-07 06:00:00,0
"17948",7086361926,2016-05-07 07:00:00,0
"17949",7086361926,2016-05-07 08:00:00,0
"17950",7086361926,2016-05-07 09:00:00,47
"17951",7086361926,2016-05-07 10:00:00,286
"17952",7086361926,2016-05-07 11:00:00,544
"17953",7086361926,2016-05-07 12:00:00,3925
"17954",7086361926,2016-05-07 13:00:00,1330
"17955",7086361926,2016-05-07 14:00:00,1724
"17956",7086361926,2016-05-07 15:00:00,538
"17957",7086361926,2016-05-07 16:00:00,434
"17958",7086361926,2016-05-07 17:00:00,886
"17959",7086361926,2016-05-07 18:00:00,865
"17960",7086361926,2016-05-07 19:00:00,7
"17961",7086361926,2016-05-07 20:00:00,336
"17962",7086361926,2016-05-07 21:00:00,1746
"17963",7086361926,2016-05-07 22:00:00,133
"17964",7086361926,2016-05-07 23:00:00,6
"17965",7086361926,2016-05-08 00:00:00,25
"17966",7086361926,2016-05-08 01:00:00,0
"17967",7086361926,2016-05-08 02:00:00,0
"17968",7086361926,2016-05-08 03:00:00,0
"17969",7086361926,2016-05-08 04:00:00,0
"17970",7086361926,2016-05-08 05:00:00,0
"17971",7086361926,2016-05-08 06:00:00,0
"17972",7086361926,2016-05-08 07:00:00,7
"17973",7086361926,2016-05-08 08:00:00,0
"17974",7086361926,2016-05-08 09:00:00,542
"17975",7086361926,2016-05-08 10:00:00,0
"17976",7086361926,2016-05-08 11:00:00,26
"17977",7086361926,2016-05-08 12:00:00,370
"17978",7086361926,2016-05-08 13:00:00,86
"17979",7086361926,2016-05-08 14:00:00,184
"17980",7086361926,2016-05-08 15:00:00,3428
"17981",7086361926,2016-05-08 16:00:00,2870
"17982",7086361926,2016-05-08 17:00:00,1164
"17983",7086361926,2016-05-08 18:00:00,0
"17984",7086361926,2016-05-08 19:00:00,377
"17985",7086361926,2016-05-08 20:00:00,987
"17986",7086361926,2016-05-08 21:00:00,123
"17987",7086361926,2016-05-08 22:00:00,121
"17988",7086361926,2016-05-08 23:00:00,367
"17989",7086361926,2016-05-09 00:00:00,0
"17990",7086361926,2016-05-09 01:00:00,0
"17991",7086361926,2016-05-09 02:00:00,0
"17992",7086361926,2016-05-09 03:00:00,0
"17993",7086361926,2016-05-09 04:00:00,0
"17994",7086361926,2016-05-09 05:00:00,0
"17995",7086361926,2016-05-09 06:00:00,20
"17996",7086361926,2016-05-09 07:00:00,286
"17997",7086361926,2016-05-09 08:00:00,356
"17998",7086361926,2016-05-09 09:00:00,204
"17999",7086361926,2016-05-09 10:00:00,32
"18000",7086361926,2016-05-09 11:00:00,159
"18001",7086361926,2016-05-09 12:00:00,383
"18002",7086361926,2016-05-09 13:00:00,5277
"18003",7086361926,2016-05-09 14:00:00,762
"18004",7086361926,2016-05-09 15:00:00,51
"18005",7086361926,2016-05-09 16:00:00,955
"18006",7086361926,2016-05-09 17:00:00,1120
"18007",7086361926,2016-05-09 18:00:00,2415
"18008",7086361926,2016-05-09 19:00:00,968
"18009",7086361926,2016-05-09 20:00:00,437
"18010",7086361926,2016-05-09 21:00:00,133
"18011",7086361926,2016-05-09 22:00:00,0
"18012",7086361926,2016-05-09 23:00:00,0
"18013",7086361926,2016-05-10 00:00:00,0
"18014",7086361926,2016-05-10 01:00:00,0
"18015",7086361926,2016-05-10 02:00:00,0
"18016",7086361926,2016-05-10 03:00:00,0
"18017",7086361926,2016-05-10 04:00:00,0
"18018",7086361926,2016-05-10 05:00:00,0
"18019",7086361926,2016-05-10 06:00:00,0
"18020",7086361926,2016-05-10 07:00:00,296
"18021",7086361926,2016-05-10 08:00:00,139
"18022",7086361926,2016-05-10 09:00:00,195
"18023",7086361926,2016-05-10 10:00:00,177
"18024",7086361926,2016-05-10 11:00:00,171
"18025",7086361926,2016-05-10 12:00:00,138
"18026",7086361926,2016-05-10 13:00:00,4917
"18027",7086361926,2016-05-10 14:00:00,106
"18028",7086361926,2016-05-10 15:00:00,42
"18029",7086361926,2016-05-10 16:00:00,1063
"18030",7086361926,2016-05-10 17:00:00,6235
"18031",7086361926,2016-05-10 18:00:00,803
"18032",7086361926,2016-05-10 19:00:00,63
"18033",7086361926,2016-05-10 20:00:00,0
"18034",7086361926,2016-05-10 21:00:00,0
"18035",7086361926,2016-05-10 22:00:00,62
"18036",7086361926,2016-05-10 23:00:00,0
"18037",7086361926,2016-05-11 00:00:00,0
"18038",7086361926,2016-05-11 01:00:00,6
"18039",7086361926,2016-05-11 02:00:00,0
"18040",7086361926,2016-05-11 03:00:00,0
"18041",7086361926,2016-05-11 04:00:00,0
"18042",7086361926,2016-05-11 05:00:00,0
"18043",7086361926,2016-05-11 06:00:00,23
"18044",7086361926,2016-05-11 07:00:00,278
"18045",7086361926,2016-05-11 08:00:00,163
"18046",7086361926,2016-05-11 09:00:00,161
"18047",7086361926,2016-05-11 10:00:00,162
"18048",7086361926,2016-05-11 11:00:00,102
"18049",7086361926,2016-05-11 12:00:00,97
"18050",7086361926,2016-05-11 13:00:00,3597
"18051",7086361926,2016-05-11 14:00:00,31
"18052",7086361926,2016-05-11 15:00:00,13
"18053",7086361926,2016-05-11 16:00:00,1134
"18054",7086361926,2016-05-11 17:00:00,1253
"18055",7086361926,2016-05-11 18:00:00,2155
"18056",7086361926,2016-05-11 19:00:00,287
"18057",7086361926,2016-05-11 20:00:00,78
"18058",7086361926,2016-05-11 21:00:00,0
"18059",7086361926,2016-05-11 22:00:00,32
"18060",7086361926,2016-05-11 23:00:00,0
"18061",7086361926,2016-05-12 00:00:00,0
"18062",7086361926,2016-05-12 01:00:00,0
"18063",7086361926,2016-05-12 02:00:00,0
"18064",7086361926,2016-05-12 03:00:00,0
"18065",7086361926,2016-05-12 04:00:00,0
"18066",7086361926,2016-05-12 05:00:00,0
"18067",7086361926,2016-05-12 06:00:00,0
"18068",7086361926,2016-05-12 07:00:00,54
"18069",7086361926,2016-05-12 08:00:00,439
"18070",7086361926,2016-05-12 09:00:00,0
"18071",7086361926,2016-05-12 10:00:00,194
"18072",7086361926,2016-05-12 11:00:00,144
"18073",7086361926,2016-05-12 12:00:00,201
"18074",8053475328,2016-04-12 00:00:00,0
"18075",8053475328,2016-04-12 01:00:00,7
"18076",8053475328,2016-04-12 02:00:00,283
"18077",8053475328,2016-04-12 03:00:00,0
"18078",8053475328,2016-04-12 04:00:00,0
"18079",8053475328,2016-04-12 05:00:00,0
"18080",8053475328,2016-04-12 06:00:00,0
"18081",8053475328,2016-04-12 07:00:00,0
"18082",8053475328,2016-04-12 08:00:00,0
"18083",8053475328,2016-04-12 09:00:00,0
"18084",8053475328,2016-04-12 10:00:00,0
"18085",8053475328,2016-04-12 11:00:00,197
"18086",8053475328,2016-04-12 12:00:00,130
"18087",8053475328,2016-04-12 13:00:00,85
"18088",8053475328,2016-04-12 14:00:00,4060
"18089",8053475328,2016-04-12 15:00:00,0
"18090",8053475328,2016-04-12 16:00:00,101
"18091",8053475328,2016-04-12 17:00:00,2785
"18092",8053475328,2016-04-12 18:00:00,2046
"18093",8053475328,2016-04-12 19:00:00,6773
"18094",8053475328,2016-04-12 20:00:00,73
"18095",8053475328,2016-04-12 21:00:00,1218
"18096",8053475328,2016-04-12 22:00:00,129
"18097",8053475328,2016-04-12 23:00:00,173
"18098",8053475328,2016-04-13 00:00:00,4
"18099",8053475328,2016-04-13 01:00:00,180
"18100",8053475328,2016-04-13 02:00:00,0
"18101",8053475328,2016-04-13 03:00:00,0
"18102",8053475328,2016-04-13 04:00:00,0
"18103",8053475328,2016-04-13 05:00:00,0
"18104",8053475328,2016-04-13 06:00:00,0
"18105",8053475328,2016-04-13 07:00:00,0
"18106",8053475328,2016-04-13 08:00:00,0
"18107",8053475328,2016-04-13 09:00:00,0
"18108",8053475328,2016-04-13 10:00:00,83
"18109",8053475328,2016-04-13 11:00:00,502
"18110",8053475328,2016-04-13 12:00:00,201
"18111",8053475328,2016-04-13 13:00:00,2767
"18112",8053475328,2016-04-13 14:00:00,1563
"18113",8053475328,2016-04-13 15:00:00,0
"18114",8053475328,2016-04-13 16:00:00,311
"18115",8053475328,2016-04-13 17:00:00,1083
"18116",8053475328,2016-04-13 18:00:00,1528
"18117",8053475328,2016-04-13 19:00:00,7643
"18118",8053475328,2016-04-13 20:00:00,20
"18119",8053475328,2016-04-13 21:00:00,223
"18120",8053475328,2016-04-13 22:00:00,208
"18121",8053475328,2016-04-13 23:00:00,117
"18122",8053475328,2016-04-14 00:00:00,16
"18123",8053475328,2016-04-14 01:00:00,0
"18124",8053475328,2016-04-14 02:00:00,101
"18125",8053475328,2016-04-14 03:00:00,0
"18126",8053475328,2016-04-14 04:00:00,0
"18127",8053475328,2016-04-14 05:00:00,0
"18128",8053475328,2016-04-14 06:00:00,0
"18129",8053475328,2016-04-14 07:00:00,0
"18130",8053475328,2016-04-14 08:00:00,0
"18131",8053475328,2016-04-14 09:00:00,0
"18132",8053475328,2016-04-14 10:00:00,452
"18133",8053475328,2016-04-14 11:00:00,957
"18134",8053475328,2016-04-14 12:00:00,799
"18135",8053475328,2016-04-14 13:00:00,1777
"18136",8053475328,2016-04-14 14:00:00,2559
"18137",8053475328,2016-04-14 15:00:00,18
"18138",8053475328,2016-04-14 16:00:00,386
"18139",8053475328,2016-04-14 17:00:00,430
"18140",8053475328,2016-04-14 18:00:00,3243
"18141",8053475328,2016-04-14 19:00:00,5883
"18142",8053475328,2016-04-14 20:00:00,2708
"18143",8053475328,2016-04-14 21:00:00,118
"18144",8053475328,2016-04-14 22:00:00,236
"18145",8053475328,2016-04-14 23:00:00,406
"18146",8053475328,2016-04-15 00:00:00,179
"18147",8053475328,2016-04-15 01:00:00,64
"18148",8053475328,2016-04-15 02:00:00,53
"18149",8053475328,2016-04-15 03:00:00,0
"18150",8053475328,2016-04-15 04:00:00,0
"18151",8053475328,2016-04-15 05:00:00,0
"18152",8053475328,2016-04-15 06:00:00,0
"18153",8053475328,2016-04-15 07:00:00,0
"18154",8053475328,2016-04-15 08:00:00,0
"18155",8053475328,2016-04-15 09:00:00,0
"18156",8053475328,2016-04-15 10:00:00,0
"18157",8053475328,2016-04-15 11:00:00,216
"18158",8053475328,2016-04-15 12:00:00,176
"18159",8053475328,2016-04-15 13:00:00,2600
"18160",8053475328,2016-04-15 14:00:00,2025
"18161",8053475328,2016-04-15 15:00:00,193
"18162",8053475328,2016-04-15 16:00:00,349
"18163",8053475328,2016-04-15 17:00:00,563
"18164",8053475328,2016-04-15 18:00:00,3542
"18165",8053475328,2016-04-15 19:00:00,6834
"18166",8053475328,2016-04-15 20:00:00,2967
"18167",8053475328,2016-04-15 21:00:00,138
"18168",8053475328,2016-04-15 22:00:00,770
"18169",8053475328,2016-04-15 23:00:00,0
"18170",8053475328,2016-04-16 00:00:00,0
"18171",8053475328,2016-04-16 01:00:00,0
"18172",8053475328,2016-04-16 02:00:00,0
"18173",8053475328,2016-04-16 03:00:00,58
"18174",8053475328,2016-04-16 04:00:00,0
"18175",8053475328,2016-04-16 05:00:00,0
"18176",8053475328,2016-04-16 06:00:00,0
"18177",8053475328,2016-04-16 07:00:00,0
"18178",8053475328,2016-04-16 08:00:00,0
"18179",8053475328,2016-04-16 09:00:00,0
"18180",8053475328,2016-04-16 10:00:00,0
"18181",8053475328,2016-04-16 11:00:00,290
"18182",8053475328,2016-04-16 12:00:00,186
"18183",8053475328,2016-04-16 13:00:00,4316
"18184",8053475328,2016-04-16 14:00:00,80
"18185",8053475328,2016-04-16 15:00:00,94
"18186",8053475328,2016-04-16 16:00:00,44
"18187",8053475328,2016-04-16 17:00:00,109
"18188",8053475328,2016-04-16 18:00:00,275
"18189",8053475328,2016-04-16 19:00:00,7529
"18190",8053475328,2016-04-16 20:00:00,1195
"18191",8053475328,2016-04-16 21:00:00,147
"18192",8053475328,2016-04-16 22:00:00,226
"18193",8053475328,2016-04-16 23:00:00,0
"18194",8053475328,2016-04-17 00:00:00,0
"18195",8053475328,2016-04-17 01:00:00,0
"18196",8053475328,2016-04-17 02:00:00,0
"18197",8053475328,2016-04-17 03:00:00,0
"18198",8053475328,2016-04-17 04:00:00,53
"18199",8053475328,2016-04-17 05:00:00,0
"18200",8053475328,2016-04-17 06:00:00,0
"18201",8053475328,2016-04-17 07:00:00,0
"18202",8053475328,2016-04-17 08:00:00,0
"18203",8053475328,2016-04-17 09:00:00,0
"18204",8053475328,2016-04-17 10:00:00,0
"18205",8053475328,2016-04-17 11:00:00,0
"18206",8053475328,2016-04-17 12:00:00,0
"18207",8053475328,2016-04-17 13:00:00,172
"18208",8053475328,2016-04-17 14:00:00,2835
"18209",8053475328,2016-04-17 15:00:00,2362
"18210",8053475328,2016-04-17 16:00:00,189
"18211",8053475328,2016-04-17 17:00:00,657
"18212",8053475328,2016-04-17 18:00:00,770
"18213",8053475328,2016-04-17 19:00:00,4570
"18214",8053475328,2016-04-17 20:00:00,513
"18215",8053475328,2016-04-17 21:00:00,1789
"18216",8053475328,2016-04-17 22:00:00,3463
"18217",8053475328,2016-04-17 23:00:00,1454
"18218",8053475328,2016-04-18 00:00:00,43
"18219",8053475328,2016-04-18 01:00:00,309
"18220",8053475328,2016-04-18 02:00:00,49
"18221",8053475328,2016-04-18 03:00:00,0
"18222",8053475328,2016-04-18 04:00:00,0
"18223",8053475328,2016-04-18 05:00:00,0
"18224",8053475328,2016-04-18 06:00:00,0
"18225",8053475328,2016-04-18 07:00:00,0
"18226",8053475328,2016-04-18 08:00:00,0
"18227",8053475328,2016-04-18 09:00:00,0
"18228",8053475328,2016-04-18 10:00:00,0
"18229",8053475328,2016-04-18 11:00:00,542
"18230",8053475328,2016-04-18 12:00:00,445
"18231",8053475328,2016-04-18 13:00:00,4134
"18232",8053475328,2016-04-18 14:00:00,280
"18233",8053475328,2016-04-18 15:00:00,244
"18234",8053475328,2016-04-18 16:00:00,0
"18235",8053475328,2016-04-18 17:00:00,444
"18236",8053475328,2016-04-18 18:00:00,639
"18237",8053475328,2016-04-18 19:00:00,4554
"18238",8053475328,2016-04-18 20:00:00,24
"18239",8053475328,2016-04-18 21:00:00,1169
"18240",8053475328,2016-04-18 22:00:00,3973
"18241",8053475328,2016-04-18 23:00:00,227
"18242",8053475328,2016-04-19 00:00:00,158
"18243",8053475328,2016-04-19 01:00:00,203
"18244",8053475328,2016-04-19 02:00:00,0
"18245",8053475328,2016-04-19 03:00:00,0
"18246",8053475328,2016-04-19 04:00:00,0
"18247",8053475328,2016-04-19 05:00:00,0
"18248",8053475328,2016-04-19 06:00:00,0
"18249",8053475328,2016-04-19 07:00:00,0
"18250",8053475328,2016-04-19 08:00:00,0
"18251",8053475328,2016-04-19 09:00:00,0
"18252",8053475328,2016-04-19 10:00:00,0
"18253",8053475328,2016-04-19 11:00:00,269
"18254",8053475328,2016-04-19 12:00:00,463
"18255",8053475328,2016-04-19 13:00:00,194
"18256",8053475328,2016-04-19 14:00:00,133
"18257",8053475328,2016-04-19 15:00:00,1293
"18258",8053475328,2016-04-19 16:00:00,3116
"18259",8053475328,2016-04-19 17:00:00,14
"18260",8053475328,2016-04-19 18:00:00,645
"18261",8053475328,2016-04-19 19:00:00,4177
"18262",8053475328,2016-04-19 20:00:00,7
"18263",8053475328,2016-04-19 21:00:00,1511
"18264",8053475328,2016-04-19 22:00:00,3619
"18265",8053475328,2016-04-19 23:00:00,127
"18266",8053475328,2016-04-20 00:00:00,15
"18267",8053475328,2016-04-20 01:00:00,100
"18268",8053475328,2016-04-20 02:00:00,51
"18269",8053475328,2016-04-20 03:00:00,0
"18270",8053475328,2016-04-20 04:00:00,0
"18271",8053475328,2016-04-20 05:00:00,0
"18272",8053475328,2016-04-20 06:00:00,0
"18273",8053475328,2016-04-20 07:00:00,0
"18274",8053475328,2016-04-20 08:00:00,0
"18275",8053475328,2016-04-20 09:00:00,0
"18276",8053475328,2016-04-20 10:00:00,104
"18277",8053475328,2016-04-20 11:00:00,307
"18278",8053475328,2016-04-20 12:00:00,17
"18279",8053475328,2016-04-20 13:00:00,344
"18280",8053475328,2016-04-20 14:00:00,3875
"18281",8053475328,2016-04-20 15:00:00,239
"18282",8053475328,2016-04-20 16:00:00,158
"18283",8053475328,2016-04-20 17:00:00,433
"18284",8053475328,2016-04-20 18:00:00,1144
"18285",8053475328,2016-04-20 19:00:00,3166
"18286",8053475328,2016-04-20 20:00:00,13
"18287",8053475328,2016-04-20 21:00:00,775
"18288",8053475328,2016-04-20 22:00:00,4206
"18289",8053475328,2016-04-20 23:00:00,161
"18290",8053475328,2016-04-21 00:00:00,0
"18291",8053475328,2016-04-21 01:00:00,186
"18292",8053475328,2016-04-21 02:00:00,82
"18293",8053475328,2016-04-21 03:00:00,0
"18294",8053475328,2016-04-21 04:00:00,0
"18295",8053475328,2016-04-21 05:00:00,0
"18296",8053475328,2016-04-21 06:00:00,0
"18297",8053475328,2016-04-21 07:00:00,0
"18298",8053475328,2016-04-21 08:00:00,0
"18299",8053475328,2016-04-21 09:00:00,0
"18300",8053475328,2016-04-21 10:00:00,224
"18301",8053475328,2016-04-21 11:00:00,194
"18302",8053475328,2016-04-21 12:00:00,246
"18303",8053475328,2016-04-21 13:00:00,815
"18304",8053475328,2016-04-21 14:00:00,3411
"18305",8053475328,2016-04-21 15:00:00,126
"18306",8053475328,2016-04-21 16:00:00,190
"18307",8053475328,2016-04-21 17:00:00,531
"18308",8053475328,2016-04-21 18:00:00,602
"18309",8053475328,2016-04-21 19:00:00,4308
"18310",8053475328,2016-04-21 20:00:00,0
"18311",8053475328,2016-04-21 21:00:00,625
"18312",8053475328,2016-04-21 22:00:00,4407
"18313",8053475328,2016-04-21 23:00:00,102
"18314",8053475328,2016-04-22 00:00:00,18
"18315",8053475328,2016-04-22 01:00:00,50
"18316",8053475328,2016-04-22 02:00:00,142
"18317",8053475328,2016-04-22 03:00:00,0
"18318",8053475328,2016-04-22 04:00:00,0
"18319",8053475328,2016-04-22 05:00:00,0
"18320",8053475328,2016-04-22 06:00:00,0
"18321",8053475328,2016-04-22 07:00:00,0
"18322",8053475328,2016-04-22 08:00:00,0
"18323",8053475328,2016-04-22 09:00:00,0
"18324",8053475328,2016-04-22 10:00:00,0
"18325",8053475328,2016-04-22 11:00:00,111
"18326",8053475328,2016-04-22 12:00:00,34
"18327",8053475328,2016-04-22 13:00:00,4019
"18328",8053475328,2016-04-22 14:00:00,14
"18329",8053475328,2016-04-22 15:00:00,171
"18330",8053475328,2016-04-22 16:00:00,216
"18331",8053475328,2016-04-22 17:00:00,109
"18332",8053475328,2016-04-22 18:00:00,112
"18333",8053475328,2016-04-22 19:00:00,396
"18334",8053475328,2016-04-22 20:00:00,4147
"18335",8053475328,2016-04-22 21:00:00,0
"18336",8053475328,2016-04-22 22:00:00,696
"18337",8053475328,2016-04-22 23:00:00,285
"18338",8053475328,2016-04-23 00:00:00,68
"18339",8053475328,2016-04-23 01:00:00,0
"18340",8053475328,2016-04-23 02:00:00,0
"18341",8053475328,2016-04-23 03:00:00,212
"18342",8053475328,2016-04-23 04:00:00,0
"18343",8053475328,2016-04-23 05:00:00,0
"18344",8053475328,2016-04-23 06:00:00,0
"18345",8053475328,2016-04-23 07:00:00,0
"18346",8053475328,2016-04-23 08:00:00,0
"18347",8053475328,2016-04-23 09:00:00,0
"18348",8053475328,2016-04-23 10:00:00,0
"18349",8053475328,2016-04-23 11:00:00,0
"18350",8053475328,2016-04-23 12:00:00,171
"18351",8053475328,2016-04-23 13:00:00,4083
"18352",8053475328,2016-04-23 14:00:00,4669
"18353",8053475328,2016-04-23 15:00:00,181
"18354",8053475328,2016-04-23 16:00:00,430
"18355",8053475328,2016-04-23 17:00:00,1272
"18356",8053475328,2016-04-23 18:00:00,969
"18357",8053475328,2016-04-23 19:00:00,4550
"18358",8053475328,2016-04-23 20:00:00,500
"18359",8053475328,2016-04-23 21:00:00,869
"18360",8053475328,2016-04-23 22:00:00,4214
"18361",8053475328,2016-04-23 23:00:00,171
"18362",8053475328,2016-04-24 00:00:00,4
"18363",8053475328,2016-04-24 01:00:00,101
"18364",8053475328,2016-04-24 02:00:00,139
"18365",8053475328,2016-04-24 03:00:00,0
"18366",8053475328,2016-04-24 04:00:00,0
"18367",8053475328,2016-04-24 05:00:00,0
"18368",8053475328,2016-04-24 06:00:00,0
"18369",8053475328,2016-04-24 07:00:00,0
"18370",8053475328,2016-04-24 08:00:00,0
"18371",8053475328,2016-04-24 09:00:00,0
"18372",8053475328,2016-04-24 10:00:00,0
"18373",8053475328,2016-04-24 11:00:00,0
"18374",8053475328,2016-04-24 12:00:00,0
"18375",8053475328,2016-04-24 13:00:00,539
"18376",8053475328,2016-04-24 14:00:00,5689
"18377",8053475328,2016-04-24 15:00:00,3604
"18378",8053475328,2016-04-24 16:00:00,2777
"18379",8053475328,2016-04-24 17:00:00,804
"18380",8053475328,2016-04-24 18:00:00,4340
"18381",8053475328,2016-04-24 19:00:00,310
"18382",8053475328,2016-04-24 20:00:00,135
"18383",8053475328,2016-04-24 21:00:00,4400
"18384",8053475328,2016-04-24 22:00:00,134
"18385",8053475328,2016-04-24 23:00:00,12
"18386",8053475328,2016-04-25 00:00:00,0
"18387",8053475328,2016-04-25 01:00:00,108
"18388",8053475328,2016-04-25 02:00:00,0
"18389",8053475328,2016-04-25 03:00:00,0
"18390",8053475328,2016-04-25 04:00:00,0
"18391",8053475328,2016-04-25 05:00:00,0
"18392",8053475328,2016-04-25 06:00:00,0
"18393",8053475328,2016-04-25 07:00:00,0
"18394",8053475328,2016-04-25 08:00:00,0
"18395",8053475328,2016-04-25 09:00:00,0
"18396",8053475328,2016-04-25 10:00:00,602
"18397",8053475328,2016-04-25 11:00:00,945
"18398",8053475328,2016-04-25 12:00:00,265
"18399",8053475328,2016-04-25 13:00:00,1893
"18400",8053475328,2016-04-25 14:00:00,2517
"18401",8053475328,2016-04-25 15:00:00,89
"18402",8053475328,2016-04-25 16:00:00,398
"18403",8053475328,2016-04-25 17:00:00,2945
"18404",8053475328,2016-04-25 18:00:00,1289
"18405",8053475328,2016-04-25 19:00:00,4219
"18406",8053475328,2016-04-25 20:00:00,253
"18407",8053475328,2016-04-25 21:00:00,3034
"18408",8053475328,2016-04-25 22:00:00,1936
"18409",8053475328,2016-04-25 23:00:00,7
"18410",8053475328,2016-04-26 00:00:00,95
"18411",8053475328,2016-04-26 01:00:00,146
"18412",8053475328,2016-04-26 02:00:00,140
"18413",8053475328,2016-04-26 03:00:00,0
"18414",8053475328,2016-04-26 04:00:00,0
"18415",8053475328,2016-04-26 05:00:00,0
"18416",8053475328,2016-04-26 06:00:00,0
"18417",8053475328,2016-04-26 07:00:00,0
"18418",8053475328,2016-04-26 08:00:00,0
"18419",8053475328,2016-04-26 09:00:00,0
"18420",8053475328,2016-04-26 10:00:00,321
"18421",8053475328,2016-04-26 11:00:00,210
"18422",8053475328,2016-04-26 12:00:00,1042
"18423",8053475328,2016-04-26 13:00:00,4083
"18424",8053475328,2016-04-26 14:00:00,127
"18425",8053475328,2016-04-26 15:00:00,430
"18426",8053475328,2016-04-26 16:00:00,128
"18427",8053475328,2016-04-26 17:00:00,318
"18428",8053475328,2016-04-26 18:00:00,3864
"18429",8053475328,2016-04-26 19:00:00,421
"18430",8053475328,2016-04-26 20:00:00,9
"18431",8053475328,2016-04-26 21:00:00,566
"18432",8053475328,2016-04-26 22:00:00,514
"18433",8053475328,2016-04-26 23:00:00,271
"18434",8053475328,2016-04-27 00:00:00,0
"18435",8053475328,2016-04-27 01:00:00,74
"18436",8053475328,2016-04-27 02:00:00,276
"18437",8053475328,2016-04-27 03:00:00,0
"18438",8053475328,2016-04-27 04:00:00,0
"18439",8053475328,2016-04-27 05:00:00,0
"18440",8053475328,2016-04-27 06:00:00,0
"18441",8053475328,2016-04-27 07:00:00,0
"18442",8053475328,2016-04-27 08:00:00,0
"18443",8053475328,2016-04-27 09:00:00,0
"18444",8053475328,2016-04-27 10:00:00,44
"18445",8053475328,2016-04-27 11:00:00,399
"18446",8053475328,2016-04-27 12:00:00,457
"18447",8053475328,2016-04-27 13:00:00,2681
"18448",8053475328,2016-04-27 14:00:00,1643
"18449",8053475328,2016-04-27 15:00:00,0
"18450",8053475328,2016-04-27 16:00:00,81
"18451",8053475328,2016-04-27 17:00:00,571
"18452",8053475328,2016-04-27 18:00:00,224
"18453",8053475328,2016-04-27 19:00:00,4195
"18454",8053475328,2016-04-27 20:00:00,0
"18455",8053475328,2016-04-27 21:00:00,885
"18456",8053475328,2016-04-27 22:00:00,387
"18457",8053475328,2016-04-27 23:00:00,505
"18458",8053475328,2016-04-28 00:00:00,0
"18459",8053475328,2016-04-28 01:00:00,0
"18460",8053475328,2016-04-28 02:00:00,0
"18461",8053475328,2016-04-28 03:00:00,0
"18462",8053475328,2016-04-28 04:00:00,0
"18463",8053475328,2016-04-28 05:00:00,0
"18464",8053475328,2016-04-28 06:00:00,0
"18465",8053475328,2016-04-28 07:00:00,0
"18466",8053475328,2016-04-28 08:00:00,0
"18467",8053475328,2016-04-28 09:00:00,0
"18468",8053475328,2016-04-28 10:00:00,0
"18469",8053475328,2016-04-28 11:00:00,229
"18470",8053475328,2016-04-28 12:00:00,825
"18471",8053475328,2016-04-28 13:00:00,1413
"18472",8053475328,2016-04-28 14:00:00,2896
"18473",8053475328,2016-04-28 15:00:00,116
"18474",8053475328,2016-04-28 16:00:00,319
"18475",8053475328,2016-04-28 17:00:00,138
"18476",8053475328,2016-04-28 18:00:00,316
"18477",8053475328,2016-04-28 19:00:00,4134
"18478",8053475328,2016-04-28 20:00:00,9
"18479",8053475328,2016-04-28 21:00:00,646
"18480",8053475328,2016-04-28 22:00:00,4183
"18481",8053475328,2016-04-28 23:00:00,223
"18482",8053475328,2016-04-29 00:00:00,81
"18483",8053475328,2016-04-29 01:00:00,0
"18484",8053475328,2016-04-29 02:00:00,261
"18485",8053475328,2016-04-29 03:00:00,0
"18486",8053475328,2016-04-29 04:00:00,0
"18487",8053475328,2016-04-29 05:00:00,0
"18488",8053475328,2016-04-29 06:00:00,0
"18489",8053475328,2016-04-29 07:00:00,0
"18490",8053475328,2016-04-29 08:00:00,0
"18491",8053475328,2016-04-29 09:00:00,0
"18492",8053475328,2016-04-29 10:00:00,0
"18493",8053475328,2016-04-29 11:00:00,237
"18494",8053475328,2016-04-29 12:00:00,636
"18495",8053475328,2016-04-29 13:00:00,231
"18496",8053475328,2016-04-29 14:00:00,4316
"18497",8053475328,2016-04-29 15:00:00,175
"18498",8053475328,2016-04-29 16:00:00,210
"18499",8053475328,2016-04-29 17:00:00,627
"18500",8053475328,2016-04-29 18:00:00,2405
"18501",8053475328,2016-04-29 19:00:00,1968
"18502",8053475328,2016-04-29 20:00:00,162
"18503",8053475328,2016-04-29 21:00:00,662
"18504",8053475328,2016-04-29 22:00:00,265
"18505",8053475328,2016-04-29 23:00:00,79
"18506",8053475328,2016-04-30 00:00:00,39
"18507",8053475328,2016-04-30 01:00:00,255
"18508",8053475328,2016-04-30 02:00:00,5
"18509",8053475328,2016-04-30 03:00:00,0
"18510",8053475328,2016-04-30 04:00:00,290
"18511",8053475328,2016-04-30 05:00:00,0
"18512",8053475328,2016-04-30 06:00:00,0
"18513",8053475328,2016-04-30 07:00:00,0
"18514",8053475328,2016-04-30 08:00:00,0
"18515",8053475328,2016-04-30 09:00:00,0
"18516",8053475328,2016-04-30 10:00:00,0
"18517",8053475328,2016-04-30 11:00:00,0
"18518",8053475328,2016-04-30 12:00:00,313
"18519",8053475328,2016-04-30 13:00:00,0
"18520",8053475328,2016-04-30 14:00:00,7
"18521",8053475328,2016-04-30 15:00:00,3851
"18522",8053475328,2016-04-30 16:00:00,1153
"18523",8053475328,2016-04-30 17:00:00,813
"18524",8053475328,2016-04-30 18:00:00,25
"18525",8053475328,2016-04-30 19:00:00,174
"18526",8053475328,2016-04-30 20:00:00,64
"18527",8053475328,2016-04-30 21:00:00,14
"18528",8053475328,2016-04-30 22:00:00,112
"18529",8053475328,2016-04-30 23:00:00,20
"18530",8053475328,2016-05-01 00:00:00,0
"18531",8053475328,2016-05-01 01:00:00,0
"18532",8053475328,2016-05-01 02:00:00,0
"18533",8053475328,2016-05-01 03:00:00,0
"18534",8053475328,2016-05-01 04:00:00,0
"18535",8053475328,2016-05-01 05:00:00,0
"18536",8053475328,2016-05-01 06:00:00,0
"18537",8053475328,2016-05-01 07:00:00,202
"18538",8053475328,2016-05-01 08:00:00,0
"18539",8053475328,2016-05-01 09:00:00,0
"18540",8053475328,2016-05-01 10:00:00,0
"18541",8053475328,2016-05-01 11:00:00,0
"18542",8053475328,2016-05-01 12:00:00,0
"18543",8053475328,2016-05-01 13:00:00,176
"18544",8053475328,2016-05-01 14:00:00,382
"18545",8053475328,2016-05-01 15:00:00,410
"18546",8053475328,2016-05-01 16:00:00,0
"18547",8053475328,2016-05-01 17:00:00,0
"18548",8053475328,2016-05-01 18:00:00,0
"18549",8053475328,2016-05-01 19:00:00,0
"18550",8053475328,2016-05-01 20:00:00,0
"18551",8053475328,2016-05-01 21:00:00,0
"18552",8053475328,2016-05-01 22:00:00,0
"18553",8053475328,2016-05-01 23:00:00,0
"18554",8053475328,2016-05-02 00:00:00,0
"18555",8053475328,2016-05-02 01:00:00,0
"18556",8053475328,2016-05-02 02:00:00,0
"18557",8053475328,2016-05-02 03:00:00,0
"18558",8053475328,2016-05-02 04:00:00,0
"18559",8053475328,2016-05-02 05:00:00,0
"18560",8053475328,2016-05-02 06:00:00,124
"18561",8053475328,2016-05-02 07:00:00,0
"18562",8053475328,2016-05-02 08:00:00,0
"18563",8053475328,2016-05-02 09:00:00,0
"18564",8053475328,2016-05-02 10:00:00,0
"18565",8053475328,2016-05-02 11:00:00,0
"18566",8053475328,2016-05-02 12:00:00,0
"18567",8053475328,2016-05-02 13:00:00,0
"18568",8053475328,2016-05-02 14:00:00,0
"18569",8053475328,2016-05-02 15:00:00,0
"18570",8053475328,2016-05-02 16:00:00,0
"18571",8053475328,2016-05-02 17:00:00,87
"18572",8053475328,2016-05-02 18:00:00,663
"18573",8053475328,2016-05-02 19:00:00,721
"18574",8053475328,2016-05-02 20:00:00,49
"18575",8053475328,2016-05-02 21:00:00,58
"18576",8053475328,2016-05-02 22:00:00,147
"18577",8053475328,2016-05-02 23:00:00,120
"18578",8053475328,2016-05-03 00:00:00,316
"18579",8053475328,2016-05-03 01:00:00,147
"18580",8053475328,2016-05-03 02:00:00,0
"18581",8053475328,2016-05-03 03:00:00,0
"18582",8053475328,2016-05-03 04:00:00,0
"18583",8053475328,2016-05-03 05:00:00,0
"18584",8053475328,2016-05-03 06:00:00,0
"18585",8053475328,2016-05-03 07:00:00,0
"18586",8053475328,2016-05-03 08:00:00,0
"18587",8053475328,2016-05-03 09:00:00,0
"18588",8053475328,2016-05-03 10:00:00,0
"18589",8053475328,2016-05-03 11:00:00,0
"18590",8053475328,2016-05-03 12:00:00,273
"18591",8053475328,2016-05-03 13:00:00,156
"18592",8053475328,2016-05-03 14:00:00,4407
"18593",8053475328,2016-05-03 15:00:00,359
"18594",8053475328,2016-05-03 16:00:00,509
"18595",8053475328,2016-05-03 17:00:00,3934
"18596",8053475328,2016-05-03 18:00:00,502
"18597",8053475328,2016-05-03 19:00:00,3641
"18598",8053475328,2016-05-03 20:00:00,601
"18599",8053475328,2016-05-03 21:00:00,383
"18600",8053475328,2016-05-03 22:00:00,256
"18601",8053475328,2016-05-03 23:00:00,0
"18602",8053475328,2016-05-04 00:00:00,66
"18603",8053475328,2016-05-04 01:00:00,0
"18604",8053475328,2016-05-04 02:00:00,180
"18605",8053475328,2016-05-04 03:00:00,0
"18606",8053475328,2016-05-04 04:00:00,0
"18607",8053475328,2016-05-04 05:00:00,0
"18608",8053475328,2016-05-04 06:00:00,0
"18609",8053475328,2016-05-04 07:00:00,0
"18610",8053475328,2016-05-04 08:00:00,0
"18611",8053475328,2016-05-04 09:00:00,0
"18612",8053475328,2016-05-04 10:00:00,0
"18613",8053475328,2016-05-04 11:00:00,0
"18614",8053475328,2016-05-04 12:00:00,395
"18615",8053475328,2016-05-04 13:00:00,138
"18616",8053475328,2016-05-04 14:00:00,4075
"18617",8053475328,2016-05-04 15:00:00,159
"18618",8053475328,2016-05-04 16:00:00,354
"18619",8053475328,2016-05-04 17:00:00,20
"18620",8053475328,2016-05-04 18:00:00,127
"18621",8053475328,2016-05-04 19:00:00,3961
"18622",8053475328,2016-05-04 20:00:00,37
"18623",8053475328,2016-05-04 21:00:00,2853
"18624",8053475328,2016-05-04 22:00:00,2135
"18625",8053475328,2016-05-04 23:00:00,63
"18626",8053475328,2016-05-05 00:00:00,25
"18627",8053475328,2016-05-05 01:00:00,0
"18628",8053475328,2016-05-05 02:00:00,59
"18629",8053475328,2016-05-05 03:00:00,0
"18630",8053475328,2016-05-05 04:00:00,0
"18631",8053475328,2016-05-05 05:00:00,0
"18632",8053475328,2016-05-05 06:00:00,0
"18633",8053475328,2016-05-05 07:00:00,0
"18634",8053475328,2016-05-05 08:00:00,0
"18635",8053475328,2016-05-05 09:00:00,0
"18636",8053475328,2016-05-05 10:00:00,0
"18637",8053475328,2016-05-05 11:00:00,143
"18638",8053475328,2016-05-05 12:00:00,532
"18639",8053475328,2016-05-05 13:00:00,222
"18640",8053475328,2016-05-05 14:00:00,3848
"18641",8053475328,2016-05-05 15:00:00,175
"18642",8053475328,2016-05-05 16:00:00,67
"18643",8053475328,2016-05-05 17:00:00,270
"18644",8053475328,2016-05-05 18:00:00,576
"18645",8053475328,2016-05-05 19:00:00,4501
"18646",8053475328,2016-05-05 20:00:00,13
"18647",8053475328,2016-05-05 21:00:00,4119
"18648",8053475328,2016-05-05 22:00:00,440
"18649",8053475328,2016-05-05 23:00:00,0
"18650",8053475328,2016-05-06 00:00:00,64
"18651",8053475328,2016-05-06 01:00:00,77
"18652",8053475328,2016-05-06 02:00:00,82
"18653",8053475328,2016-05-06 03:00:00,0
"18654",8053475328,2016-05-06 04:00:00,0
"18655",8053475328,2016-05-06 05:00:00,0
"18656",8053475328,2016-05-06 06:00:00,0
"18657",8053475328,2016-05-06 07:00:00,0
"18658",8053475328,2016-05-06 08:00:00,0
"18659",8053475328,2016-05-06 09:00:00,0
"18660",8053475328,2016-05-06 10:00:00,0
"18661",8053475328,2016-05-06 11:00:00,0
"18662",8053475328,2016-05-06 12:00:00,0
"18663",8053475328,2016-05-06 13:00:00,240
"18664",8053475328,2016-05-06 14:00:00,4251
"18665",8053475328,2016-05-06 15:00:00,0
"18666",8053475328,2016-05-06 16:00:00,0
"18667",8053475328,2016-05-06 17:00:00,81
"18668",8053475328,2016-05-06 18:00:00,184
"18669",8053475328,2016-05-06 19:00:00,4010
"18670",8053475328,2016-05-06 20:00:00,0
"18671",8053475328,2016-05-06 21:00:00,1532
"18672",8053475328,2016-05-06 22:00:00,3395
"18673",8053475328,2016-05-06 23:00:00,37
"18674",8053475328,2016-05-07 00:00:00,80
"18675",8053475328,2016-05-07 01:00:00,0
"18676",8053475328,2016-05-07 02:00:00,0
"18677",8053475328,2016-05-07 03:00:00,0
"18678",8053475328,2016-05-07 04:00:00,58
"18679",8053475328,2016-05-07 05:00:00,0
"18680",8053475328,2016-05-07 06:00:00,0
"18681",8053475328,2016-05-07 07:00:00,0
"18682",8053475328,2016-05-07 08:00:00,0
"18683",8053475328,2016-05-07 09:00:00,0
"18684",8053475328,2016-05-07 10:00:00,0
"18685",8053475328,2016-05-07 11:00:00,0
"18686",8053475328,2016-05-07 12:00:00,0
"18687",8053475328,2016-05-07 13:00:00,179
"18688",8053475328,2016-05-07 14:00:00,3349
"18689",8053475328,2016-05-07 15:00:00,980
"18690",8053475328,2016-05-07 16:00:00,4746
"18691",8053475328,2016-05-07 17:00:00,2344
"18692",8053475328,2016-05-07 18:00:00,606
"18693",8053475328,2016-05-07 19:00:00,4255
"18694",8053475328,2016-05-07 20:00:00,0
"18695",8053475328,2016-05-07 21:00:00,970
"18696",8053475328,2016-05-07 22:00:00,2070
"18697",8053475328,2016-05-07 23:00:00,132
"18698",8053475328,2016-05-08 00:00:00,230
"18699",8053475328,2016-05-08 01:00:00,8
"18700",8053475328,2016-05-08 02:00:00,87
"18701",8053475328,2016-05-08 03:00:00,19
"18702",8053475328,2016-05-08 04:00:00,157
"18703",8053475328,2016-05-08 05:00:00,0
"18704",8053475328,2016-05-08 06:00:00,0
"18705",8053475328,2016-05-08 07:00:00,0
"18706",8053475328,2016-05-08 08:00:00,0
"18707",8053475328,2016-05-08 09:00:00,0
"18708",8053475328,2016-05-08 10:00:00,0
"18709",8053475328,2016-05-08 11:00:00,0
"18710",8053475328,2016-05-08 12:00:00,177
"18711",8053475328,2016-05-08 13:00:00,6
"18712",8053475328,2016-05-08 14:00:00,4214
"18713",8053475328,2016-05-08 15:00:00,575
"18714",8053475328,2016-05-08 16:00:00,919
"18715",8053475328,2016-05-08 17:00:00,1310
"18716",8053475328,2016-05-08 18:00:00,910
"18717",8053475328,2016-05-08 19:00:00,4336
"18718",8053475328,2016-05-08 20:00:00,143
"18719",8053475328,2016-05-08 21:00:00,7617
"18720",8053475328,2016-05-08 22:00:00,1255
"18721",8053475328,2016-05-08 23:00:00,63
"18722",8053475328,2016-05-09 00:00:00,0
"18723",8053475328,2016-05-09 01:00:00,50
"18724",8053475328,2016-05-09 02:00:00,0
"18725",8053475328,2016-05-09 03:00:00,34
"18726",8053475328,2016-05-09 04:00:00,0
"18727",8053475328,2016-05-09 05:00:00,0
"18728",8053475328,2016-05-09 06:00:00,0
"18729",8053475328,2016-05-09 07:00:00,0
"18730",8053475328,2016-05-09 08:00:00,0
"18731",8053475328,2016-05-09 09:00:00,0
"18732",8053475328,2016-05-09 10:00:00,0
"18733",8053475328,2016-05-09 11:00:00,0
"18734",8053475328,2016-05-09 12:00:00,532
"18735",8053475328,2016-05-09 13:00:00,1580
"18736",8053475328,2016-05-09 14:00:00,4983
"18737",8053475328,2016-05-09 15:00:00,81
"18738",8053475328,2016-05-09 16:00:00,140
"18739",8053475328,2016-05-09 17:00:00,198
"18740",8053475328,2016-05-09 18:00:00,4074
"18741",8053475328,2016-05-09 19:00:00,15
"18742",8053475328,2016-05-09 20:00:00,7
"18743",8053475328,2016-05-09 21:00:00,693
"18744",8053475328,2016-05-09 22:00:00,25
"18745",8053475328,2016-05-09 23:00:00,53
"18746",8053475328,2016-05-10 00:00:00,20
"18747",8053475328,2016-05-10 01:00:00,0
"18748",8053475328,2016-05-10 02:00:00,162
"18749",8053475328,2016-05-10 03:00:00,0
"18750",8053475328,2016-05-10 04:00:00,0
"18751",8053475328,2016-05-10 05:00:00,0
"18752",8053475328,2016-05-10 06:00:00,0
"18753",8053475328,2016-05-10 07:00:00,0
"18754",8053475328,2016-05-10 08:00:00,0
"18755",8053475328,2016-05-10 09:00:00,0
"18756",8053475328,2016-05-10 10:00:00,0
"18757",8053475328,2016-05-10 11:00:00,115
"18758",8053475328,2016-05-10 12:00:00,71
"18759",8053475328,2016-05-10 13:00:00,3485
"18760",8053475328,2016-05-10 14:00:00,666
"18761",8053475328,2016-05-10 15:00:00,234
"18762",8053475328,2016-05-10 16:00:00,349
"18763",8053475328,2016-05-10 17:00:00,4496
"18764",8053475328,2016-05-10 18:00:00,1641
"18765",8053475328,2016-05-10 19:00:00,2755
"18766",8053475328,2016-05-10 20:00:00,4
"18767",8053475328,2016-05-10 21:00:00,545
"18768",8053475328,2016-05-10 22:00:00,126
"18769",8053475328,2016-05-10 23:00:00,141
"18770",8053475328,2016-05-11 00:00:00,55
"18771",8053475328,2016-05-11 01:00:00,5
"18772",8053475328,2016-05-11 02:00:00,11
"18773",8053475328,2016-05-11 03:00:00,8
"18774",8053475328,2016-05-11 04:00:00,98
"18775",8053475328,2016-05-11 05:00:00,0
"18776",8053475328,2016-05-11 06:00:00,0
"18777",8053475328,2016-05-11 07:00:00,0
"18778",8053475328,2016-05-11 08:00:00,0
"18779",8053475328,2016-05-11 09:00:00,0
"18780",8053475328,2016-05-11 10:00:00,0
"18781",8053475328,2016-05-11 11:00:00,44
"18782",8053475328,2016-05-11 12:00:00,662
"18783",8053475328,2016-05-11 13:00:00,309
"18784",8053475328,2016-05-11 14:00:00,2789
"18785",8053475328,2016-05-11 15:00:00,1699
"18786",8053475328,2016-05-11 16:00:00,770
"18787",8053475328,2016-05-11 17:00:00,730
"18788",8053475328,2016-05-11 18:00:00,3960
"18789",8053475328,2016-05-11 19:00:00,8
"18790",8053475328,2016-05-11 20:00:00,0
"18791",8053475328,2016-05-11 21:00:00,896
"18792",8053475328,2016-05-11 22:00:00,49
"18793",8053475328,2016-05-11 23:00:00,116
"18794",8053475328,2016-05-12 00:00:00,33
"18795",8053475328,2016-05-12 01:00:00,0
"18796",8053475328,2016-05-12 02:00:00,109
"18797",8053475328,2016-05-12 03:00:00,0
"18798",8053475328,2016-05-12 04:00:00,0
"18799",8053475328,2016-05-12 05:00:00,0
"18800",8053475328,2016-05-12 06:00:00,0
"18801",8053475328,2016-05-12 07:00:00,0
"18802",8053475328,2016-05-12 08:00:00,0
"18803",8053475328,2016-05-12 09:00:00,0
"18804",8053475328,2016-05-12 10:00:00,0
"18805",8053475328,2016-05-12 11:00:00,0
"18806",8053475328,2016-05-12 12:00:00,487
"18807",8053475328,2016-05-12 13:00:00,0
"18808",8053475328,2016-05-12 14:00:00,4266
"18809",8253242879,2016-04-12 00:00:00,0
"18810",8253242879,2016-04-12 01:00:00,0
"18811",8253242879,2016-04-12 02:00:00,0
"18812",8253242879,2016-04-12 03:00:00,0
"18813",8253242879,2016-04-12 04:00:00,0
"18814",8253242879,2016-04-12 05:00:00,0
"18815",8253242879,2016-04-12 06:00:00,0
"18816",8253242879,2016-04-12 07:00:00,0
"18817",8253242879,2016-04-12 08:00:00,0
"18818",8253242879,2016-04-12 09:00:00,0
"18819",8253242879,2016-04-12 10:00:00,5007
"18820",8253242879,2016-04-12 11:00:00,1791
"18821",8253242879,2016-04-12 12:00:00,463
"18822",8253242879,2016-04-12 13:00:00,64
"18823",8253242879,2016-04-12 14:00:00,332
"18824",8253242879,2016-04-12 15:00:00,32
"18825",8253242879,2016-04-12 16:00:00,266
"18826",8253242879,2016-04-12 17:00:00,269
"18827",8253242879,2016-04-12 18:00:00,126
"18828",8253242879,2016-04-12 19:00:00,105
"18829",8253242879,2016-04-12 20:00:00,142
"18830",8253242879,2016-04-12 21:00:00,106
"18831",8253242879,2016-04-12 22:00:00,167
"18832",8253242879,2016-04-12 23:00:00,163
"18833",8253242879,2016-04-13 00:00:00,0
"18834",8253242879,2016-04-13 01:00:00,0
"18835",8253242879,2016-04-13 02:00:00,0
"18836",8253242879,2016-04-13 03:00:00,0
"18837",8253242879,2016-04-13 04:00:00,0
"18838",8253242879,2016-04-13 05:00:00,0
"18839",8253242879,2016-04-13 06:00:00,0
"18840",8253242879,2016-04-13 07:00:00,0
"18841",8253242879,2016-04-13 08:00:00,0
"18842",8253242879,2016-04-13 09:00:00,0
"18843",8253242879,2016-04-13 10:00:00,0
"18844",8253242879,2016-04-13 11:00:00,52
"18845",8253242879,2016-04-13 12:00:00,6291
"18846",8253242879,2016-04-13 13:00:00,367
"18847",8253242879,2016-04-13 14:00:00,177
"18848",8253242879,2016-04-13 15:00:00,317
"18849",8253242879,2016-04-13 16:00:00,13
"18850",8253242879,2016-04-13 17:00:00,207
"18851",8253242879,2016-04-13 18:00:00,0
"18852",8253242879,2016-04-13 19:00:00,22
"18853",8253242879,2016-04-13 20:00:00,142
"18854",8253242879,2016-04-13 21:00:00,204
"18855",8253242879,2016-04-13 22:00:00,98
"18856",8253242879,2016-04-13 23:00:00,163
"18857",8253242879,2016-04-14 00:00:00,0
"18858",8253242879,2016-04-14 01:00:00,0
"18859",8253242879,2016-04-14 02:00:00,0
"18860",8253242879,2016-04-14 03:00:00,0
"18861",8253242879,2016-04-14 04:00:00,0
"18862",8253242879,2016-04-14 05:00:00,0
"18863",8253242879,2016-04-14 06:00:00,0
"18864",8253242879,2016-04-14 07:00:00,0
"18865",8253242879,2016-04-14 08:00:00,0
"18866",8253242879,2016-04-14 09:00:00,0
"18867",8253242879,2016-04-14 10:00:00,3181
"18868",8253242879,2016-04-14 11:00:00,1929
"18869",8253242879,2016-04-14 12:00:00,99
"18870",8253242879,2016-04-14 13:00:00,25
"18871",8253242879,2016-04-14 14:00:00,0
"18872",8253242879,2016-04-14 15:00:00,0
"18873",8253242879,2016-04-14 16:00:00,0
"18874",8253242879,2016-04-14 17:00:00,0
"18875",8253242879,2016-04-14 18:00:00,0
"18876",8253242879,2016-04-14 19:00:00,0
"18877",8253242879,2016-04-14 20:00:00,0
"18878",8253242879,2016-04-14 21:00:00,0
"18879",8253242879,2016-04-14 22:00:00,0
"18880",8253242879,2016-04-14 23:00:00,0
"18881",8253242879,2016-04-15 00:00:00,0
"18882",8253242879,2016-04-15 01:00:00,0
"18883",8253242879,2016-04-15 02:00:00,0
"18884",8253242879,2016-04-15 03:00:00,0
"18885",8253242879,2016-04-15 04:00:00,0
"18886",8253242879,2016-04-15 05:00:00,0
"18887",8253242879,2016-04-15 06:00:00,0
"18888",8253242879,2016-04-15 07:00:00,0
"18889",8253242879,2016-04-15 08:00:00,0
"18890",8253242879,2016-04-15 09:00:00,0
"18891",8253242879,2016-04-15 10:00:00,0
"18892",8253242879,2016-04-15 11:00:00,0
"18893",8253242879,2016-04-15 12:00:00,174
"18894",8253242879,2016-04-15 13:00:00,631
"18895",8253242879,2016-04-15 14:00:00,85
"18896",8253242879,2016-04-15 15:00:00,0
"18897",8253242879,2016-04-15 16:00:00,177
"18898",8253242879,2016-04-15 17:00:00,779
"18899",8253242879,2016-04-15 18:00:00,207
"18900",8253242879,2016-04-15 19:00:00,76
"18901",8253242879,2016-04-15 20:00:00,175
"18902",8253242879,2016-04-15 21:00:00,74
"18903",8253242879,2016-04-15 22:00:00,119
"18904",8253242879,2016-04-15 23:00:00,175
"18905",8253242879,2016-04-16 00:00:00,0
"18906",8253242879,2016-04-16 01:00:00,0
"18907",8253242879,2016-04-16 02:00:00,0
"18908",8253242879,2016-04-16 03:00:00,0
"18909",8253242879,2016-04-16 04:00:00,0
"18910",8253242879,2016-04-16 05:00:00,0
"18911",8253242879,2016-04-16 06:00:00,0
"18912",8253242879,2016-04-16 07:00:00,0
"18913",8253242879,2016-04-16 08:00:00,0
"18914",8253242879,2016-04-16 09:00:00,0
"18915",8253242879,2016-04-16 10:00:00,505
"18916",8253242879,2016-04-16 11:00:00,0
"18917",8253242879,2016-04-16 12:00:00,3318
"18918",8253242879,2016-04-16 13:00:00,3676
"18919",8253242879,2016-04-16 14:00:00,450
"18920",8253242879,2016-04-16 15:00:00,103
"18921",8253242879,2016-04-16 16:00:00,67
"18922",8253242879,2016-04-16 17:00:00,7
"18923",8253242879,2016-04-16 18:00:00,11
"18924",8253242879,2016-04-16 19:00:00,0
"18925",8253242879,2016-04-16 20:00:00,176
"18926",8253242879,2016-04-16 21:00:00,270
"18927",8253242879,2016-04-16 22:00:00,532
"18928",8253242879,2016-04-16 23:00:00,141
"18929",8253242879,2016-04-17 00:00:00,0
"18930",8253242879,2016-04-17 01:00:00,0
"18931",8253242879,2016-04-17 02:00:00,0
"18932",8253242879,2016-04-17 03:00:00,0
"18933",8253242879,2016-04-17 04:00:00,0
"18934",8253242879,2016-04-17 05:00:00,0
"18935",8253242879,2016-04-17 06:00:00,0
"18936",8253242879,2016-04-17 07:00:00,0
"18937",8253242879,2016-04-17 08:00:00,0
"18938",8253242879,2016-04-17 09:00:00,161
"18939",8253242879,2016-04-17 10:00:00,6715
"18940",8253242879,2016-04-17 11:00:00,411
"18941",8253242879,2016-04-17 12:00:00,261
"18942",8253242879,2016-04-17 13:00:00,0
"18943",8253242879,2016-04-17 14:00:00,601
"18944",8253242879,2016-04-17 15:00:00,71
"18945",8253242879,2016-04-17 16:00:00,390
"18946",8253242879,2016-04-17 17:00:00,1005
"18947",8253242879,2016-04-17 18:00:00,199
"18948",8253242879,2016-04-17 19:00:00,173
"18949",8253242879,2016-04-17 20:00:00,66
"18950",8253242879,2016-04-17 21:00:00,55
"18951",8253242879,2016-04-17 22:00:00,96
"18952",8253242879,2016-04-17 23:00:00,0
"18953",8253242879,2016-04-18 00:00:00,0
"18954",8253242879,2016-04-18 01:00:00,0
"18955",8253242879,2016-04-18 02:00:00,0
"18956",8253242879,2016-04-18 03:00:00,0
"18957",8253242879,2016-04-18 04:00:00,0
"18958",8253242879,2016-04-18 05:00:00,0
"18959",8253242879,2016-04-18 06:00:00,0
"18960",8253242879,2016-04-18 07:00:00,0
"18961",8253242879,2016-04-18 08:00:00,0
"18962",8253242879,2016-04-18 09:00:00,971
"18963",8253242879,2016-04-18 10:00:00,1832
"18964",8253242879,2016-04-18 11:00:00,271
"18965",8253242879,2016-04-18 12:00:00,304
"18966",8253242879,2016-04-18 13:00:00,0
"18967",8253242879,2016-04-18 14:00:00,446
"18968",8253242879,2016-04-18 15:00:00,491
"18969",8253242879,2016-04-18 16:00:00,448
"18970",8253242879,2016-04-18 17:00:00,0
"18971",8253242879,2016-04-18 18:00:00,124
"18972",8253242879,2016-04-18 19:00:00,80
"18973",8253242879,2016-04-18 20:00:00,77
"18974",8253242879,2016-04-18 21:00:00,0
"18975",8253242879,2016-04-18 22:00:00,58
"18976",8253242879,2016-04-18 23:00:00,49
"18977",8253242879,2016-04-19 00:00:00,0
"18978",8253242879,2016-04-19 01:00:00,0
"18979",8253242879,2016-04-19 02:00:00,0
"18980",8253242879,2016-04-19 03:00:00,0
"18981",8253242879,2016-04-19 04:00:00,0
"18982",8253242879,2016-04-19 05:00:00,0
"18983",8253242879,2016-04-19 06:00:00,0
"18984",8253242879,2016-04-19 07:00:00,0
"18985",8253242879,2016-04-19 08:00:00,0
"18986",8253242879,2016-04-19 09:00:00,272
"18987",8253242879,2016-04-19 10:00:00,401
"18988",8253242879,2016-04-19 11:00:00,0
"18989",8253242879,2016-04-19 12:00:00,136
"18990",8253242879,2016-04-19 13:00:00,649
"18991",8253242879,2016-04-19 14:00:00,878
"18992",8253242879,2016-04-19 15:00:00,181
"18993",8253242879,2016-04-19 16:00:00,450
"18994",8253242879,2016-04-19 17:00:00,360
"18995",8253242879,2016-04-19 18:00:00,46
"18996",8253242879,2016-04-19 19:00:00,128
"18997",8253242879,2016-04-19 20:00:00,21
"18998",8253242879,2016-04-19 21:00:00,283
"18999",8253242879,2016-04-19 22:00:00,108
"19000",8253242879,2016-04-19 23:00:00,299
"19001",8253242879,2016-04-20 00:00:00,0
"19002",8253242879,2016-04-20 01:00:00,0
"19003",8253242879,2016-04-20 02:00:00,0
"19004",8253242879,2016-04-20 03:00:00,0
"19005",8253242879,2016-04-20 04:00:00,0
"19006",8253242879,2016-04-20 05:00:00,0
"19007",8253242879,2016-04-20 06:00:00,0
"19008",8253242879,2016-04-20 07:00:00,429
"19009",8253242879,2016-04-20 08:00:00,119
"19010",8253242879,2016-04-20 09:00:00,72
"19011",8253242879,2016-04-20 10:00:00,512
"19012",8253242879,2016-04-20 11:00:00,708
"19013",8253242879,2016-04-20 12:00:00,709
"19014",8253242879,2016-04-20 13:00:00,1253
"19015",8253242879,2016-04-20 14:00:00,126
"19016",8253242879,2016-04-20 15:00:00,7
"19017",8253242879,2016-04-20 16:00:00,233
"19018",8253242879,2016-04-20 17:00:00,874
"19019",8253242879,2016-04-20 18:00:00,679
"19020",8253242879,2016-04-20 19:00:00,274
"19021",8253242879,2016-04-20 20:00:00,0
"19022",8253242879,2016-04-20 21:00:00,93
"19023",8253242879,2016-04-20 22:00:00,319
"19024",8253242879,2016-04-20 23:00:00,59
"19025",8253242879,2016-04-21 00:00:00,0
"19026",8253242879,2016-04-21 01:00:00,0
"19027",8253242879,2016-04-21 02:00:00,0
"19028",8253242879,2016-04-21 03:00:00,0
"19029",8253242879,2016-04-21 04:00:00,0
"19030",8253242879,2016-04-21 05:00:00,0
"19031",8253242879,2016-04-21 06:00:00,0
"19032",8253242879,2016-04-21 07:00:00,0
"19033",8253242879,2016-04-21 08:00:00,524
"19034",8253242879,2016-04-21 09:00:00,135
"19035",8253242879,2016-04-21 10:00:00,0
"19036",8253242879,2016-04-21 11:00:00,7183
"19037",8253242879,2016-04-21 12:00:00,1139
"19038",8253242879,2016-04-21 13:00:00,58
"19039",8253242879,2016-04-21 14:00:00,241
"19040",8253242879,2016-04-21 15:00:00,199
"19041",8253242879,2016-04-21 16:00:00,430
"19042",8253242879,2016-04-21 17:00:00,165
"19043",8253242879,2016-04-21 18:00:00,138
"19044",8253242879,2016-04-21 19:00:00,134
"19045",8253242879,2016-04-21 20:00:00,325
"19046",8253242879,2016-04-21 21:00:00,238
"19047",8253242879,2016-04-21 22:00:00,221
"19048",8253242879,2016-04-21 23:00:00,138
"19049",8253242879,2016-04-22 00:00:00,0
"19050",8253242879,2016-04-22 01:00:00,0
"19051",8253242879,2016-04-22 02:00:00,0
"19052",8253242879,2016-04-22 03:00:00,0
"19053",8253242879,2016-04-22 04:00:00,0
"19054",8253242879,2016-04-22 05:00:00,0
"19055",8253242879,2016-04-22 06:00:00,0
"19056",8253242879,2016-04-22 07:00:00,0
"19057",8253242879,2016-04-22 08:00:00,0
"19058",8253242879,2016-04-22 09:00:00,0
"19059",8253242879,2016-04-22 10:00:00,0
"19060",8253242879,2016-04-22 11:00:00,0
"19061",8253242879,2016-04-22 12:00:00,0
"19062",8253242879,2016-04-22 13:00:00,616
"19063",8253242879,2016-04-22 14:00:00,341
"19064",8253242879,2016-04-22 15:00:00,120
"19065",8253242879,2016-04-22 16:00:00,58
"19066",8253242879,2016-04-22 17:00:00,587
"19067",8253242879,2016-04-22 18:00:00,177
"19068",8253242879,2016-04-22 19:00:00,149
"19069",8253242879,2016-04-22 20:00:00,304
"19070",8253242879,2016-04-22 21:00:00,123
"19071",8253242879,2016-04-22 22:00:00,186
"19072",8253242879,2016-04-22 23:00:00,163
"19073",8253242879,2016-04-23 00:00:00,0
"19074",8253242879,2016-04-23 01:00:00,0
"19075",8253242879,2016-04-23 02:00:00,0
"19076",8253242879,2016-04-23 03:00:00,0
"19077",8253242879,2016-04-23 04:00:00,0
"19078",8253242879,2016-04-23 05:00:00,0
"19079",8253242879,2016-04-23 06:00:00,0
"19080",8253242879,2016-04-23 07:00:00,0
"19081",8253242879,2016-04-23 08:00:00,0
"19082",8253242879,2016-04-23 09:00:00,584
"19083",8253242879,2016-04-23 10:00:00,162
"19084",8253242879,2016-04-23 11:00:00,3274
"19085",8253242879,2016-04-23 12:00:00,1695
"19086",8253242879,2016-04-23 13:00:00,293
"19087",8253242879,2016-04-23 14:00:00,479
"19088",8253242879,2016-04-23 15:00:00,215
"19089",8253242879,2016-04-23 16:00:00,790
"19090",8253242879,2016-04-23 17:00:00,203
"19091",8253242879,2016-04-23 18:00:00,620
"19092",8253242879,2016-04-23 19:00:00,515
"19093",8253242879,2016-04-23 20:00:00,93
"19094",8253242879,2016-04-23 21:00:00,0
"19095",8253242879,2016-04-23 22:00:00,144
"19096",8253242879,2016-04-23 23:00:00,215
"19097",8253242879,2016-04-24 00:00:00,0
"19098",8253242879,2016-04-24 01:00:00,0
"19099",8253242879,2016-04-24 02:00:00,0
"19100",8253242879,2016-04-24 03:00:00,0
"19101",8253242879,2016-04-24 04:00:00,0
"19102",8253242879,2016-04-24 05:00:00,0
"19103",8253242879,2016-04-24 06:00:00,0
"19104",8253242879,2016-04-24 07:00:00,0
"19105",8253242879,2016-04-24 08:00:00,0
"19106",8253242879,2016-04-24 09:00:00,210
"19107",8253242879,2016-04-24 10:00:00,165
"19108",8253242879,2016-04-24 11:00:00,5348
"19109",8253242879,2016-04-24 12:00:00,1613
"19110",8253242879,2016-04-24 13:00:00,399
"19111",8253242879,2016-04-24 14:00:00,173
"19112",8253242879,2016-04-24 15:00:00,66
"19113",8253242879,2016-04-24 16:00:00,0
"19114",8253242879,2016-04-24 17:00:00,184
"19115",8253242879,2016-04-24 18:00:00,418
"19116",8253242879,2016-04-24 19:00:00,151
"19117",8253242879,2016-04-24 20:00:00,0
"19118",8253242879,2016-04-24 21:00:00,87
"19119",8253242879,2016-04-24 22:00:00,0
"19120",8253242879,2016-04-24 23:00:00,91
"19121",8253242879,2016-04-25 00:00:00,0
"19122",8253242879,2016-04-25 01:00:00,0
"19123",8253242879,2016-04-25 02:00:00,0
"19124",8253242879,2016-04-25 03:00:00,0
"19125",8253242879,2016-04-25 04:00:00,0
"19126",8253242879,2016-04-25 05:00:00,0
"19127",8253242879,2016-04-25 06:00:00,0
"19128",8253242879,2016-04-25 07:00:00,0
"19129",8253242879,2016-04-25 08:00:00,686
"19130",8253242879,2016-04-25 09:00:00,320
"19131",8253242879,2016-04-25 10:00:00,0
"19132",8253242879,2016-04-25 11:00:00,13
"19133",8253242879,2016-04-25 12:00:00,34
"19134",8253242879,2016-04-25 13:00:00,632
"19135",8253242879,2016-04-25 14:00:00,643
"19136",8253242879,2016-04-25 15:00:00,2308
"19137",8253242879,2016-04-25 16:00:00,2167
"19138",8253242879,2016-04-25 17:00:00,26
"19139",8253242879,2016-04-25 18:00:00,0
"19140",8253242879,2016-04-25 19:00:00,0
"19141",8253242879,2016-04-25 20:00:00,0
"19142",8253242879,2016-04-25 21:00:00,0
"19143",8253242879,2016-04-25 22:00:00,0
"19144",8253242879,2016-04-25 23:00:00,0
"19145",8253242879,2016-04-26 00:00:00,0
"19146",8253242879,2016-04-26 01:00:00,0
"19147",8253242879,2016-04-26 02:00:00,0
"19148",8253242879,2016-04-26 03:00:00,0
"19149",8253242879,2016-04-26 04:00:00,0
"19150",8253242879,2016-04-26 05:00:00,0
"19151",8253242879,2016-04-26 06:00:00,0
"19152",8253242879,2016-04-26 07:00:00,0
"19153",8253242879,2016-04-26 08:00:00,0
"19154",8253242879,2016-04-26 09:00:00,0
"19155",8253242879,2016-04-26 10:00:00,0
"19156",8253242879,2016-04-26 11:00:00,56
"19157",8253242879,2016-04-26 12:00:00,2762
"19158",8253242879,2016-04-26 13:00:00,347
"19159",8253242879,2016-04-26 14:00:00,194
"19160",8253242879,2016-04-26 15:00:00,14
"19161",8253242879,2016-04-26 16:00:00,155
"19162",8253242879,2016-04-26 17:00:00,234
"19163",8253242879,2016-04-26 18:00:00,81
"19164",8253242879,2016-04-26 19:00:00,99
"19165",8253242879,2016-04-26 20:00:00,0
"19166",8253242879,2016-04-26 21:00:00,223
"19167",8253242879,2016-04-26 22:00:00,194
"19168",8253242879,2016-04-26 23:00:00,203
"19169",8253242879,2016-04-27 00:00:00,0
"19170",8253242879,2016-04-27 01:00:00,0
"19171",8253242879,2016-04-27 02:00:00,0
"19172",8253242879,2016-04-27 03:00:00,0
"19173",8253242879,2016-04-27 04:00:00,0
"19174",8253242879,2016-04-27 05:00:00,0
"19175",8253242879,2016-04-27 06:00:00,0
"19176",8253242879,2016-04-27 07:00:00,0
"19177",8253242879,2016-04-27 08:00:00,0
"19178",8253242879,2016-04-27 09:00:00,0
"19179",8253242879,2016-04-27 10:00:00,0
"19180",8253242879,2016-04-27 11:00:00,7652
"19181",8253242879,2016-04-27 12:00:00,249
"19182",8253242879,2016-04-27 13:00:00,385
"19183",8253242879,2016-04-27 14:00:00,412
"19184",8253242879,2016-04-27 15:00:00,0
"19185",8253242879,2016-04-27 16:00:00,82
"19186",8253242879,2016-04-27 17:00:00,240
"19187",8253242879,2016-04-27 18:00:00,40
"19188",8253242879,2016-04-27 19:00:00,76
"19189",8253242879,2016-04-27 20:00:00,162
"19190",8253242879,2016-04-27 21:00:00,80
"19191",8253242879,2016-04-27 22:00:00,193
"19192",8253242879,2016-04-27 23:00:00,661
"19193",8253242879,2016-04-28 00:00:00,0
"19194",8253242879,2016-04-28 01:00:00,0
"19195",8253242879,2016-04-28 02:00:00,0
"19196",8253242879,2016-04-28 03:00:00,0
"19197",8253242879,2016-04-28 04:00:00,0
"19198",8253242879,2016-04-28 05:00:00,0
"19199",8253242879,2016-04-28 06:00:00,0
"19200",8253242879,2016-04-28 07:00:00,0
"19201",8253242879,2016-04-28 08:00:00,0
"19202",8253242879,2016-04-28 09:00:00,0
"19203",8253242879,2016-04-28 10:00:00,0
"19204",8253242879,2016-04-28 11:00:00,0
"19205",8253242879,2016-04-28 12:00:00,2557
"19206",8253242879,2016-04-28 13:00:00,161
"19207",8253242879,2016-04-28 14:00:00,0
"19208",8253242879,2016-04-28 15:00:00,0
"19209",8253242879,2016-04-28 16:00:00,0
"19210",8253242879,2016-04-28 17:00:00,0
"19211",8253242879,2016-04-28 18:00:00,0
"19212",8253242879,2016-04-28 19:00:00,0
"19213",8253242879,2016-04-28 20:00:00,0
"19214",8253242879,2016-04-28 21:00:00,0
"19215",8253242879,2016-04-28 22:00:00,0
"19216",8253242879,2016-04-28 23:00:00,0
"19217",8253242879,2016-04-29 00:00:00,0
"19218",8253242879,2016-04-29 01:00:00,0
"19219",8253242879,2016-04-29 02:00:00,0
"19220",8253242879,2016-04-29 03:00:00,0
"19221",8253242879,2016-04-29 04:00:00,0
"19222",8253242879,2016-04-29 05:00:00,0
"19223",8253242879,2016-04-29 06:00:00,0
"19224",8253242879,2016-04-29 07:00:00,0
"19225",8253242879,2016-04-29 08:00:00,0
"19226",8253242879,2016-04-29 09:00:00,28
"19227",8253242879,2016-04-29 10:00:00,0
"19228",8253242879,2016-04-29 11:00:00,0
"19229",8253242879,2016-04-29 12:00:00,3232
"19230",8253242879,2016-04-29 13:00:00,491
"19231",8253242879,2016-04-29 14:00:00,91
"19232",8253242879,2016-04-29 15:00:00,230
"19233",8253242879,2016-04-29 16:00:00,544
"19234",8253242879,2016-04-29 17:00:00,103
"19235",8253242879,2016-04-29 18:00:00,33
"19236",8253242879,2016-04-29 19:00:00,89
"19237",8253242879,2016-04-29 20:00:00,469
"19238",8253242879,2016-04-29 21:00:00,362
"19239",8253242879,2016-04-29 22:00:00,265
"19240",8378563200,2016-04-12 00:00:00,0
"19241",8378563200,2016-04-12 01:00:00,51
"19242",8378563200,2016-04-12 02:00:00,0
"19243",8378563200,2016-04-12 03:00:00,0
"19244",8378563200,2016-04-12 04:00:00,289
"19245",8378563200,2016-04-12 05:00:00,0
"19246",8378563200,2016-04-12 06:00:00,322
"19247",8378563200,2016-04-12 07:00:00,735
"19248",8378563200,2016-04-12 08:00:00,1513
"19249",8378563200,2016-04-12 09:00:00,61
"19250",8378563200,2016-04-12 10:00:00,304
"19251",8378563200,2016-04-12 11:00:00,521
"19252",8378563200,2016-04-12 12:00:00,199
"19253",8378563200,2016-04-12 13:00:00,987
"19254",8378563200,2016-04-12 14:00:00,618
"19255",8378563200,2016-04-12 15:00:00,298
"19256",8378563200,2016-04-12 16:00:00,745
"19257",8378563200,2016-04-12 17:00:00,192
"19258",8378563200,2016-04-12 18:00:00,90
"19259",8378563200,2016-04-12 19:00:00,659
"19260",8378563200,2016-04-12 20:00:00,23
"19261",8378563200,2016-04-12 21:00:00,8
"19262",8378563200,2016-04-12 22:00:00,0
"19263",8378563200,2016-04-12 23:00:00,11
"19264",8378563200,2016-04-13 00:00:00,0
"19265",8378563200,2016-04-13 01:00:00,0
"19266",8378563200,2016-04-13 02:00:00,89
"19267",8378563200,2016-04-13 03:00:00,0
"19268",8378563200,2016-04-13 04:00:00,306
"19269",8378563200,2016-04-13 05:00:00,0
"19270",8378563200,2016-04-13 06:00:00,175
"19271",8378563200,2016-04-13 07:00:00,387
"19272",8378563200,2016-04-13 08:00:00,3712
"19273",8378563200,2016-04-13 09:00:00,416
"19274",8378563200,2016-04-13 10:00:00,592
"19275",8378563200,2016-04-13 11:00:00,1178
"19276",8378563200,2016-04-13 12:00:00,2736
"19277",8378563200,2016-04-13 13:00:00,584
"19278",8378563200,2016-04-13 14:00:00,114
"19279",8378563200,2016-04-13 15:00:00,591
"19280",8378563200,2016-04-13 16:00:00,712
"19281",8378563200,2016-04-13 17:00:00,115
"19282",8378563200,2016-04-13 18:00:00,281
"19283",8378563200,2016-04-13 19:00:00,151
"19284",8378563200,2016-04-13 20:00:00,233
"19285",8378563200,2016-04-13 21:00:00,0
"19286",8378563200,2016-04-13 22:00:00,14
"19287",8378563200,2016-04-13 23:00:00,0
"19288",8378563200,2016-04-14 00:00:00,57
"19289",8378563200,2016-04-14 01:00:00,11
"19290",8378563200,2016-04-14 02:00:00,0
"19291",8378563200,2016-04-14 03:00:00,5
"19292",8378563200,2016-04-14 04:00:00,254
"19293",8378563200,2016-04-14 05:00:00,0
"19294",8378563200,2016-04-14 06:00:00,164
"19295",8378563200,2016-04-14 07:00:00,500
"19296",8378563200,2016-04-14 08:00:00,2367
"19297",8378563200,2016-04-14 09:00:00,1820
"19298",8378563200,2016-04-14 10:00:00,422
"19299",8378563200,2016-04-14 11:00:00,347
"19300",8378563200,2016-04-14 12:00:00,4741
"19301",8378563200,2016-04-14 13:00:00,470
"19302",8378563200,2016-04-14 14:00:00,589
"19303",8378563200,2016-04-14 15:00:00,875
"19304",8378563200,2016-04-14 16:00:00,96
"19305",8378563200,2016-04-14 17:00:00,121
"19306",8378563200,2016-04-14 18:00:00,129
"19307",8378563200,2016-04-14 19:00:00,125
"19308",8378563200,2016-04-14 20:00:00,186
"19309",8378563200,2016-04-14 21:00:00,39
"19310",8378563200,2016-04-14 22:00:00,0
"19311",8378563200,2016-04-14 23:00:00,0
"19312",8378563200,2016-04-15 00:00:00,13
"19313",8378563200,2016-04-15 01:00:00,0
"19314",8378563200,2016-04-15 02:00:00,0
"19315",8378563200,2016-04-15 03:00:00,7
"19316",8378563200,2016-04-15 04:00:00,54
"19317",8378563200,2016-04-15 05:00:00,0
"19318",8378563200,2016-04-15 06:00:00,319
"19319",8378563200,2016-04-15 07:00:00,482
"19320",8378563200,2016-04-15 08:00:00,3512
"19321",8378563200,2016-04-15 09:00:00,1847
"19322",8378563200,2016-04-15 10:00:00,702
"19323",8378563200,2016-04-15 11:00:00,2618
"19324",8378563200,2016-04-15 12:00:00,655
"19325",8378563200,2016-04-15 13:00:00,309
"19326",8378563200,2016-04-15 14:00:00,669
"19327",8378563200,2016-04-15 15:00:00,923
"19328",8378563200,2016-04-15 16:00:00,170
"19329",8378563200,2016-04-15 17:00:00,281
"19330",8378563200,2016-04-15 18:00:00,919
"19331",8378563200,2016-04-15 19:00:00,72
"19332",8378563200,2016-04-15 20:00:00,7
"19333",8378563200,2016-04-15 21:00:00,45
"19334",8378563200,2016-04-15 22:00:00,857
"19335",8378563200,2016-04-15 23:00:00,0
"19336",8378563200,2016-04-16 00:00:00,0
"19337",8378563200,2016-04-16 01:00:00,7
"19338",8378563200,2016-04-16 02:00:00,8
"19339",8378563200,2016-04-16 03:00:00,75
"19340",8378563200,2016-04-16 04:00:00,14
"19341",8378563200,2016-04-16 05:00:00,0
"19342",8378563200,2016-04-16 06:00:00,0
"19343",8378563200,2016-04-16 07:00:00,74
"19344",8378563200,2016-04-16 08:00:00,269
"19345",8378563200,2016-04-16 09:00:00,104
"19346",8378563200,2016-04-16 10:00:00,280
"19347",8378563200,2016-04-16 11:00:00,106
"19348",8378563200,2016-04-16 12:00:00,254
"19349",8378563200,2016-04-16 13:00:00,620
"19350",8378563200,2016-04-16 14:00:00,3376
"19351",8378563200,2016-04-16 15:00:00,5112
"19352",8378563200,2016-04-16 16:00:00,122
"19353",8378563200,2016-04-16 17:00:00,46
"19354",8378563200,2016-04-16 18:00:00,243
"19355",8378563200,2016-04-16 19:00:00,173
"19356",8378563200,2016-04-16 20:00:00,242
"19357",8378563200,2016-04-16 21:00:00,6
"19358",8378563200,2016-04-16 22:00:00,11
"19359",8378563200,2016-04-16 23:00:00,54
"19360",8378563200,2016-04-17 00:00:00,0
"19361",8378563200,2016-04-17 01:00:00,0
"19362",8378563200,2016-04-17 02:00:00,0
"19363",8378563200,2016-04-17 03:00:00,0
"19364",8378563200,2016-04-17 04:00:00,0
"19365",8378563200,2016-04-17 05:00:00,0
"19366",8378563200,2016-04-17 06:00:00,85
"19367",8378563200,2016-04-17 07:00:00,104
"19368",8378563200,2016-04-17 08:00:00,246
"19369",8378563200,2016-04-17 09:00:00,34
"19370",8378563200,2016-04-17 10:00:00,146
"19371",8378563200,2016-04-17 11:00:00,191
"19372",8378563200,2016-04-17 12:00:00,172
"19373",8378563200,2016-04-17 13:00:00,66
"19374",8378563200,2016-04-17 14:00:00,0
"19375",8378563200,2016-04-17 15:00:00,26
"19376",8378563200,2016-04-17 16:00:00,106
"19377",8378563200,2016-04-17 17:00:00,94
"19378",8378563200,2016-04-17 18:00:00,547
"19379",8378563200,2016-04-17 19:00:00,53
"19380",8378563200,2016-04-17 20:00:00,181
"19381",8378563200,2016-04-17 21:00:00,20
"19382",8378563200,2016-04-17 22:00:00,0
"19383",8378563200,2016-04-17 23:00:00,61
"19384",8378563200,2016-04-18 00:00:00,0
"19385",8378563200,2016-04-18 01:00:00,0
"19386",8378563200,2016-04-18 02:00:00,6
"19387",8378563200,2016-04-18 03:00:00,0
"19388",8378563200,2016-04-18 04:00:00,270
"19389",8378563200,2016-04-18 05:00:00,0
"19390",8378563200,2016-04-18 06:00:00,187
"19391",8378563200,2016-04-18 07:00:00,317
"19392",8378563200,2016-04-18 08:00:00,3525
"19393",8378563200,2016-04-18 09:00:00,549
"19394",8378563200,2016-04-18 10:00:00,330
"19395",8378563200,2016-04-18 11:00:00,280
"19396",8378563200,2016-04-18 12:00:00,3869
"19397",8378563200,2016-04-18 13:00:00,336
"19398",8378563200,2016-04-18 14:00:00,628
"19399",8378563200,2016-04-18 15:00:00,1094
"19400",8378563200,2016-04-18 16:00:00,199
"19401",8378563200,2016-04-18 17:00:00,189
"19402",8378563200,2016-04-18 18:00:00,809
"19403",8378563200,2016-04-18 19:00:00,534
"19404",8378563200,2016-04-18 20:00:00,428
"19405",8378563200,2016-04-18 21:00:00,4
"19406",8378563200,2016-04-18 22:00:00,65
"19407",8378563200,2016-04-18 23:00:00,11
"19408",8378563200,2016-04-19 00:00:00,0
"19409",8378563200,2016-04-19 01:00:00,0
"19410",8378563200,2016-04-19 02:00:00,68
"19411",8378563200,2016-04-19 03:00:00,0
"19412",8378563200,2016-04-19 04:00:00,231
"19413",8378563200,2016-04-19 05:00:00,0
"19414",8378563200,2016-04-19 06:00:00,197
"19415",8378563200,2016-04-19 07:00:00,442
"19416",8378563200,2016-04-19 08:00:00,3665
"19417",8378563200,2016-04-19 09:00:00,319
"19418",8378563200,2016-04-19 10:00:00,324
"19419",8378563200,2016-04-19 11:00:00,250
"19420",8378563200,2016-04-19 12:00:00,3870
"19421",8378563200,2016-04-19 13:00:00,430
"19422",8378563200,2016-04-19 14:00:00,327
"19423",8378563200,2016-04-19 15:00:00,38
"19424",8378563200,2016-04-19 16:00:00,1025
"19425",8378563200,2016-04-19 17:00:00,256
"19426",8378563200,2016-04-19 18:00:00,292
"19427",8378563200,2016-04-19 19:00:00,288
"19428",8378563200,2016-04-19 20:00:00,845
"19429",8378563200,2016-04-19 21:00:00,199
"19430",8378563200,2016-04-19 22:00:00,4
"19431",8378563200,2016-04-19 23:00:00,0
"19432",8378563200,2016-04-20 00:00:00,14
"19433",8378563200,2016-04-20 01:00:00,7
"19434",8378563200,2016-04-20 02:00:00,0
"19435",8378563200,2016-04-20 03:00:00,0
"19436",8378563200,2016-04-20 04:00:00,227
"19437",8378563200,2016-04-20 05:00:00,0
"19438",8378563200,2016-04-20 06:00:00,290
"19439",8378563200,2016-04-20 07:00:00,562
"19440",8378563200,2016-04-20 08:00:00,1138
"19441",8378563200,2016-04-20 09:00:00,280
"19442",8378563200,2016-04-20 10:00:00,654
"19443",8378563200,2016-04-20 11:00:00,1141
"19444",8378563200,2016-04-20 12:00:00,1742
"19445",8378563200,2016-04-20 13:00:00,297
"19446",8378563200,2016-04-20 14:00:00,413
"19447",8378563200,2016-04-20 15:00:00,1159
"19448",8378563200,2016-04-20 16:00:00,367
"19449",8378563200,2016-04-20 17:00:00,207
"19450",8378563200,2016-04-20 18:00:00,367
"19451",8378563200,2016-04-20 19:00:00,86
"19452",8378563200,2016-04-20 20:00:00,419
"19453",8378563200,2016-04-20 21:00:00,18
"19454",8378563200,2016-04-20 22:00:00,0
"19455",8378563200,2016-04-20 23:00:00,0
"19456",8378563200,2016-04-21 00:00:00,0
"19457",8378563200,2016-04-21 01:00:00,65
"19458",8378563200,2016-04-21 02:00:00,0
"19459",8378563200,2016-04-21 03:00:00,0
"19460",8378563200,2016-04-21 04:00:00,247
"19461",8378563200,2016-04-21 05:00:00,0
"19462",8378563200,2016-04-21 06:00:00,197
"19463",8378563200,2016-04-21 07:00:00,432
"19464",8378563200,2016-04-21 08:00:00,2392
"19465",8378563200,2016-04-21 09:00:00,2226
"19466",8378563200,2016-04-21 10:00:00,778
"19467",8378563200,2016-04-21 11:00:00,1212
"19468",8378563200,2016-04-21 12:00:00,4373
"19469",8378563200,2016-04-21 13:00:00,652
"19470",8378563200,2016-04-21 14:00:00,452
"19471",8378563200,2016-04-21 15:00:00,1202
"19472",8378563200,2016-04-21 16:00:00,220
"19473",8378563200,2016-04-21 17:00:00,178
"19474",8378563200,2016-04-21 18:00:00,131
"19475",8378563200,2016-04-21 19:00:00,372
"19476",8378563200,2016-04-21 20:00:00,19
"19477",8378563200,2016-04-21 21:00:00,0
"19478",8378563200,2016-04-21 22:00:00,0
"19479",8378563200,2016-04-21 23:00:00,0
"19480",8378563200,2016-04-22 00:00:00,75
"19481",8378563200,2016-04-22 01:00:00,0
"19482",8378563200,2016-04-22 02:00:00,0
"19483",8378563200,2016-04-22 03:00:00,0
"19484",8378563200,2016-04-22 04:00:00,341
"19485",8378563200,2016-04-22 05:00:00,0
"19486",8378563200,2016-04-22 06:00:00,132
"19487",8378563200,2016-04-22 07:00:00,498
"19488",8378563200,2016-04-22 08:00:00,4242
"19489",8378563200,2016-04-22 09:00:00,1652
"19490",8378563200,2016-04-22 10:00:00,599
"19491",8378563200,2016-04-22 11:00:00,896
"19492",8378563200,2016-04-22 12:00:00,1162
"19493",8378563200,2016-04-22 13:00:00,327
"19494",8378563200,2016-04-22 14:00:00,337
"19495",8378563200,2016-04-22 15:00:00,320
"19496",8378563200,2016-04-22 16:00:00,953
"19497",8378563200,2016-04-22 17:00:00,140
"19498",8378563200,2016-04-22 18:00:00,31
"19499",8378563200,2016-04-22 19:00:00,102
"19500",8378563200,2016-04-22 20:00:00,161
"19501",8378563200,2016-04-22 21:00:00,209
"19502",8378563200,2016-04-22 22:00:00,23
"19503",8378563200,2016-04-22 23:00:00,0
"19504",8378563200,2016-04-23 00:00:00,0
"19505",8378563200,2016-04-23 01:00:00,0
"19506",8378563200,2016-04-23 02:00:00,49
"19507",8378563200,2016-04-23 03:00:00,0
"19508",8378563200,2016-04-23 04:00:00,0
"19509",8378563200,2016-04-23 05:00:00,53
"19510",8378563200,2016-04-23 06:00:00,10
"19511",8378563200,2016-04-23 07:00:00,88
"19512",8378563200,2016-04-23 08:00:00,279
"19513",8378563200,2016-04-23 09:00:00,39
"19514",8378563200,2016-04-23 10:00:00,0
"19515",8378563200,2016-04-23 11:00:00,120
"19516",8378563200,2016-04-23 12:00:00,355
"19517",8378563200,2016-04-23 13:00:00,518
"19518",8378563200,2016-04-23 14:00:00,2945
"19519",8378563200,2016-04-23 15:00:00,230
"19520",8378563200,2016-04-23 16:00:00,362
"19521",8378563200,2016-04-23 17:00:00,4
"19522",8378563200,2016-04-23 18:00:00,169
"19523",8378563200,2016-04-23 19:00:00,79
"19524",8378563200,2016-04-23 20:00:00,83
"19525",8378563200,2016-04-23 21:00:00,301
"19526",8378563200,2016-04-23 22:00:00,20
"19527",8378563200,2016-04-23 23:00:00,5
"19528",8378563200,2016-04-24 00:00:00,0
"19529",8378563200,2016-04-24 01:00:00,56
"19530",8378563200,2016-04-24 02:00:00,13
"19531",8378563200,2016-04-24 03:00:00,0
"19532",8378563200,2016-04-24 04:00:00,0
"19533",8378563200,2016-04-24 05:00:00,0
"19534",8378563200,2016-04-24 06:00:00,0
"19535",8378563200,2016-04-24 07:00:00,298
"19536",8378563200,2016-04-24 08:00:00,140
"19537",8378563200,2016-04-24 09:00:00,27
"19538",8378563200,2016-04-24 10:00:00,481
"19539",8378563200,2016-04-24 11:00:00,328
"19540",8378563200,2016-04-24 12:00:00,330
"19541",8378563200,2016-04-24 13:00:00,438
"19542",8378563200,2016-04-24 14:00:00,63
"19543",8378563200,2016-04-24 15:00:00,623
"19544",8378563200,2016-04-24 16:00:00,254
"19545",8378563200,2016-04-24 17:00:00,197
"19546",8378563200,2016-04-24 18:00:00,23
"19547",8378563200,2016-04-24 19:00:00,34
"19548",8378563200,2016-04-24 20:00:00,195
"19549",8378563200,2016-04-24 21:00:00,203
"19550",8378563200,2016-04-24 22:00:00,0
"19551",8378563200,2016-04-24 23:00:00,0
"19552",8378563200,2016-04-25 00:00:00,0
"19553",8378563200,2016-04-25 01:00:00,0
"19554",8378563200,2016-04-25 02:00:00,4
"19555",8378563200,2016-04-25 03:00:00,0
"19556",8378563200,2016-04-25 04:00:00,243
"19557",8378563200,2016-04-25 05:00:00,0
"19558",8378563200,2016-04-25 06:00:00,240
"19559",8378563200,2016-04-25 07:00:00,459
"19560",8378563200,2016-04-25 08:00:00,1377
"19561",8378563200,2016-04-25 09:00:00,353
"19562",8378563200,2016-04-25 10:00:00,597
"19563",8378563200,2016-04-25 11:00:00,2494
"19564",8378563200,2016-04-25 12:00:00,3811
"19565",8378563200,2016-04-25 13:00:00,433
"19566",8378563200,2016-04-25 14:00:00,450
"19567",8378563200,2016-04-25 15:00:00,1075
"19568",8378563200,2016-04-25 16:00:00,107
"19569",8378563200,2016-04-25 17:00:00,142
"19570",8378563200,2016-04-25 18:00:00,235
"19571",8378563200,2016-04-25 19:00:00,307
"19572",8378563200,2016-04-25 20:00:00,0
"19573",8378563200,2016-04-25 21:00:00,7
"19574",8378563200,2016-04-25 22:00:00,0
"19575",8378563200,2016-04-25 23:00:00,71
"19576",8378563200,2016-04-26 00:00:00,0
"19577",8378563200,2016-04-26 01:00:00,0
"19578",8378563200,2016-04-26 02:00:00,0
"19579",8378563200,2016-04-26 03:00:00,0
"19580",8378563200,2016-04-26 04:00:00,47
"19581",8378563200,2016-04-26 05:00:00,14
"19582",8378563200,2016-04-26 06:00:00,242
"19583",8378563200,2016-04-26 07:00:00,494
"19584",8378563200,2016-04-26 08:00:00,4168
"19585",8378563200,2016-04-26 09:00:00,855
"19586",8378563200,2016-04-26 10:00:00,521
"19587",8378563200,2016-04-26 11:00:00,2816
"19588",8378563200,2016-04-26 12:00:00,3512
"19589",8378563200,2016-04-26 13:00:00,478
"19590",8378563200,2016-04-26 14:00:00,857
"19591",8378563200,2016-04-26 15:00:00,1138
"19592",8378563200,2016-04-26 16:00:00,78
"19593",8378563200,2016-04-26 17:00:00,195
"19594",8378563200,2016-04-26 18:00:00,144
"19595",8378563200,2016-04-26 19:00:00,356
"19596",8378563200,2016-04-26 20:00:00,203
"19597",8378563200,2016-04-26 21:00:00,6
"19598",8378563200,2016-04-26 22:00:00,0
"19599",8378563200,2016-04-26 23:00:00,84
"19600",8378563200,2016-04-27 00:00:00,0
"19601",8378563200,2016-04-27 01:00:00,61
"19602",8378563200,2016-04-27 02:00:00,0
"19603",8378563200,2016-04-27 03:00:00,47
"19604",8378563200,2016-04-27 04:00:00,0
"19605",8378563200,2016-04-27 05:00:00,0
"19606",8378563200,2016-04-27 06:00:00,268
"19607",8378563200,2016-04-27 07:00:00,440
"19608",8378563200,2016-04-27 08:00:00,1040
"19609",8378563200,2016-04-27 09:00:00,416
"19610",8378563200,2016-04-27 10:00:00,673
"19611",8378563200,2016-04-27 11:00:00,225
"19612",8378563200,2016-04-27 12:00:00,590
"19613",8378563200,2016-04-27 13:00:00,292
"19614",8378563200,2016-04-27 14:00:00,154
"19615",8378563200,2016-04-27 15:00:00,69
"19616",8378563200,2016-04-27 16:00:00,244
"19617",8378563200,2016-04-27 17:00:00,864
"19618",8378563200,2016-04-27 18:00:00,604
"19619",8378563200,2016-04-27 19:00:00,324
"19620",8378563200,2016-04-27 20:00:00,907
"19621",8378563200,2016-04-27 21:00:00,10
"19622",8378563200,2016-04-27 22:00:00,74
"19623",8378563200,2016-04-27 23:00:00,57
"19624",8378563200,2016-04-28 00:00:00,0
"19625",8378563200,2016-04-28 01:00:00,7
"19626",8378563200,2016-04-28 02:00:00,0
"19627",8378563200,2016-04-28 03:00:00,0
"19628",8378563200,2016-04-28 04:00:00,54
"19629",8378563200,2016-04-28 05:00:00,7
"19630",8378563200,2016-04-28 06:00:00,179
"19631",8378563200,2016-04-28 07:00:00,275
"19632",8378563200,2016-04-28 08:00:00,117
"19633",8378563200,2016-04-28 09:00:00,380
"19634",8378563200,2016-04-28 10:00:00,755
"19635",8378563200,2016-04-28 11:00:00,293
"19636",8378563200,2016-04-28 12:00:00,272
"19637",8378563200,2016-04-28 13:00:00,340
"19638",8378563200,2016-04-28 14:00:00,260
"19639",8378563200,2016-04-28 15:00:00,236
"19640",8378563200,2016-04-28 16:00:00,1030
"19641",8378563200,2016-04-28 17:00:00,556
"19642",8378563200,2016-04-28 18:00:00,155
"19643",8378563200,2016-04-28 19:00:00,95
"19644",8378563200,2016-04-28 20:00:00,379
"19645",8378563200,2016-04-28 21:00:00,0
"19646",8378563200,2016-04-28 22:00:00,27
"19647",8378563200,2016-04-28 23:00:00,0
"19648",8378563200,2016-04-29 00:00:00,0
"19649",8378563200,2016-04-29 01:00:00,0
"19650",8378563200,2016-04-29 02:00:00,0
"19651",8378563200,2016-04-29 03:00:00,0
"19652",8378563200,2016-04-29 04:00:00,50
"19653",8378563200,2016-04-29 05:00:00,0
"19654",8378563200,2016-04-29 06:00:00,272
"19655",8378563200,2016-04-29 07:00:00,542
"19656",8378563200,2016-04-29 08:00:00,1071
"19657",8378563200,2016-04-29 09:00:00,494
"19658",8378563200,2016-04-29 10:00:00,516
"19659",8378563200,2016-04-29 11:00:00,462
"19660",8378563200,2016-04-29 12:00:00,45
"19661",8378563200,2016-04-29 13:00:00,602
"19662",8378563200,2016-04-29 14:00:00,142
"19663",8378563200,2016-04-29 15:00:00,37
"19664",8378563200,2016-04-29 16:00:00,682
"19665",8378563200,2016-04-29 17:00:00,202
"19666",8378563200,2016-04-29 18:00:00,441
"19667",8378563200,2016-04-29 19:00:00,169
"19668",8378563200,2016-04-29 20:00:00,101
"19669",8378563200,2016-04-29 21:00:00,291
"19670",8378563200,2016-04-29 22:00:00,9
"19671",8378563200,2016-04-29 23:00:00,19
"19672",8378563200,2016-04-30 00:00:00,28
"19673",8378563200,2016-04-30 01:00:00,65
"19674",8378563200,2016-04-30 02:00:00,0
"19675",8378563200,2016-04-30 03:00:00,0
"19676",8378563200,2016-04-30 04:00:00,0
"19677",8378563200,2016-04-30 05:00:00,73
"19678",8378563200,2016-04-30 06:00:00,0
"19679",8378563200,2016-04-30 07:00:00,269
"19680",8378563200,2016-04-30 08:00:00,74
"19681",8378563200,2016-04-30 09:00:00,88
"19682",8378563200,2016-04-30 10:00:00,364
"19683",8378563200,2016-04-30 11:00:00,59
"19684",8378563200,2016-04-30 12:00:00,554
"19685",8378563200,2016-04-30 13:00:00,307
"19686",8378563200,2016-04-30 14:00:00,142
"19687",8378563200,2016-04-30 15:00:00,7
"19688",8378563200,2016-04-30 16:00:00,102
"19689",8378563200,2016-04-30 17:00:00,86
"19690",8378563200,2016-04-30 18:00:00,150
"19691",8378563200,2016-04-30 19:00:00,131
"19692",8378563200,2016-04-30 20:00:00,28
"19693",8378563200,2016-04-30 21:00:00,248
"19694",8378563200,2016-04-30 22:00:00,55
"19695",8378563200,2016-04-30 23:00:00,116
"19696",8378563200,2016-05-01 00:00:00,0
"19697",8378563200,2016-05-01 01:00:00,47
"19698",8378563200,2016-05-01 02:00:00,0
"19699",8378563200,2016-05-01 03:00:00,0
"19700",8378563200,2016-05-01 04:00:00,0
"19701",8378563200,2016-05-01 05:00:00,70
"19702",8378563200,2016-05-01 06:00:00,0
"19703",8378563200,2016-05-01 07:00:00,231
"19704",8378563200,2016-05-01 08:00:00,165
"19705",8378563200,2016-05-01 09:00:00,58
"19706",8378563200,2016-05-01 10:00:00,35
"19707",8378563200,2016-05-01 11:00:00,447
"19708",8378563200,2016-05-01 12:00:00,362
"19709",8378563200,2016-05-01 13:00:00,197
"19710",8378563200,2016-05-01 14:00:00,166
"19711",8378563200,2016-05-01 15:00:00,180
"19712",8378563200,2016-05-01 16:00:00,3244
"19713",8378563200,2016-05-01 17:00:00,5661
"19714",8378563200,2016-05-01 18:00:00,147
"19715",8378563200,2016-05-01 19:00:00,70
"19716",8378563200,2016-05-01 20:00:00,227
"19717",8378563200,2016-05-01 21:00:00,91
"19718",8378563200,2016-05-01 22:00:00,0
"19719",8378563200,2016-05-01 23:00:00,21
"19720",8378563200,2016-05-02 00:00:00,0
"19721",8378563200,2016-05-02 01:00:00,7
"19722",8378563200,2016-05-02 02:00:00,0
"19723",8378563200,2016-05-02 03:00:00,0
"19724",8378563200,2016-05-02 04:00:00,281
"19725",8378563200,2016-05-02 05:00:00,0
"19726",8378563200,2016-05-02 06:00:00,150
"19727",8378563200,2016-05-02 07:00:00,371
"19728",8378563200,2016-05-02 08:00:00,1209
"19729",8378563200,2016-05-02 09:00:00,40
"19730",8378563200,2016-05-02 10:00:00,454
"19731",8378563200,2016-05-02 11:00:00,86
"19732",8378563200,2016-05-02 12:00:00,601
"19733",8378563200,2016-05-02 13:00:00,329
"19734",8378563200,2016-05-02 14:00:00,431
"19735",8378563200,2016-05-02 15:00:00,372
"19736",8378563200,2016-05-02 16:00:00,581
"19737",8378563200,2016-05-02 17:00:00,589
"19738",8378563200,2016-05-02 18:00:00,177
"19739",8378563200,2016-05-02 19:00:00,153
"19740",8378563200,2016-05-02 20:00:00,233
"19741",8378563200,2016-05-02 21:00:00,0
"19742",8378563200,2016-05-02 22:00:00,0
"19743",8378563200,2016-05-02 23:00:00,0
"19744",8378563200,2016-05-03 00:00:00,0
"19745",8378563200,2016-05-03 01:00:00,47
"19746",8378563200,2016-05-03 02:00:00,0
"19747",8378563200,2016-05-03 03:00:00,0
"19748",8378563200,2016-05-03 04:00:00,259
"19749",8378563200,2016-05-03 05:00:00,0
"19750",8378563200,2016-05-03 06:00:00,173
"19751",8378563200,2016-05-03 07:00:00,491
"19752",8378563200,2016-05-03 08:00:00,1421
"19753",8378563200,2016-05-03 09:00:00,578
"19754",8378563200,2016-05-03 10:00:00,408
"19755",8378563200,2016-05-03 11:00:00,244
"19756",8378563200,2016-05-03 12:00:00,371
"19757",8378563200,2016-05-03 13:00:00,115
"19758",8378563200,2016-05-03 14:00:00,318
"19759",8378563200,2016-05-03 15:00:00,482
"19760",8378563200,2016-05-03 16:00:00,294
"19761",8378563200,2016-05-03 17:00:00,1574
"19762",8378563200,2016-05-03 18:00:00,436
"19763",8378563200,2016-05-03 19:00:00,323
"19764",8378563200,2016-05-03 20:00:00,762
"19765",8378563200,2016-05-03 21:00:00,197
"19766",8378563200,2016-05-03 22:00:00,215
"19767",8378563200,2016-05-03 23:00:00,4
"19768",8378563200,2016-05-04 00:00:00,0
"19769",8378563200,2016-05-04 01:00:00,51
"19770",8378563200,2016-05-04 02:00:00,0
"19771",8378563200,2016-05-04 03:00:00,0
"19772",8378563200,2016-05-04 04:00:00,52
"19773",8378563200,2016-05-04 05:00:00,0
"19774",8378563200,2016-05-04 06:00:00,236
"19775",8378563200,2016-05-04 07:00:00,589
"19776",8378563200,2016-05-04 08:00:00,1417
"19777",8378563200,2016-05-04 09:00:00,820
"19778",8378563200,2016-05-04 10:00:00,407
"19779",8378563200,2016-05-04 11:00:00,628
"19780",8378563200,2016-05-04 12:00:00,346
"19781",8378563200,2016-05-04 13:00:00,200
"19782",8378563200,2016-05-04 14:00:00,412
"19783",8378563200,2016-05-04 15:00:00,292
"19784",8378563200,2016-05-04 16:00:00,1281
"19785",8378563200,2016-05-04 17:00:00,200
"19786",8378563200,2016-05-04 18:00:00,298
"19787",8378563200,2016-05-04 19:00:00,191
"19788",8378563200,2016-05-04 20:00:00,237
"19789",8378563200,2016-05-04 21:00:00,130
"19790",8378563200,2016-05-04 22:00:00,79
"19791",8378563200,2016-05-04 23:00:00,9
"19792",8378563200,2016-05-05 00:00:00,66
"19793",8378563200,2016-05-05 01:00:00,0
"19794",8378563200,2016-05-05 02:00:00,0
"19795",8378563200,2016-05-05 03:00:00,4
"19796",8378563200,2016-05-05 04:00:00,254
"19797",8378563200,2016-05-05 05:00:00,0
"19798",8378563200,2016-05-05 06:00:00,126
"19799",8378563200,2016-05-05 07:00:00,492
"19800",8378563200,2016-05-05 08:00:00,1398
"19801",8378563200,2016-05-05 09:00:00,363
"19802",8378563200,2016-05-05 10:00:00,416
"19803",8378563200,2016-05-05 11:00:00,252
"19804",8378563200,2016-05-05 12:00:00,461
"19805",8378563200,2016-05-05 13:00:00,467
"19806",8378563200,2016-05-05 14:00:00,336
"19807",8378563200,2016-05-05 15:00:00,420
"19808",8378563200,2016-05-05 16:00:00,731
"19809",8378563200,2016-05-05 17:00:00,248
"19810",8378563200,2016-05-05 18:00:00,769
"19811",8378563200,2016-05-05 19:00:00,100
"19812",8378563200,2016-05-05 20:00:00,975
"19813",8378563200,2016-05-05 21:00:00,504
"19814",8378563200,2016-05-05 22:00:00,0
"19815",8378563200,2016-05-05 23:00:00,185
"19816",8378563200,2016-05-06 00:00:00,0
"19817",8378563200,2016-05-06 01:00:00,0
"19818",8378563200,2016-05-06 02:00:00,0
"19819",8378563200,2016-05-06 03:00:00,7
"19820",8378563200,2016-05-06 04:00:00,303
"19821",8378563200,2016-05-06 05:00:00,0
"19822",8378563200,2016-05-06 06:00:00,266
"19823",8378563200,2016-05-06 07:00:00,492
"19824",8378563200,2016-05-06 08:00:00,1430
"19825",8378563200,2016-05-06 09:00:00,368
"19826",8378563200,2016-05-06 10:00:00,577
"19827",8378563200,2016-05-06 11:00:00,431
"19828",8378563200,2016-05-06 12:00:00,81
"19829",8378563200,2016-05-06 13:00:00,251
"19830",8378563200,2016-05-06 14:00:00,409
"19831",8378563200,2016-05-06 15:00:00,489
"19832",8378563200,2016-05-06 16:00:00,1064
"19833",8378563200,2016-05-06 17:00:00,245
"19834",8378563200,2016-05-06 18:00:00,99
"19835",8378563200,2016-05-06 19:00:00,97
"19836",8378563200,2016-05-06 20:00:00,81
"19837",8378563200,2016-05-06 21:00:00,291
"19838",8378563200,2016-05-06 22:00:00,0
"19839",8378563200,2016-05-06 23:00:00,64
"19840",8378563200,2016-05-07 00:00:00,13
"19841",8378563200,2016-05-07 01:00:00,0
"19842",8378563200,2016-05-07 02:00:00,0
"19843",8378563200,2016-05-07 03:00:00,0
"19844",8378563200,2016-05-07 04:00:00,6
"19845",8378563200,2016-05-07 05:00:00,61
"19846",8378563200,2016-05-07 06:00:00,0
"19847",8378563200,2016-05-07 07:00:00,122
"19848",8378563200,2016-05-07 08:00:00,208
"19849",8378563200,2016-05-07 09:00:00,61
"19850",8378563200,2016-05-07 10:00:00,51
"19851",8378563200,2016-05-07 11:00:00,92
"19852",8378563200,2016-05-07 12:00:00,461
"19853",8378563200,2016-05-07 13:00:00,1112
"19854",8378563200,2016-05-07 14:00:00,749
"19855",8378563200,2016-05-07 15:00:00,480
"19856",8378563200,2016-05-07 16:00:00,299
"19857",8378563200,2016-05-07 17:00:00,0
"19858",8378563200,2016-05-07 18:00:00,121
"19859",8378563200,2016-05-07 19:00:00,211
"19860",8378563200,2016-05-07 20:00:00,27
"19861",8378563200,2016-05-07 21:00:00,171
"19862",8378563200,2016-05-07 22:00:00,223
"19863",8378563200,2016-05-07 23:00:00,0
"19864",8378563200,2016-05-08 00:00:00,14
"19865",8378563200,2016-05-08 01:00:00,0
"19866",8378563200,2016-05-08 02:00:00,49
"19867",8378563200,2016-05-08 03:00:00,12
"19868",8378563200,2016-05-08 04:00:00,0
"19869",8378563200,2016-05-08 05:00:00,0
"19870",8378563200,2016-05-08 06:00:00,0
"19871",8378563200,2016-05-08 07:00:00,74
"19872",8378563200,2016-05-08 08:00:00,0
"19873",8378563200,2016-05-08 09:00:00,247
"19874",8378563200,2016-05-08 10:00:00,157
"19875",8378563200,2016-05-08 11:00:00,111
"19876",8378563200,2016-05-08 12:00:00,496
"19877",8378563200,2016-05-08 13:00:00,204
"19878",8378563200,2016-05-08 14:00:00,107
"19879",8378563200,2016-05-08 15:00:00,506
"19880",8378563200,2016-05-08 16:00:00,139
"19881",8378563200,2016-05-08 17:00:00,215
"19882",8378563200,2016-05-08 18:00:00,28
"19883",8378563200,2016-05-08 19:00:00,110
"19884",8378563200,2016-05-08 20:00:00,204
"19885",8378563200,2016-05-08 21:00:00,256
"19886",8378563200,2016-05-08 22:00:00,0
"19887",8378563200,2016-05-08 23:00:00,14
"19888",8378563200,2016-05-09 00:00:00,54
"19889",8378563200,2016-05-09 01:00:00,55
"19890",8378563200,2016-05-09 02:00:00,0
"19891",8378563200,2016-05-09 03:00:00,0
"19892",8378563200,2016-05-09 04:00:00,255
"19893",8378563200,2016-05-09 05:00:00,0
"19894",8378563200,2016-05-09 06:00:00,244
"19895",8378563200,2016-05-09 07:00:00,431
"19896",8378563200,2016-05-09 08:00:00,1539
"19897",8378563200,2016-05-09 09:00:00,448
"19898",8378563200,2016-05-09 10:00:00,1180
"19899",8378563200,2016-05-09 11:00:00,585
"19900",8378563200,2016-05-09 12:00:00,408
"19901",8378563200,2016-05-09 13:00:00,590
"19902",8378563200,2016-05-09 14:00:00,177
"19903",8378563200,2016-05-09 15:00:00,355
"19904",8378563200,2016-05-09 16:00:00,271
"19905",8378563200,2016-05-09 17:00:00,689
"19906",8378563200,2016-05-09 18:00:00,222
"19907",8378563200,2016-05-09 19:00:00,173
"19908",8378563200,2016-05-09 20:00:00,413
"19909",8378563200,2016-05-09 21:00:00,205
"19910",8378563200,2016-05-09 22:00:00,88
"19911",8378563200,2016-05-09 23:00:00,0
"19912",8378563200,2016-05-10 00:00:00,0
"19913",8378563200,2016-05-10 01:00:00,0
"19914",8378563200,2016-05-10 02:00:00,0
"19915",8378563200,2016-05-10 03:00:00,0
"19916",8378563200,2016-05-10 04:00:00,361
"19917",8378563200,2016-05-10 05:00:00,0
"19918",8378563200,2016-05-10 06:00:00,151
"19919",8378563200,2016-05-10 07:00:00,570
"19920",8378563200,2016-05-10 08:00:00,1199
"19921",8378563200,2016-05-10 09:00:00,327
"19922",8378563200,2016-05-10 10:00:00,383
"19923",8378563200,2016-05-10 11:00:00,43
"19924",8378563200,2016-05-10 12:00:00,562
"19925",8378563200,2016-05-10 13:00:00,115
"19926",8378563200,2016-05-10 14:00:00,424
"19927",8378563200,2016-05-10 15:00:00,244
"19928",8378563200,2016-05-10 16:00:00,909
"19929",8378563200,2016-05-10 17:00:00,310
"19930",8378563200,2016-05-10 18:00:00,53
"19931",8378563200,2016-05-10 19:00:00,310
"19932",8378563200,2016-05-10 20:00:00,176
"19933",8378563200,2016-05-10 21:00:00,445
"19934",8378563200,2016-05-10 22:00:00,0
"19935",8378563200,2016-05-10 23:00:00,0
"19936",8378563200,2016-05-11 00:00:00,0
"19937",8378563200,2016-05-11 01:00:00,0
"19938",8378563200,2016-05-11 02:00:00,0
"19939",8378563200,2016-05-11 03:00:00,12
"19940",8378563200,2016-05-11 04:00:00,313
"19941",8378563200,2016-05-11 05:00:00,0
"19942",8378563200,2016-05-11 06:00:00,212
"19943",8378563200,2016-05-11 07:00:00,402
"19944",8378563200,2016-05-11 08:00:00,1396
"19945",8378563200,2016-05-11 09:00:00,440
"19946",8378563200,2016-05-11 10:00:00,1108
"19947",8378563200,2016-05-11 11:00:00,1302
"19948",8378563200,2016-05-11 12:00:00,870
"19949",8378563200,2016-05-11 13:00:00,488
"19950",8378563200,2016-05-11 14:00:00,439
"19951",8378563200,2016-05-11 15:00:00,319
"19952",8378563200,2016-05-11 16:00:00,162
"19953",8378563200,2016-05-11 17:00:00,926
"19954",8378563200,2016-05-11 18:00:00,207
"19955",8378563200,2016-05-11 19:00:00,71
"19956",8378563200,2016-05-11 20:00:00,252
"19957",8378563200,2016-05-11 21:00:00,136
"19958",8378563200,2016-05-11 22:00:00,0
"19959",8378563200,2016-05-11 23:00:00,88
"19960",8378563200,2016-05-12 00:00:00,0
"19961",8378563200,2016-05-12 01:00:00,17
"19962",8378563200,2016-05-12 02:00:00,8
"19963",8378563200,2016-05-12 03:00:00,0
"19964",8378563200,2016-05-12 04:00:00,49
"19965",8378563200,2016-05-12 05:00:00,0
"19966",8378563200,2016-05-12 06:00:00,236
"19967",8378563200,2016-05-12 07:00:00,498
"19968",8378563200,2016-05-12 08:00:00,1173
"19969",8378563200,2016-05-12 09:00:00,542
"19970",8378563200,2016-05-12 10:00:00,643
"19971",8378563200,2016-05-12 11:00:00,386
"19972",8378563200,2016-05-12 12:00:00,22
"19973",8378563200,2016-05-12 13:00:00,436
"19974",8378563200,2016-05-12 14:00:00,46
"19975",8583815059,2016-04-12 00:00:00,0
"19976",8583815059,2016-04-12 01:00:00,0
"19977",8583815059,2016-04-12 02:00:00,0
"19978",8583815059,2016-04-12 03:00:00,0
"19979",8583815059,2016-04-12 04:00:00,0
"19980",8583815059,2016-04-12 05:00:00,0
"19981",8583815059,2016-04-12 06:00:00,0
"19982",8583815059,2016-04-12 07:00:00,0
"19983",8583815059,2016-04-12 08:00:00,0
"19984",8583815059,2016-04-12 09:00:00,55
"19985",8583815059,2016-04-12 10:00:00,0
"19986",8583815059,2016-04-12 11:00:00,35
"19987",8583815059,2016-04-12 12:00:00,327
"19988",8583815059,2016-04-12 13:00:00,807
"19989",8583815059,2016-04-12 14:00:00,250
"19990",8583815059,2016-04-12 15:00:00,265
"19991",8583815059,2016-04-12 16:00:00,731
"19992",8583815059,2016-04-12 17:00:00,962
"19993",8583815059,2016-04-12 18:00:00,175
"19994",8583815059,2016-04-12 19:00:00,987
"19995",8583815059,2016-04-12 20:00:00,30
"19996",8583815059,2016-04-12 21:00:00,63
"19997",8583815059,2016-04-12 22:00:00,63
"19998",8583815059,2016-04-12 23:00:00,264
"19999",8583815059,2016-04-13 00:00:00,0
"20000",8583815059,2016-04-13 01:00:00,0
"20001",8583815059,2016-04-13 02:00:00,0
"20002",8583815059,2016-04-13 03:00:00,0
"20003",8583815059,2016-04-13 04:00:00,0
"20004",8583815059,2016-04-13 05:00:00,0
"20005",8583815059,2016-04-13 06:00:00,0
"20006",8583815059,2016-04-13 07:00:00,0
"20007",8583815059,2016-04-13 08:00:00,0
"20008",8583815059,2016-04-13 09:00:00,105
"20009",8583815059,2016-04-13 10:00:00,562
"20010",8583815059,2016-04-13 11:00:00,1559
"20011",8583815059,2016-04-13 12:00:00,2351
"20012",8583815059,2016-04-13 13:00:00,212
"20013",8583815059,2016-04-13 14:00:00,0
"20014",8583815059,2016-04-13 15:00:00,14
"20015",8583815059,2016-04-13 16:00:00,8
"20016",8583815059,2016-04-13 17:00:00,338
"20017",8583815059,2016-04-13 18:00:00,46
"20018",8583815059,2016-04-13 19:00:00,13
"20019",8583815059,2016-04-13 20:00:00,123
"20020",8583815059,2016-04-13 21:00:00,83
"20021",8583815059,2016-04-13 22:00:00,114
"20022",8583815059,2016-04-13 23:00:00,43
"20023",8583815059,2016-04-14 00:00:00,113
"20024",8583815059,2016-04-14 01:00:00,0
"20025",8583815059,2016-04-14 02:00:00,0
"20026",8583815059,2016-04-14 03:00:00,0
"20027",8583815059,2016-04-14 04:00:00,0
"20028",8583815059,2016-04-14 05:00:00,0
"20029",8583815059,2016-04-14 06:00:00,0
"20030",8583815059,2016-04-14 07:00:00,0
"20031",8583815059,2016-04-14 08:00:00,0
"20032",8583815059,2016-04-14 09:00:00,131
"20033",8583815059,2016-04-14 10:00:00,201
"20034",8583815059,2016-04-14 11:00:00,53
"20035",8583815059,2016-04-14 12:00:00,75
"20036",8583815059,2016-04-14 13:00:00,110
"20037",8583815059,2016-04-14 14:00:00,180
"20038",8583815059,2016-04-14 15:00:00,84
"20039",8583815059,2016-04-14 16:00:00,388
"20040",8583815059,2016-04-14 17:00:00,1225
"20041",8583815059,2016-04-14 18:00:00,170
"20042",8583815059,2016-04-14 19:00:00,108
"20043",8583815059,2016-04-14 20:00:00,43
"20044",8583815059,2016-04-14 21:00:00,93
"20045",8583815059,2016-04-14 22:00:00,112
"20046",8583815059,2016-04-14 23:00:00,32
"20047",8583815059,2016-04-15 00:00:00,134
"20048",8583815059,2016-04-15 01:00:00,0
"20049",8583815059,2016-04-15 02:00:00,0
"20050",8583815059,2016-04-15 03:00:00,0
"20051",8583815059,2016-04-15 04:00:00,0
"20052",8583815059,2016-04-15 05:00:00,0
"20053",8583815059,2016-04-15 06:00:00,0
"20054",8583815059,2016-04-15 07:00:00,0
"20055",8583815059,2016-04-15 08:00:00,0
"20056",8583815059,2016-04-15 09:00:00,89
"20057",8583815059,2016-04-15 10:00:00,4
"20058",8583815059,2016-04-15 11:00:00,27
"20059",8583815059,2016-04-15 12:00:00,141
"20060",8583815059,2016-04-15 13:00:00,120
"20061",8583815059,2016-04-15 14:00:00,162
"20062",8583815059,2016-04-15 15:00:00,376
"20063",8583815059,2016-04-15 16:00:00,105
"20064",8583815059,2016-04-15 17:00:00,0
"20065",8583815059,2016-04-15 18:00:00,0
"20066",8583815059,2016-04-15 19:00:00,0
"20067",8583815059,2016-04-15 20:00:00,0
"20068",8583815059,2016-04-15 21:00:00,0
"20069",8583815059,2016-04-15 22:00:00,0
"20070",8583815059,2016-04-15 23:00:00,0
"20071",8583815059,2016-04-16 00:00:00,0
"20072",8583815059,2016-04-16 01:00:00,0
"20073",8583815059,2016-04-16 02:00:00,0
"20074",8583815059,2016-04-16 03:00:00,0
"20075",8583815059,2016-04-16 04:00:00,0
"20076",8583815059,2016-04-16 05:00:00,0
"20077",8583815059,2016-04-16 06:00:00,0
"20078",8583815059,2016-04-16 07:00:00,0
"20079",8583815059,2016-04-16 08:00:00,0
"20080",8583815059,2016-04-16 09:00:00,0
"20081",8583815059,2016-04-16 10:00:00,0
"20082",8583815059,2016-04-16 11:00:00,0
"20083",8583815059,2016-04-16 12:00:00,0
"20084",8583815059,2016-04-16 13:00:00,0
"20085",8583815059,2016-04-16 14:00:00,0
"20086",8583815059,2016-04-16 15:00:00,0
"20087",8583815059,2016-04-16 16:00:00,0
"20088",8583815059,2016-04-16 17:00:00,0
"20089",8583815059,2016-04-16 18:00:00,0
"20090",8583815059,2016-04-16 19:00:00,0
"20091",8583815059,2016-04-16 20:00:00,0
"20092",8583815059,2016-04-16 21:00:00,0
"20093",8583815059,2016-04-16 22:00:00,0
"20094",8583815059,2016-04-16 23:00:00,0
"20095",8583815059,2016-04-17 00:00:00,0
"20096",8583815059,2016-04-17 01:00:00,0
"20097",8583815059,2016-04-17 02:00:00,0
"20098",8583815059,2016-04-17 03:00:00,0
"20099",8583815059,2016-04-17 04:00:00,0
"20100",8583815059,2016-04-17 05:00:00,0
"20101",8583815059,2016-04-17 06:00:00,0
"20102",8583815059,2016-04-17 07:00:00,0
"20103",8583815059,2016-04-17 08:00:00,0
"20104",8583815059,2016-04-17 09:00:00,0
"20105",8583815059,2016-04-17 10:00:00,0
"20106",8583815059,2016-04-17 11:00:00,0
"20107",8583815059,2016-04-17 12:00:00,0
"20108",8583815059,2016-04-17 13:00:00,0
"20109",8583815059,2016-04-17 14:00:00,0
"20110",8583815059,2016-04-17 15:00:00,0
"20111",8583815059,2016-04-17 16:00:00,0
"20112",8583815059,2016-04-17 17:00:00,0
"20113",8583815059,2016-04-17 18:00:00,0
"20114",8583815059,2016-04-17 19:00:00,0
"20115",8583815059,2016-04-17 20:00:00,0
"20116",8583815059,2016-04-17 21:00:00,0
"20117",8583815059,2016-04-17 22:00:00,0
"20118",8583815059,2016-04-17 23:00:00,0
"20119",8583815059,2016-04-18 00:00:00,0
"20120",8583815059,2016-04-18 01:00:00,0
"20121",8583815059,2016-04-18 02:00:00,0
"20122",8583815059,2016-04-18 03:00:00,0
"20123",8583815059,2016-04-18 04:00:00,0
"20124",8583815059,2016-04-18 05:00:00,0
"20125",8583815059,2016-04-18 06:00:00,0
"20126",8583815059,2016-04-18 07:00:00,0
"20127",8583815059,2016-04-18 08:00:00,624
"20128",8583815059,2016-04-18 09:00:00,0
"20129",8583815059,2016-04-18 10:00:00,2096
"20130",8583815059,2016-04-18 11:00:00,5
"20131",8583815059,2016-04-18 12:00:00,19
"20132",8583815059,2016-04-18 13:00:00,56
"20133",8583815059,2016-04-18 14:00:00,11
"20134",8583815059,2016-04-18 15:00:00,78
"20135",8583815059,2016-04-18 16:00:00,37
"20136",8583815059,2016-04-18 17:00:00,38
"20137",8583815059,2016-04-18 18:00:00,29
"20138",8583815059,2016-04-18 19:00:00,132
"20139",8583815059,2016-04-18 20:00:00,59
"20140",8583815059,2016-04-18 21:00:00,165
"20141",8583815059,2016-04-18 22:00:00,29
"20142",8583815059,2016-04-18 23:00:00,103
"20143",8583815059,2016-04-19 00:00:00,0
"20144",8583815059,2016-04-19 01:00:00,0
"20145",8583815059,2016-04-19 02:00:00,0
"20146",8583815059,2016-04-19 03:00:00,0
"20147",8583815059,2016-04-19 04:00:00,0
"20148",8583815059,2016-04-19 05:00:00,0
"20149",8583815059,2016-04-19 06:00:00,0
"20150",8583815059,2016-04-19 07:00:00,0
"20151",8583815059,2016-04-19 08:00:00,0
"20152",8583815059,2016-04-19 09:00:00,0
"20153",8583815059,2016-04-19 10:00:00,90
"20154",8583815059,2016-04-19 11:00:00,433
"20155",8583815059,2016-04-19 12:00:00,1471
"20156",8583815059,2016-04-19 13:00:00,1404
"20157",8583815059,2016-04-19 14:00:00,941
"20158",8583815059,2016-04-19 15:00:00,40
"20159",8583815059,2016-04-19 16:00:00,0
"20160",8583815059,2016-04-19 17:00:00,462
"20161",8583815059,2016-04-19 18:00:00,350
"20162",8583815059,2016-04-19 19:00:00,70
"20163",8583815059,2016-04-19 20:00:00,106
"20164",8583815059,2016-04-19 21:00:00,61
"20165",8583815059,2016-04-19 22:00:00,140
"20166",8583815059,2016-04-19 23:00:00,129
"20167",8583815059,2016-04-20 00:00:00,0
"20168",8583815059,2016-04-20 01:00:00,0
"20169",8583815059,2016-04-20 02:00:00,0
"20170",8583815059,2016-04-20 03:00:00,0
"20171",8583815059,2016-04-20 04:00:00,0
"20172",8583815059,2016-04-20 05:00:00,0
"20173",8583815059,2016-04-20 06:00:00,0
"20174",8583815059,2016-04-20 07:00:00,0
"20175",8583815059,2016-04-20 08:00:00,0
"20176",8583815059,2016-04-20 09:00:00,0
"20177",8583815059,2016-04-20 10:00:00,168
"20178",8583815059,2016-04-20 11:00:00,241
"20179",8583815059,2016-04-20 12:00:00,242
"20180",8583815059,2016-04-20 13:00:00,808
"20181",8583815059,2016-04-20 14:00:00,1653
"20182",8583815059,2016-04-20 15:00:00,842
"20183",8583815059,2016-04-20 16:00:00,452
"20184",8583815059,2016-04-20 17:00:00,60
"20185",8583815059,2016-04-20 18:00:00,359
"20186",8583815059,2016-04-20 19:00:00,8
"20187",8583815059,2016-04-20 20:00:00,183
"20188",8583815059,2016-04-20 21:00:00,178
"20189",8583815059,2016-04-20 22:00:00,79
"20190",8583815059,2016-04-20 23:00:00,0
"20191",8583815059,2016-04-21 00:00:00,77
"20192",8583815059,2016-04-21 01:00:00,0
"20193",8583815059,2016-04-21 02:00:00,0
"20194",8583815059,2016-04-21 03:00:00,0
"20195",8583815059,2016-04-21 04:00:00,0
"20196",8583815059,2016-04-21 05:00:00,0
"20197",8583815059,2016-04-21 06:00:00,0
"20198",8583815059,2016-04-21 07:00:00,0
"20199",8583815059,2016-04-21 08:00:00,0
"20200",8583815059,2016-04-21 09:00:00,76
"20201",8583815059,2016-04-21 10:00:00,414
"20202",8583815059,2016-04-21 11:00:00,71
"20203",8583815059,2016-04-21 12:00:00,450
"20204",8583815059,2016-04-21 13:00:00,140
"20205",8583815059,2016-04-21 14:00:00,2063
"20206",8583815059,2016-04-21 15:00:00,3092
"20207",8583815059,2016-04-21 16:00:00,202
"20208",8583815059,2016-04-21 17:00:00,105
"20209",8583815059,2016-04-21 18:00:00,520
"20210",8583815059,2016-04-21 19:00:00,776
"20211",8583815059,2016-04-21 20:00:00,145
"20212",8583815059,2016-04-21 21:00:00,383
"20213",8583815059,2016-04-21 22:00:00,0
"20214",8583815059,2016-04-21 23:00:00,24
"20215",8583815059,2016-04-22 00:00:00,96
"20216",8583815059,2016-04-22 01:00:00,0
"20217",8583815059,2016-04-22 02:00:00,0
"20218",8583815059,2016-04-22 03:00:00,0
"20219",8583815059,2016-04-22 04:00:00,0
"20220",8583815059,2016-04-22 05:00:00,0
"20221",8583815059,2016-04-22 06:00:00,0
"20222",8583815059,2016-04-22 07:00:00,0
"20223",8583815059,2016-04-22 08:00:00,0
"20224",8583815059,2016-04-22 09:00:00,146
"20225",8583815059,2016-04-22 10:00:00,441
"20226",8583815059,2016-04-22 11:00:00,1655
"20227",8583815059,2016-04-22 12:00:00,1690
"20228",8583815059,2016-04-22 13:00:00,2228
"20229",8583815059,2016-04-22 14:00:00,616
"20230",8583815059,2016-04-22 15:00:00,30
"20231",8583815059,2016-04-22 16:00:00,269
"20232",8583815059,2016-04-22 17:00:00,604
"20233",8583815059,2016-04-22 18:00:00,298
"20234",8583815059,2016-04-22 19:00:00,207
"20235",8583815059,2016-04-22 20:00:00,20
"20236",8583815059,2016-04-22 21:00:00,67
"20237",8583815059,2016-04-22 22:00:00,54
"20238",8583815059,2016-04-22 23:00:00,266
"20239",8583815059,2016-04-23 00:00:00,0
"20240",8583815059,2016-04-23 01:00:00,0
"20241",8583815059,2016-04-23 02:00:00,0
"20242",8583815059,2016-04-23 03:00:00,0
"20243",8583815059,2016-04-23 04:00:00,0
"20244",8583815059,2016-04-23 05:00:00,0
"20245",8583815059,2016-04-23 06:00:00,0
"20246",8583815059,2016-04-23 07:00:00,0
"20247",8583815059,2016-04-23 08:00:00,0
"20248",8583815059,2016-04-23 09:00:00,398
"20249",8583815059,2016-04-23 10:00:00,2575
"20250",8583815059,2016-04-23 11:00:00,1914
"20251",8583815059,2016-04-23 12:00:00,1443
"20252",8583815059,2016-04-23 13:00:00,516
"20253",8583815059,2016-04-23 14:00:00,176
"20254",8583815059,2016-04-23 15:00:00,418
"20255",8583815059,2016-04-23 16:00:00,555
"20256",8583815059,2016-04-23 17:00:00,111
"20257",8583815059,2016-04-23 18:00:00,125
"20258",8583815059,2016-04-23 19:00:00,423
"20259",8583815059,2016-04-23 20:00:00,411
"20260",8583815059,2016-04-23 21:00:00,51
"20261",8583815059,2016-04-23 22:00:00,171
"20262",8583815059,2016-04-23 23:00:00,94
"20263",8583815059,2016-04-24 00:00:00,267
"20264",8583815059,2016-04-24 01:00:00,0
"20265",8583815059,2016-04-24 02:00:00,0
"20266",8583815059,2016-04-24 03:00:00,0
"20267",8583815059,2016-04-24 04:00:00,0
"20268",8583815059,2016-04-24 05:00:00,0
"20269",8583815059,2016-04-24 06:00:00,0
"20270",8583815059,2016-04-24 07:00:00,0
"20271",8583815059,2016-04-24 08:00:00,0
"20272",8583815059,2016-04-24 09:00:00,0
"20273",8583815059,2016-04-24 10:00:00,110
"20274",8583815059,2016-04-24 11:00:00,51
"20275",8583815059,2016-04-24 12:00:00,215
"20276",8583815059,2016-04-24 13:00:00,615
"20277",8583815059,2016-04-24 14:00:00,1612
"20278",8583815059,2016-04-24 15:00:00,1888
"20279",8583815059,2016-04-24 16:00:00,1632
"20280",8583815059,2016-04-24 17:00:00,1241
"20281",8583815059,2016-04-24 18:00:00,31
"20282",8583815059,2016-04-24 19:00:00,338
"20283",8583815059,2016-04-24 20:00:00,20
"20284",8583815059,2016-04-24 21:00:00,25
"20285",8583815059,2016-04-24 22:00:00,65
"20286",8583815059,2016-04-24 23:00:00,176
"20287",8583815059,2016-04-25 00:00:00,0
"20288",8583815059,2016-04-25 01:00:00,0
"20289",8583815059,2016-04-25 02:00:00,0
"20290",8583815059,2016-04-25 03:00:00,0
"20291",8583815059,2016-04-25 04:00:00,0
"20292",8583815059,2016-04-25 05:00:00,0
"20293",8583815059,2016-04-25 06:00:00,0
"20294",8583815059,2016-04-25 07:00:00,0
"20295",8583815059,2016-04-25 08:00:00,0
"20296",8583815059,2016-04-25 09:00:00,995
"20297",8583815059,2016-04-25 10:00:00,1447
"20298",8583815059,2016-04-25 11:00:00,158
"20299",8583815059,2016-04-25 12:00:00,96
"20300",8583815059,2016-04-25 13:00:00,184
"20301",8583815059,2016-04-25 14:00:00,0
"20302",8583815059,2016-04-25 15:00:00,420
"20303",8583815059,2016-04-25 16:00:00,533
"20304",8583815059,2016-04-25 17:00:00,32
"20305",8583815059,2016-04-25 18:00:00,40
"20306",8583815059,2016-04-25 19:00:00,76
"20307",8583815059,2016-04-25 20:00:00,154
"20308",8583815059,2016-04-25 21:00:00,30
"20309",8583815059,2016-04-25 22:00:00,106
"20310",8583815059,2016-04-25 23:00:00,232
"20311",8583815059,2016-04-26 00:00:00,0
"20312",8583815059,2016-04-26 01:00:00,0
"20313",8583815059,2016-04-26 02:00:00,0
"20314",8583815059,2016-04-26 03:00:00,0
"20315",8583815059,2016-04-26 04:00:00,0
"20316",8583815059,2016-04-26 05:00:00,0
"20317",8583815059,2016-04-26 06:00:00,0
"20318",8583815059,2016-04-26 07:00:00,0
"20319",8583815059,2016-04-26 08:00:00,0
"20320",8583815059,2016-04-26 09:00:00,90
"20321",8583815059,2016-04-26 10:00:00,526
"20322",8583815059,2016-04-26 11:00:00,1346
"20323",8583815059,2016-04-26 12:00:00,1403
"20324",8583815059,2016-04-26 13:00:00,804
"20325",8583815059,2016-04-26 14:00:00,1093
"20326",8583815059,2016-04-26 15:00:00,2940
"20327",8583815059,2016-04-26 16:00:00,1020
"20328",8583815059,2016-04-26 17:00:00,379
"20329",8583815059,2016-04-26 18:00:00,185
"20330",8583815059,2016-04-26 19:00:00,466
"20331",8583815059,2016-04-26 20:00:00,183
"20332",8583815059,2016-04-26 21:00:00,51
"20333",8583815059,2016-04-26 22:00:00,13
"20334",8583815059,2016-04-26 23:00:00,0
"20335",8583815059,2016-04-27 00:00:00,98
"20336",8583815059,2016-04-27 01:00:00,0
"20337",8583815059,2016-04-27 02:00:00,0
"20338",8583815059,2016-04-27 03:00:00,0
"20339",8583815059,2016-04-27 04:00:00,0
"20340",8583815059,2016-04-27 05:00:00,0
"20341",8583815059,2016-04-27 06:00:00,0
"20342",8583815059,2016-04-27 07:00:00,0
"20343",8583815059,2016-04-27 08:00:00,0
"20344",8583815059,2016-04-27 09:00:00,0
"20345",8583815059,2016-04-27 10:00:00,29
"20346",8583815059,2016-04-27 11:00:00,87
"20347",8583815059,2016-04-27 12:00:00,224
"20348",8583815059,2016-04-27 13:00:00,2401
"20349",8583815059,2016-04-27 14:00:00,1652
"20350",8583815059,2016-04-27 15:00:00,6503
"20351",8583815059,2016-04-27 16:00:00,934
"20352",8583815059,2016-04-27 17:00:00,77
"20353",8583815059,2016-04-27 18:00:00,52
"20354",8583815059,2016-04-27 19:00:00,76
"20355",8583815059,2016-04-27 20:00:00,35
"20356",8583815059,2016-04-27 21:00:00,99
"20357",8583815059,2016-04-27 22:00:00,44
"20358",8583815059,2016-04-27 23:00:00,163
"20359",8583815059,2016-04-28 00:00:00,0
"20360",8583815059,2016-04-28 01:00:00,0
"20361",8583815059,2016-04-28 02:00:00,0
"20362",8583815059,2016-04-28 03:00:00,0
"20363",8583815059,2016-04-28 04:00:00,0
"20364",8583815059,2016-04-28 05:00:00,0
"20365",8583815059,2016-04-28 06:00:00,0
"20366",8583815059,2016-04-28 07:00:00,0
"20367",8583815059,2016-04-28 08:00:00,0
"20368",8583815059,2016-04-28 09:00:00,401
"20369",8583815059,2016-04-28 10:00:00,11
"20370",8583815059,2016-04-28 11:00:00,100
"20371",8583815059,2016-04-28 12:00:00,712
"20372",8583815059,2016-04-28 13:00:00,1867
"20373",8583815059,2016-04-28 14:00:00,1474
"20374",8583815059,2016-04-28 15:00:00,351
"20375",8583815059,2016-04-28 16:00:00,219
"20376",8583815059,2016-04-28 17:00:00,159
"20377",8583815059,2016-04-28 18:00:00,134
"20378",8583815059,2016-04-28 19:00:00,177
"20379",8583815059,2016-04-28 20:00:00,251
"20380",8583815059,2016-04-28 21:00:00,112
"20381",8583815059,2016-04-28 22:00:00,66
"20382",8583815059,2016-04-28 23:00:00,140
"20383",8583815059,2016-04-29 00:00:00,0
"20384",8583815059,2016-04-29 01:00:00,0
"20385",8583815059,2016-04-29 02:00:00,0
"20386",8583815059,2016-04-29 03:00:00,0
"20387",8583815059,2016-04-29 04:00:00,0
"20388",8583815059,2016-04-29 05:00:00,0
"20389",8583815059,2016-04-29 06:00:00,0
"20390",8583815059,2016-04-29 07:00:00,149
"20391",8583815059,2016-04-29 08:00:00,3955
"20392",8583815059,2016-04-29 09:00:00,87
"20393",8583815059,2016-04-29 10:00:00,256
"20394",8583815059,2016-04-29 11:00:00,284
"20395",8583815059,2016-04-29 12:00:00,663
"20396",8583815059,2016-04-29 13:00:00,1905
"20397",8583815059,2016-04-29 14:00:00,2483
"20398",8583815059,2016-04-29 15:00:00,3085
"20399",8583815059,2016-04-29 16:00:00,1061
"20400",8583815059,2016-04-29 17:00:00,364
"20401",8583815059,2016-04-29 18:00:00,313
"20402",8583815059,2016-04-29 19:00:00,103
"20403",8583815059,2016-04-29 20:00:00,39
"20404",8583815059,2016-04-29 21:00:00,149
"20405",8583815059,2016-04-29 22:00:00,173
"20406",8583815059,2016-04-29 23:00:00,87
"20407",8583815059,2016-04-30 00:00:00,166
"20408",8583815059,2016-04-30 01:00:00,0
"20409",8583815059,2016-04-30 02:00:00,0
"20410",8583815059,2016-04-30 03:00:00,0
"20411",8583815059,2016-04-30 04:00:00,0
"20412",8583815059,2016-04-30 05:00:00,0
"20413",8583815059,2016-04-30 06:00:00,0
"20414",8583815059,2016-04-30 07:00:00,0
"20415",8583815059,2016-04-30 08:00:00,0
"20416",8583815059,2016-04-30 09:00:00,45
"20417",8583815059,2016-04-30 10:00:00,468
"20418",8583815059,2016-04-30 11:00:00,656
"20419",8583815059,2016-04-30 12:00:00,1823
"20420",8583815059,2016-04-30 13:00:00,1651
"20421",8583815059,2016-04-30 14:00:00,728
"20422",8583815059,2016-04-30 15:00:00,1327
"20423",8583815059,2016-04-30 16:00:00,556
"20424",8583815059,2016-04-30 17:00:00,498
"20425",8583815059,2016-04-30 18:00:00,343
"20426",8583815059,2016-04-30 19:00:00,169
"20427",8583815059,2016-04-30 20:00:00,279
"20428",8583815059,2016-04-30 21:00:00,228
"20429",8583815059,2016-04-30 22:00:00,860
"20430",8583815059,2016-04-30 23:00:00,288
"20431",8583815059,2016-05-01 00:00:00,1361
"20432",8583815059,2016-05-01 01:00:00,67
"20433",8583815059,2016-05-01 02:00:00,0
"20434",8583815059,2016-05-01 03:00:00,0
"20435",8583815059,2016-05-01 04:00:00,0
"20436",8583815059,2016-05-01 05:00:00,0
"20437",8583815059,2016-05-01 06:00:00,0
"20438",8583815059,2016-05-01 07:00:00,0
"20439",8583815059,2016-05-01 08:00:00,0
"20440",8583815059,2016-05-01 09:00:00,0
"20441",8583815059,2016-05-01 10:00:00,624
"20442",8583815059,2016-05-01 11:00:00,1179
"20443",8583815059,2016-05-01 12:00:00,460
"20444",8583815059,2016-05-01 13:00:00,0
"20445",8583815059,2016-05-01 14:00:00,6
"20446",8583815059,2016-05-01 15:00:00,0
"20447",8583815059,2016-05-01 16:00:00,76
"20448",8583815059,2016-05-01 17:00:00,0
"20449",8583815059,2016-05-01 18:00:00,0
"20450",8583815059,2016-05-01 19:00:00,0
"20451",8583815059,2016-05-01 20:00:00,0
"20452",8583815059,2016-05-01 21:00:00,0
"20453",8583815059,2016-05-01 22:00:00,0
"20454",8583815059,2016-05-01 23:00:00,0
"20455",8583815059,2016-05-02 00:00:00,0
"20456",8583815059,2016-05-02 01:00:00,0
"20457",8583815059,2016-05-02 02:00:00,0
"20458",8583815059,2016-05-02 03:00:00,0
"20459",8583815059,2016-05-02 04:00:00,0
"20460",8583815059,2016-05-02 05:00:00,0
"20461",8583815059,2016-05-02 06:00:00,0
"20462",8583815059,2016-05-02 07:00:00,0
"20463",8583815059,2016-05-02 08:00:00,0
"20464",8583815059,2016-05-02 09:00:00,0
"20465",8583815059,2016-05-02 10:00:00,0
"20466",8583815059,2016-05-02 11:00:00,0
"20467",8583815059,2016-05-02 12:00:00,0
"20468",8583815059,2016-05-02 13:00:00,0
"20469",8583815059,2016-05-02 14:00:00,0
"20470",8583815059,2016-05-02 15:00:00,0
"20471",8583815059,2016-05-02 16:00:00,0
"20472",8583815059,2016-05-02 17:00:00,0
"20473",8583815059,2016-05-02 18:00:00,0
"20474",8583815059,2016-05-02 19:00:00,0
"20475",8583815059,2016-05-02 20:00:00,0
"20476",8583815059,2016-05-02 21:00:00,0
"20477",8583815059,2016-05-02 22:00:00,0
"20478",8583815059,2016-05-02 23:00:00,0
"20479",8583815059,2016-05-03 00:00:00,0
"20480",8583815059,2016-05-03 01:00:00,0
"20481",8583815059,2016-05-03 02:00:00,0
"20482",8583815059,2016-05-03 03:00:00,0
"20483",8583815059,2016-05-03 04:00:00,0
"20484",8583815059,2016-05-03 05:00:00,0
"20485",8583815059,2016-05-03 06:00:00,0
"20486",8583815059,2016-05-03 07:00:00,0
"20487",8583815059,2016-05-03 08:00:00,0
"20488",8583815059,2016-05-03 09:00:00,0
"20489",8583815059,2016-05-03 10:00:00,0
"20490",8583815059,2016-05-03 11:00:00,0
"20491",8583815059,2016-05-03 12:00:00,0
"20492",8583815059,2016-05-03 13:00:00,0
"20493",8583815059,2016-05-03 14:00:00,0
"20494",8583815059,2016-05-03 15:00:00,0
"20495",8583815059,2016-05-03 16:00:00,0
"20496",8583815059,2016-05-03 17:00:00,0
"20497",8583815059,2016-05-03 18:00:00,0
"20498",8583815059,2016-05-03 19:00:00,0
"20499",8583815059,2016-05-03 20:00:00,0
"20500",8583815059,2016-05-03 21:00:00,0
"20501",8583815059,2016-05-03 22:00:00,0
"20502",8583815059,2016-05-03 23:00:00,0
"20503",8583815059,2016-05-04 00:00:00,0
"20504",8583815059,2016-05-04 01:00:00,0
"20505",8583815059,2016-05-04 02:00:00,0
"20506",8583815059,2016-05-04 03:00:00,0
"20507",8583815059,2016-05-04 04:00:00,0
"20508",8583815059,2016-05-04 05:00:00,0
"20509",8583815059,2016-05-04 06:00:00,0
"20510",8583815059,2016-05-04 07:00:00,0
"20511",8583815059,2016-05-04 08:00:00,0
"20512",8583815059,2016-05-04 09:00:00,0
"20513",8583815059,2016-05-04 10:00:00,0
"20514",8583815059,2016-05-04 11:00:00,0
"20515",8583815059,2016-05-04 12:00:00,0
"20516",8583815059,2016-05-04 13:00:00,0
"20517",8583815059,2016-05-04 14:00:00,0
"20518",8583815059,2016-05-04 15:00:00,0
"20519",8583815059,2016-05-04 16:00:00,0
"20520",8583815059,2016-05-04 17:00:00,0
"20521",8583815059,2016-05-04 18:00:00,0
"20522",8583815059,2016-05-04 19:00:00,0
"20523",8583815059,2016-05-04 20:00:00,0
"20524",8583815059,2016-05-04 21:00:00,0
"20525",8583815059,2016-05-04 22:00:00,0
"20526",8583815059,2016-05-04 23:00:00,0
"20527",8583815059,2016-05-05 00:00:00,0
"20528",8583815059,2016-05-05 01:00:00,0
"20529",8583815059,2016-05-05 02:00:00,0
"20530",8583815059,2016-05-05 03:00:00,0
"20531",8583815059,2016-05-05 04:00:00,0
"20532",8583815059,2016-05-05 05:00:00,0
"20533",8583815059,2016-05-05 06:00:00,0
"20534",8583815059,2016-05-05 07:00:00,0
"20535",8583815059,2016-05-05 08:00:00,0
"20536",8583815059,2016-05-05 09:00:00,0
"20537",8583815059,2016-05-05 10:00:00,0
"20538",8583815059,2016-05-05 11:00:00,0
"20539",8583815059,2016-05-05 12:00:00,0
"20540",8583815059,2016-05-05 13:00:00,0
"20541",8583815059,2016-05-05 14:00:00,0
"20542",8583815059,2016-05-05 15:00:00,0
"20543",8583815059,2016-05-05 16:00:00,0
"20544",8583815059,2016-05-05 17:00:00,0
"20545",8583815059,2016-05-05 18:00:00,776
"20546",8583815059,2016-05-05 19:00:00,184
"20547",8583815059,2016-05-05 20:00:00,206
"20548",8583815059,2016-05-05 21:00:00,88
"20549",8583815059,2016-05-05 22:00:00,201
"20550",8583815059,2016-05-05 23:00:00,52
"20551",8583815059,2016-05-06 00:00:00,8
"20552",8583815059,2016-05-06 01:00:00,0
"20553",8583815059,2016-05-06 02:00:00,0
"20554",8583815059,2016-05-06 03:00:00,0
"20555",8583815059,2016-05-06 04:00:00,0
"20556",8583815059,2016-05-06 05:00:00,0
"20557",8583815059,2016-05-06 06:00:00,0
"20558",8583815059,2016-05-06 07:00:00,0
"20559",8583815059,2016-05-06 08:00:00,0
"20560",8583815059,2016-05-06 09:00:00,0
"20561",8583815059,2016-05-06 10:00:00,53
"20562",8583815059,2016-05-06 11:00:00,579
"20563",8583815059,2016-05-06 12:00:00,1460
"20564",8583815059,2016-05-06 13:00:00,1608
"20565",8583815059,2016-05-06 14:00:00,395
"20566",8583815059,2016-05-06 15:00:00,4
"20567",8583815059,2016-05-06 16:00:00,13
"20568",8583815059,2016-05-06 17:00:00,64
"20569",8583815059,2016-05-06 18:00:00,0
"20570",8583815059,2016-05-06 19:00:00,700
"20571",8583815059,2016-05-06 20:00:00,745
"20572",8583815059,2016-05-06 21:00:00,45
"20573",8583815059,2016-05-06 22:00:00,72
"20574",8583815059,2016-05-06 23:00:00,97
"20575",8583815059,2016-05-07 00:00:00,76
"20576",8583815059,2016-05-07 01:00:00,0
"20577",8583815059,2016-05-07 02:00:00,0
"20578",8583815059,2016-05-07 03:00:00,0
"20579",8583815059,2016-05-07 04:00:00,0
"20580",8583815059,2016-05-07 05:00:00,0
"20581",8583815059,2016-05-07 06:00:00,0
"20582",8583815059,2016-05-07 07:00:00,0
"20583",8583815059,2016-05-07 08:00:00,0
"20584",8583815059,2016-05-07 09:00:00,424
"20585",8583815059,2016-05-07 10:00:00,232
"20586",8583815059,2016-05-07 11:00:00,709
"20587",8583815059,2016-05-07 12:00:00,634
"20588",8583815059,2016-05-07 13:00:00,474
"20589",8583815059,2016-05-07 14:00:00,448
"20590",8583815059,2016-05-07 15:00:00,449
"20591",8583815059,2016-05-07 16:00:00,132
"20592",8583815059,2016-05-07 17:00:00,115
"20593",8583815059,2016-05-07 18:00:00,589
"20594",8583815059,2016-05-07 19:00:00,889
"20595",8583815059,2016-05-07 20:00:00,379
"20596",8583815059,2016-05-07 21:00:00,299
"20597",8583815059,2016-05-07 22:00:00,117
"20598",8583815059,2016-05-07 23:00:00,151
"20599",8583815059,2016-05-08 00:00:00,56
"20600",8583815059,2016-05-08 01:00:00,148
"20601",8583815059,2016-05-08 02:00:00,0
"20602",8583815059,2016-05-08 03:00:00,0
"20603",8583815059,2016-05-08 04:00:00,0
"20604",8583815059,2016-05-08 05:00:00,0
"20605",8583815059,2016-05-08 06:00:00,0
"20606",8583815059,2016-05-08 07:00:00,0
"20607",8583815059,2016-05-08 08:00:00,0
"20608",8583815059,2016-05-08 09:00:00,0
"20609",8583815059,2016-05-08 10:00:00,108
"20610",8583815059,2016-05-08 11:00:00,401
"20611",8583815059,2016-05-08 12:00:00,2484
"20612",8583815059,2016-05-08 13:00:00,2457
"20613",8583815059,2016-05-08 14:00:00,1787
"20614",8583815059,2016-05-08 15:00:00,304
"20615",8583815059,2016-05-08 16:00:00,52
"20616",8583815059,2016-05-08 17:00:00,0
"20617",8583815059,2016-05-08 18:00:00,175
"20618",8583815059,2016-05-08 19:00:00,962
"20619",8583815059,2016-05-08 20:00:00,225
"20620",8583815059,2016-05-08 21:00:00,0
"20621",8583815059,2016-05-08 22:00:00,16
"20622",8583815059,2016-05-08 23:00:00,42
"20623",8583815059,2016-05-09 00:00:00,0
"20624",8583815059,2016-05-09 01:00:00,0
"20625",8583815059,2016-05-09 02:00:00,0
"20626",8583815059,2016-05-09 03:00:00,0
"20627",8583815059,2016-05-09 04:00:00,0
"20628",8583815059,2016-05-09 05:00:00,0
"20629",8583815059,2016-05-09 06:00:00,0
"20630",8583815059,2016-05-09 07:00:00,0
"20631",8583815059,2016-05-09 08:00:00,0
"20632",8583815059,2016-05-09 09:00:00,122
"20633",8583815059,2016-05-09 10:00:00,0
"20634",8583815059,2016-05-09 11:00:00,75
"20635",8583815059,2016-05-09 12:00:00,28
"20636",8583815059,2016-05-09 13:00:00,0
"20637",8583815059,2016-05-09 14:00:00,547
"20638",8583815059,2016-05-09 15:00:00,6554
"20639",8583815059,2016-05-09 16:00:00,1066
"20640",8583815059,2016-05-09 17:00:00,0
"20641",8583815059,2016-05-09 18:00:00,11
"20642",8583815059,2016-05-09 19:00:00,570
"20643",8583815059,2016-05-09 20:00:00,483
"20644",8583815059,2016-05-09 21:00:00,99
"20645",8583815059,2016-05-09 22:00:00,274
"20646",8583815059,2016-05-09 23:00:00,5
"20647",8583815059,2016-05-10 00:00:00,194
"20648",8583815059,2016-05-10 01:00:00,0
"20649",8583815059,2016-05-10 02:00:00,0
"20650",8583815059,2016-05-10 03:00:00,0
"20651",8583815059,2016-05-10 04:00:00,0
"20652",8583815059,2016-05-10 05:00:00,0
"20653",8583815059,2016-05-10 06:00:00,0
"20654",8583815059,2016-05-10 07:00:00,0
"20655",8583815059,2016-05-10 08:00:00,0
"20656",8583815059,2016-05-10 09:00:00,225
"20657",8583815059,2016-05-10 10:00:00,331
"20658",8583815059,2016-05-10 11:00:00,664
"20659",8583815059,2016-05-10 12:00:00,2631
"20660",8583815059,2016-05-10 13:00:00,2371
"20661",8583815059,2016-05-10 14:00:00,1049
"20662",8583815059,2016-05-10 15:00:00,0
"20663",8583815059,2016-05-10 16:00:00,69
"20664",8583815059,2016-05-10 17:00:00,7
"20665",8583815059,2016-05-10 18:00:00,55
"20666",8583815059,2016-05-10 19:00:00,298
"20667",8583815059,2016-05-10 20:00:00,127
"20668",8583815059,2016-05-10 21:00:00,108
"20669",8583815059,2016-05-10 22:00:00,54
"20670",8583815059,2016-05-10 23:00:00,34
"20671",8583815059,2016-05-11 00:00:00,175
"20672",8583815059,2016-05-11 01:00:00,0
"20673",8583815059,2016-05-11 02:00:00,0
"20674",8583815059,2016-05-11 03:00:00,0
"20675",8583815059,2016-05-11 04:00:00,0
"20676",8583815059,2016-05-11 05:00:00,0
"20677",8583815059,2016-05-11 06:00:00,0
"20678",8583815059,2016-05-11 07:00:00,0
"20679",8583815059,2016-05-11 08:00:00,0
"20680",8583815059,2016-05-11 09:00:00,79
"20681",8583815059,2016-05-11 10:00:00,0
"20682",8583815059,2016-05-11 11:00:00,105
"20683",8583815059,2016-05-11 12:00:00,473
"20684",8583815059,2016-05-11 13:00:00,2278
"20685",8583815059,2016-05-11 14:00:00,2751
"20686",8583815059,2016-05-11 15:00:00,552
"20687",8583815059,2016-05-11 16:00:00,1068
"20688",8583815059,2016-05-11 17:00:00,331
"20689",8583815059,2016-05-11 18:00:00,179
"20690",8583815059,2016-05-11 19:00:00,17
"20691",8583815059,2016-05-11 20:00:00,429
"20692",8583815059,2016-05-11 21:00:00,160
"20693",8792009665,2016-04-12 00:00:00,0
"20694",8792009665,2016-04-12 01:00:00,0
"20695",8792009665,2016-04-12 02:00:00,7
"20696",8792009665,2016-04-12 03:00:00,0
"20697",8792009665,2016-04-12 04:00:00,0
"20698",8792009665,2016-04-12 05:00:00,0
"20699",8792009665,2016-04-12 06:00:00,0
"20700",8792009665,2016-04-12 07:00:00,0
"20701",8792009665,2016-04-12 08:00:00,13
"20702",8792009665,2016-04-12 09:00:00,0
"20703",8792009665,2016-04-12 10:00:00,69
"20704",8792009665,2016-04-12 11:00:00,81
"20705",8792009665,2016-04-12 12:00:00,291
"20706",8792009665,2016-04-12 13:00:00,7
"20707",8792009665,2016-04-12 14:00:00,7
"20708",8792009665,2016-04-12 15:00:00,83
"20709",8792009665,2016-04-12 16:00:00,135
"20710",8792009665,2016-04-12 17:00:00,23
"20711",8792009665,2016-04-12 18:00:00,781
"20712",8792009665,2016-04-12 19:00:00,700
"20713",8792009665,2016-04-12 20:00:00,119
"20714",8792009665,2016-04-12 21:00:00,16
"20715",8792009665,2016-04-12 22:00:00,32
"20716",8792009665,2016-04-12 23:00:00,192
"20717",8792009665,2016-04-13 00:00:00,162
"20718",8792009665,2016-04-13 01:00:00,19
"20719",8792009665,2016-04-13 02:00:00,9
"20720",8792009665,2016-04-13 03:00:00,0
"20721",8792009665,2016-04-13 04:00:00,0
"20722",8792009665,2016-04-13 05:00:00,0
"20723",8792009665,2016-04-13 06:00:00,8
"20724",8792009665,2016-04-13 07:00:00,62
"20725",8792009665,2016-04-13 08:00:00,0
"20726",8792009665,2016-04-13 09:00:00,0
"20727",8792009665,2016-04-13 10:00:00,91
"20728",8792009665,2016-04-13 11:00:00,113
"20729",8792009665,2016-04-13 12:00:00,10
"20730",8792009665,2016-04-13 13:00:00,187
"20731",8792009665,2016-04-13 14:00:00,0
"20732",8792009665,2016-04-13 15:00:00,49
"20733",8792009665,2016-04-13 16:00:00,15
"20734",8792009665,2016-04-13 17:00:00,96
"20735",8792009665,2016-04-13 18:00:00,83
"20736",8792009665,2016-04-13 19:00:00,206
"20737",8792009665,2016-04-13 20:00:00,64
"20738",8792009665,2016-04-13 21:00:00,74
"20739",8792009665,2016-04-13 22:00:00,72
"20740",8792009665,2016-04-13 23:00:00,0
"20741",8792009665,2016-04-14 00:00:00,279
"20742",8792009665,2016-04-14 01:00:00,45
"20743",8792009665,2016-04-14 02:00:00,13
"20744",8792009665,2016-04-14 03:00:00,0
"20745",8792009665,2016-04-14 04:00:00,0
"20746",8792009665,2016-04-14 05:00:00,0
"20747",8792009665,2016-04-14 06:00:00,7
"20748",8792009665,2016-04-14 07:00:00,0
"20749",8792009665,2016-04-14 08:00:00,7
"20750",8792009665,2016-04-14 09:00:00,0
"20751",8792009665,2016-04-14 10:00:00,0
"20752",8792009665,2016-04-14 11:00:00,227
"20753",8792009665,2016-04-14 12:00:00,148
"20754",8792009665,2016-04-14 13:00:00,15
"20755",8792009665,2016-04-14 14:00:00,0
"20756",8792009665,2016-04-14 15:00:00,50
"20757",8792009665,2016-04-14 16:00:00,25
"20758",8792009665,2016-04-14 17:00:00,110
"20759",8792009665,2016-04-14 18:00:00,165
"20760",8792009665,2016-04-14 19:00:00,0
"20761",8792009665,2016-04-14 20:00:00,0
"20762",8792009665,2016-04-14 21:00:00,43
"20763",8792009665,2016-04-14 22:00:00,5
"20764",8792009665,2016-04-14 23:00:00,80
"20765",8792009665,2016-04-15 00:00:00,227
"20766",8792009665,2016-04-15 01:00:00,43
"20767",8792009665,2016-04-15 02:00:00,49
"20768",8792009665,2016-04-15 03:00:00,29
"20769",8792009665,2016-04-15 04:00:00,7
"20770",8792009665,2016-04-15 05:00:00,0
"20771",8792009665,2016-04-15 06:00:00,0
"20772",8792009665,2016-04-15 07:00:00,0
"20773",8792009665,2016-04-15 08:00:00,0
"20774",8792009665,2016-04-15 09:00:00,34
"20775",8792009665,2016-04-15 10:00:00,99
"20776",8792009665,2016-04-15 11:00:00,185
"20777",8792009665,2016-04-15 12:00:00,85
"20778",8792009665,2016-04-15 13:00:00,13
"20779",8792009665,2016-04-15 14:00:00,0
"20780",8792009665,2016-04-15 15:00:00,30
"20781",8792009665,2016-04-15 16:00:00,239
"20782",8792009665,2016-04-15 17:00:00,86
"20783",8792009665,2016-04-15 18:00:00,724
"20784",8792009665,2016-04-15 19:00:00,246
"20785",8792009665,2016-04-15 20:00:00,215
"20786",8792009665,2016-04-15 21:00:00,0
"20787",8792009665,2016-04-15 22:00:00,94
"20788",8792009665,2016-04-15 23:00:00,78
"20789",8792009665,2016-04-16 00:00:00,98
"20790",8792009665,2016-04-16 01:00:00,146
"20791",8792009665,2016-04-16 02:00:00,0
"20792",8792009665,2016-04-16 03:00:00,0
"20793",8792009665,2016-04-16 04:00:00,0
"20794",8792009665,2016-04-16 05:00:00,0
"20795",8792009665,2016-04-16 06:00:00,0
"20796",8792009665,2016-04-16 07:00:00,0
"20797",8792009665,2016-04-16 08:00:00,0
"20798",8792009665,2016-04-16 09:00:00,0
"20799",8792009665,2016-04-16 10:00:00,0
"20800",8792009665,2016-04-16 11:00:00,0
"20801",8792009665,2016-04-16 12:00:00,0
"20802",8792009665,2016-04-16 13:00:00,0
"20803",8792009665,2016-04-16 14:00:00,0
"20804",8792009665,2016-04-16 15:00:00,0
"20805",8792009665,2016-04-16 16:00:00,0
"20806",8792009665,2016-04-16 17:00:00,0
"20807",8792009665,2016-04-16 18:00:00,0
"20808",8792009665,2016-04-16 19:00:00,0
"20809",8792009665,2016-04-16 20:00:00,0
"20810",8792009665,2016-04-16 21:00:00,0
"20811",8792009665,2016-04-16 22:00:00,0
"20812",8792009665,2016-04-16 23:00:00,0
"20813",8792009665,2016-04-17 00:00:00,0
"20814",8792009665,2016-04-17 01:00:00,0
"20815",8792009665,2016-04-17 02:00:00,0
"20816",8792009665,2016-04-17 03:00:00,0
"20817",8792009665,2016-04-17 04:00:00,0
"20818",8792009665,2016-04-17 05:00:00,0
"20819",8792009665,2016-04-17 06:00:00,0
"20820",8792009665,2016-04-17 07:00:00,0
"20821",8792009665,2016-04-17 08:00:00,0
"20822",8792009665,2016-04-17 09:00:00,0
"20823",8792009665,2016-04-17 10:00:00,0
"20824",8792009665,2016-04-17 11:00:00,0
"20825",8792009665,2016-04-17 12:00:00,0
"20826",8792009665,2016-04-17 13:00:00,0
"20827",8792009665,2016-04-17 14:00:00,0
"20828",8792009665,2016-04-17 15:00:00,0
"20829",8792009665,2016-04-17 16:00:00,0
"20830",8792009665,2016-04-17 17:00:00,0
"20831",8792009665,2016-04-17 18:00:00,0
"20832",8792009665,2016-04-17 19:00:00,0
"20833",8792009665,2016-04-17 20:00:00,0
"20834",8792009665,2016-04-17 21:00:00,0
"20835",8792009665,2016-04-17 22:00:00,0
"20836",8792009665,2016-04-17 23:00:00,0
"20837",8792009665,2016-04-18 00:00:00,0
"20838",8792009665,2016-04-18 01:00:00,0
"20839",8792009665,2016-04-18 02:00:00,0
"20840",8792009665,2016-04-18 03:00:00,0
"20841",8792009665,2016-04-18 04:00:00,0
"20842",8792009665,2016-04-18 05:00:00,0
"20843",8792009665,2016-04-18 06:00:00,0
"20844",8792009665,2016-04-18 07:00:00,0
"20845",8792009665,2016-04-18 08:00:00,0
"20846",8792009665,2016-04-18 09:00:00,0
"20847",8792009665,2016-04-18 10:00:00,0
"20848",8792009665,2016-04-18 11:00:00,0
"20849",8792009665,2016-04-18 12:00:00,0
"20850",8792009665,2016-04-18 13:00:00,0
"20851",8792009665,2016-04-18 14:00:00,0
"20852",8792009665,2016-04-18 15:00:00,0
"20853",8792009665,2016-04-18 16:00:00,0
"20854",8792009665,2016-04-18 17:00:00,0
"20855",8792009665,2016-04-18 18:00:00,0
"20856",8792009665,2016-04-18 19:00:00,0
"20857",8792009665,2016-04-18 20:00:00,0
"20858",8792009665,2016-04-18 21:00:00,0
"20859",8792009665,2016-04-18 22:00:00,0
"20860",8792009665,2016-04-18 23:00:00,0
"20861",8792009665,2016-04-19 00:00:00,0
"20862",8792009665,2016-04-19 01:00:00,0
"20863",8792009665,2016-04-19 02:00:00,0
"20864",8792009665,2016-04-19 03:00:00,0
"20865",8792009665,2016-04-19 04:00:00,0
"20866",8792009665,2016-04-19 05:00:00,0
"20867",8792009665,2016-04-19 06:00:00,0
"20868",8792009665,2016-04-19 07:00:00,0
"20869",8792009665,2016-04-19 08:00:00,0
"20870",8792009665,2016-04-19 09:00:00,0
"20871",8792009665,2016-04-19 10:00:00,0
"20872",8792009665,2016-04-19 11:00:00,0
"20873",8792009665,2016-04-19 12:00:00,0
"20874",8792009665,2016-04-19 13:00:00,0
"20875",8792009665,2016-04-19 14:00:00,0
"20876",8792009665,2016-04-19 15:00:00,0
"20877",8792009665,2016-04-19 16:00:00,0
"20878",8792009665,2016-04-19 17:00:00,0
"20879",8792009665,2016-04-19 18:00:00,0
"20880",8792009665,2016-04-19 19:00:00,0
"20881",8792009665,2016-04-19 20:00:00,0
"20882",8792009665,2016-04-19 21:00:00,0
"20883",8792009665,2016-04-19 22:00:00,0
"20884",8792009665,2016-04-19 23:00:00,0
"20885",8792009665,2016-04-20 00:00:00,0
"20886",8792009665,2016-04-20 01:00:00,0
"20887",8792009665,2016-04-20 02:00:00,10
"20888",8792009665,2016-04-20 03:00:00,0
"20889",8792009665,2016-04-20 04:00:00,0
"20890",8792009665,2016-04-20 05:00:00,5
"20891",8792009665,2016-04-20 06:00:00,0
"20892",8792009665,2016-04-20 07:00:00,0
"20893",8792009665,2016-04-20 08:00:00,0
"20894",8792009665,2016-04-20 09:00:00,33
"20895",8792009665,2016-04-20 10:00:00,0
"20896",8792009665,2016-04-20 11:00:00,142
"20897",8792009665,2016-04-20 12:00:00,184
"20898",8792009665,2016-04-20 13:00:00,0
"20899",8792009665,2016-04-20 14:00:00,6
"20900",8792009665,2016-04-20 15:00:00,4
"20901",8792009665,2016-04-20 16:00:00,119
"20902",8792009665,2016-04-20 17:00:00,1125
"20903",8792009665,2016-04-20 18:00:00,116
"20904",8792009665,2016-04-20 19:00:00,220
"20905",8792009665,2016-04-20 20:00:00,698
"20906",8792009665,2016-04-20 21:00:00,327
"20907",8792009665,2016-04-20 22:00:00,151
"20908",8792009665,2016-04-20 23:00:00,7
"20909",8792009665,2016-04-21 00:00:00,144
"20910",8792009665,2016-04-21 01:00:00,0
"20911",8792009665,2016-04-21 02:00:00,0
"20912",8792009665,2016-04-21 03:00:00,0
"20913",8792009665,2016-04-21 04:00:00,0
"20914",8792009665,2016-04-21 05:00:00,0
"20915",8792009665,2016-04-21 06:00:00,0
"20916",8792009665,2016-04-21 07:00:00,0
"20917",8792009665,2016-04-21 08:00:00,0
"20918",8792009665,2016-04-21 09:00:00,0
"20919",8792009665,2016-04-21 10:00:00,0
"20920",8792009665,2016-04-21 11:00:00,0
"20921",8792009665,2016-04-21 12:00:00,0
"20922",8792009665,2016-04-21 13:00:00,0
"20923",8792009665,2016-04-21 14:00:00,0
"20924",8792009665,2016-04-21 15:00:00,0
"20925",8792009665,2016-04-21 16:00:00,0
"20926",8792009665,2016-04-21 17:00:00,0
"20927",8792009665,2016-04-21 18:00:00,0
"20928",8792009665,2016-04-21 19:00:00,0
"20929",8792009665,2016-04-21 20:00:00,0
"20930",8792009665,2016-04-21 21:00:00,0
"20931",8792009665,2016-04-21 22:00:00,0
"20932",8792009665,2016-04-21 23:00:00,0
"20933",8792009665,2016-04-22 00:00:00,17
"20934",8792009665,2016-04-22 01:00:00,16
"20935",8792009665,2016-04-22 02:00:00,18
"20936",8792009665,2016-04-22 03:00:00,0
"20937",8792009665,2016-04-22 04:00:00,0
"20938",8792009665,2016-04-22 05:00:00,0
"20939",8792009665,2016-04-22 06:00:00,0
"20940",8792009665,2016-04-22 07:00:00,7
"20941",8792009665,2016-04-22 08:00:00,32
"20942",8792009665,2016-04-22 09:00:00,117
"20943",8792009665,2016-04-22 10:00:00,88
"20944",8792009665,2016-04-22 11:00:00,257
"20945",8792009665,2016-04-22 12:00:00,165
"20946",8792009665,2016-04-22 13:00:00,23
"20947",8792009665,2016-04-22 14:00:00,0
"20948",8792009665,2016-04-22 15:00:00,16
"20949",8792009665,2016-04-22 16:00:00,1009
"20950",8792009665,2016-04-22 17:00:00,603
"20951",8792009665,2016-04-22 18:00:00,463
"20952",8792009665,2016-04-22 19:00:00,705
"20953",8792009665,2016-04-22 20:00:00,435
"20954",8792009665,2016-04-22 21:00:00,45
"20955",8792009665,2016-04-22 22:00:00,52
"20956",8792009665,2016-04-22 23:00:00,0
"20957",8792009665,2016-04-23 00:00:00,266
"20958",8792009665,2016-04-23 01:00:00,121
"20959",8792009665,2016-04-23 02:00:00,60
"20960",8792009665,2016-04-23 03:00:00,17
"20961",8792009665,2016-04-23 04:00:00,0
"20962",8792009665,2016-04-23 05:00:00,0
"20963",8792009665,2016-04-23 06:00:00,0
"20964",8792009665,2016-04-23 07:00:00,0
"20965",8792009665,2016-04-23 08:00:00,0
"20966",8792009665,2016-04-23 09:00:00,276
"20967",8792009665,2016-04-23 10:00:00,468
"20968",8792009665,2016-04-23 11:00:00,794
"20969",8792009665,2016-04-23 12:00:00,224
"20970",8792009665,2016-04-23 13:00:00,565
"20971",8792009665,2016-04-23 14:00:00,378
"20972",8792009665,2016-04-23 15:00:00,433
"20973",8792009665,2016-04-23 16:00:00,671
"20974",8792009665,2016-04-23 17:00:00,263
"20975",8792009665,2016-04-23 18:00:00,372
"20976",8792009665,2016-04-23 19:00:00,26
"20977",8792009665,2016-04-23 20:00:00,220
"20978",8792009665,2016-04-23 21:00:00,38
"20979",8792009665,2016-04-23 22:00:00,47
"20980",8792009665,2016-04-23 23:00:00,6
"20981",8792009665,2016-04-24 00:00:00,71
"20982",8792009665,2016-04-24 01:00:00,329
"20983",8792009665,2016-04-24 02:00:00,0
"20984",8792009665,2016-04-24 03:00:00,0
"20985",8792009665,2016-04-24 04:00:00,0
"20986",8792009665,2016-04-24 05:00:00,0
"20987",8792009665,2016-04-24 06:00:00,0
"20988",8792009665,2016-04-24 07:00:00,0
"20989",8792009665,2016-04-24 08:00:00,0
"20990",8792009665,2016-04-24 09:00:00,0
"20991",8792009665,2016-04-24 10:00:00,0
"20992",8792009665,2016-04-24 11:00:00,0
"20993",8792009665,2016-04-24 12:00:00,0
"20994",8792009665,2016-04-24 13:00:00,0
"20995",8792009665,2016-04-24 14:00:00,0
"20996",8792009665,2016-04-24 15:00:00,0
"20997",8792009665,2016-04-24 16:00:00,0
"20998",8792009665,2016-04-24 17:00:00,0
"20999",8792009665,2016-04-24 18:00:00,0
"21000",8792009665,2016-04-24 19:00:00,0
"21001",8792009665,2016-04-24 20:00:00,0
"21002",8792009665,2016-04-24 21:00:00,0
"21003",8792009665,2016-04-24 22:00:00,0
"21004",8792009665,2016-04-24 23:00:00,0
"21005",8792009665,2016-04-25 00:00:00,0
"21006",8792009665,2016-04-25 01:00:00,0
"21007",8792009665,2016-04-25 02:00:00,0
"21008",8792009665,2016-04-25 03:00:00,0
"21009",8792009665,2016-04-25 04:00:00,0
"21010",8792009665,2016-04-25 05:00:00,0
"21011",8792009665,2016-04-25 06:00:00,0
"21012",8792009665,2016-04-25 07:00:00,0
"21013",8792009665,2016-04-25 08:00:00,0
"21014",8792009665,2016-04-25 09:00:00,0
"21015",8792009665,2016-04-25 10:00:00,0
"21016",8792009665,2016-04-25 11:00:00,0
"21017",8792009665,2016-04-25 12:00:00,0
"21018",8792009665,2016-04-25 13:00:00,0
"21019",8792009665,2016-04-25 14:00:00,0
"21020",8792009665,2016-04-25 15:00:00,0
"21021",8792009665,2016-04-25 16:00:00,0
"21022",8792009665,2016-04-25 17:00:00,0
"21023",8792009665,2016-04-25 18:00:00,0
"21024",8792009665,2016-04-25 19:00:00,0
"21025",8792009665,2016-04-25 20:00:00,0
"21026",8792009665,2016-04-25 21:00:00,0
"21027",8792009665,2016-04-25 22:00:00,0
"21028",8792009665,2016-04-25 23:00:00,0
"21029",8792009665,2016-04-26 00:00:00,0
"21030",8792009665,2016-04-26 01:00:00,0
"21031",8792009665,2016-04-26 02:00:00,0
"21032",8792009665,2016-04-26 03:00:00,0
"21033",8792009665,2016-04-26 04:00:00,0
"21034",8792009665,2016-04-26 05:00:00,0
"21035",8792009665,2016-04-26 06:00:00,0
"21036",8792009665,2016-04-26 07:00:00,0
"21037",8792009665,2016-04-26 08:00:00,0
"21038",8792009665,2016-04-26 09:00:00,94
"21039",8792009665,2016-04-26 10:00:00,8
"21040",8792009665,2016-04-26 11:00:00,69
"21041",8792009665,2016-04-26 12:00:00,55
"21042",8792009665,2016-04-26 13:00:00,39
"21043",8792009665,2016-04-26 14:00:00,7
"21044",8792009665,2016-04-26 15:00:00,27
"21045",8792009665,2016-04-26 16:00:00,13
"21046",8792009665,2016-04-26 17:00:00,354
"21047",8792009665,2016-04-26 18:00:00,420
"21048",8792009665,2016-04-26 19:00:00,23
"21049",8792009665,2016-04-26 20:00:00,68
"21050",8792009665,2016-04-26 21:00:00,72
"21051",8792009665,2016-04-26 22:00:00,32
"21052",8792009665,2016-04-26 23:00:00,40
"21053",8792009665,2016-04-27 00:00:00,228
"21054",8792009665,2016-04-27 01:00:00,246
"21055",8792009665,2016-04-27 02:00:00,0
"21056",8792009665,2016-04-27 03:00:00,0
"21057",8792009665,2016-04-27 04:00:00,0
"21058",8792009665,2016-04-27 05:00:00,0
"21059",8792009665,2016-04-27 06:00:00,0
"21060",8792009665,2016-04-27 07:00:00,0
"21061",8792009665,2016-04-27 08:00:00,0
"21062",8792009665,2016-04-27 09:00:00,150
"21063",8792009665,2016-04-27 10:00:00,0
"21064",8792009665,2016-04-27 11:00:00,288
"21065",8792009665,2016-04-27 12:00:00,13
"21066",8792009665,2016-04-27 13:00:00,55
"21067",8792009665,2016-04-27 14:00:00,15
"21068",8792009665,2016-04-27 15:00:00,27
"21069",8792009665,2016-04-27 16:00:00,102
"21070",8792009665,2016-04-27 17:00:00,75
"21071",8792009665,2016-04-27 18:00:00,211
"21072",8792009665,2016-04-27 19:00:00,90
"21073",8792009665,2016-04-27 20:00:00,139
"21074",8792009665,2016-04-27 21:00:00,75
"21075",8792009665,2016-04-27 22:00:00,16
"21076",8792009665,2016-04-27 23:00:00,28
"21077",8792009665,2016-04-28 00:00:00,172
"21078",8792009665,2016-04-28 01:00:00,160
"21079",8792009665,2016-04-28 02:00:00,211
"21080",8792009665,2016-04-28 03:00:00,0
"21081",8792009665,2016-04-28 04:00:00,0
"21082",8792009665,2016-04-28 05:00:00,0
"21083",8792009665,2016-04-28 06:00:00,0
"21084",8792009665,2016-04-28 07:00:00,0
"21085",8792009665,2016-04-28 08:00:00,25
"21086",8792009665,2016-04-28 09:00:00,272
"21087",8792009665,2016-04-28 10:00:00,405
"21088",8792009665,2016-04-28 11:00:00,169
"21089",8792009665,2016-04-28 12:00:00,0
"21090",8792009665,2016-04-28 13:00:00,289
"21091",8792009665,2016-04-28 14:00:00,653
"21092",8792009665,2016-04-28 15:00:00,951
"21093",8792009665,2016-04-28 16:00:00,931
"21094",8792009665,2016-04-28 17:00:00,695
"21095",8792009665,2016-04-28 18:00:00,164
"21096",8792009665,2016-04-28 19:00:00,496
"21097",8792009665,2016-04-28 20:00:00,346
"21098",8792009665,2016-04-28 21:00:00,26
"21099",8792009665,2016-04-28 22:00:00,134
"21100",8792009665,2016-04-28 23:00:00,58
"21101",8792009665,2016-04-29 00:00:00,670
"21102",8792009665,2016-04-29 01:00:00,182
"21103",8792009665,2016-04-29 02:00:00,44
"21104",8792009665,2016-04-29 03:00:00,0
"21105",8792009665,2016-04-29 04:00:00,0
"21106",8792009665,2016-04-29 05:00:00,0
"21107",8792009665,2016-04-29 06:00:00,0
"21108",8792009665,2016-04-29 07:00:00,0
"21109",8792009665,2016-04-29 08:00:00,0
"21110",8792009665,2016-04-29 09:00:00,364
"21111",8792009665,2016-04-29 10:00:00,763
"21112",8792009665,2016-04-29 11:00:00,436
"21113",8792009665,2016-04-29 12:00:00,150
"21114",8792009665,2016-04-29 13:00:00,0
"21115",8792009665,2016-04-29 14:00:00,1332
"21116",8792009665,2016-04-29 15:00:00,675
"21117",8792009665,2016-04-29 16:00:00,407
"21118",8792009665,2016-04-29 17:00:00,678
"21119",8792009665,2016-04-29 18:00:00,690
"21120",8792009665,2016-04-29 19:00:00,637
"21121",8792009665,2016-04-29 20:00:00,1055
"21122",8792009665,2016-04-29 21:00:00,179
"21123",8792009665,2016-04-29 22:00:00,0
"21124",8792009665,2016-04-29 23:00:00,98
"21125",8792009665,2016-04-30 00:00:00,28
"21126",8792009665,2016-04-30 01:00:00,32
"21127",8792009665,2016-04-30 02:00:00,0
"21128",8792009665,2016-04-30 03:00:00,0
"21129",8792009665,2016-04-30 04:00:00,0
"21130",8792009665,2016-04-30 05:00:00,0
"21131",8792009665,2016-04-30 06:00:00,0
"21132",8792009665,2016-04-30 07:00:00,41
"21133",8792009665,2016-04-30 08:00:00,28
"21134",8792009665,2016-04-30 09:00:00,518
"21135",8792009665,2016-04-30 10:00:00,329
"21136",8792009665,2016-04-30 11:00:00,537
"21137",8792009665,2016-04-30 12:00:00,572
"21138",8792009665,2016-04-30 13:00:00,769
"21139",8792009665,2016-04-30 14:00:00,506
"21140",8792009665,2016-04-30 15:00:00,809
"21141",8792009665,2016-04-30 16:00:00,300
"21142",8792009665,2016-04-30 17:00:00,159
"21143",8792009665,2016-04-30 18:00:00,620
"21144",8792009665,2016-04-30 19:00:00,789
"21145",8792009665,2016-04-30 20:00:00,499
"21146",8792009665,2016-04-30 21:00:00,387
"21147",8792009665,2016-04-30 22:00:00,47
"21148",8792009665,2016-04-30 23:00:00,204
"21149",8792009665,2016-05-01 00:00:00,16
"21150",8792009665,2016-05-01 01:00:00,0
"21151",8792009665,2016-05-01 02:00:00,0
"21152",8792009665,2016-05-01 03:00:00,0
"21153",8792009665,2016-05-01 04:00:00,0
"21154",8792009665,2016-05-01 05:00:00,0
"21155",8792009665,2016-05-01 06:00:00,0
"21156",8792009665,2016-05-01 07:00:00,0
"21157",8792009665,2016-05-01 08:00:00,21
"21158",8792009665,2016-05-01 09:00:00,0
"21159",8792009665,2016-05-01 10:00:00,80
"21160",8792009665,2016-05-01 11:00:00,133
"21161",8792009665,2016-05-01 12:00:00,0
"21162",8792009665,2016-05-01 13:00:00,44
"21163",8792009665,2016-05-01 14:00:00,257
"21164",8792009665,2016-05-01 15:00:00,216
"21165",8792009665,2016-05-01 16:00:00,77
"21166",8792009665,2016-05-01 17:00:00,99
"21167",8792009665,2016-05-01 18:00:00,306
"21168",8792009665,2016-05-01 19:00:00,94
"21169",8792009665,2016-05-01 20:00:00,113
"21170",8792009665,2016-05-01 21:00:00,116
"21171",8792009665,2016-05-01 22:00:00,0
"21172",8792009665,2016-05-01 23:00:00,47
"21173",8792009665,2016-05-02 00:00:00,351
"21174",8792009665,2016-05-02 01:00:00,227
"21175",8792009665,2016-05-02 02:00:00,163
"21176",8792009665,2016-05-02 03:00:00,0
"21177",8792009665,2016-05-02 04:00:00,0
"21178",8792009665,2016-05-02 05:00:00,0
"21179",8792009665,2016-05-02 06:00:00,0
"21180",8792009665,2016-05-02 07:00:00,4
"21181",8792009665,2016-05-02 08:00:00,0
"21182",8792009665,2016-05-02 09:00:00,83
"21183",8792009665,2016-05-02 10:00:00,0
"21184",8792009665,2016-05-02 11:00:00,311
"21185",8792009665,2016-05-02 12:00:00,79
"21186",8792009665,2016-05-02 13:00:00,8
"21187",8792009665,2016-05-02 14:00:00,6
"21188",8792009665,2016-05-02 15:00:00,59
"21189",8792009665,2016-05-02 16:00:00,142
"21190",8792009665,2016-05-02 17:00:00,0
"21191",8792009665,2016-05-02 18:00:00,102
"21192",8792009665,2016-05-02 19:00:00,8
"21193",8792009665,2016-05-02 20:00:00,122
"21194",8792009665,2016-05-02 21:00:00,71
"21195",8792009665,2016-05-02 22:00:00,37
"21196",8792009665,2016-05-02 23:00:00,58
"21197",8792009665,2016-05-03 00:00:00,130
"21198",8792009665,2016-05-03 01:00:00,171
"21199",8792009665,2016-05-03 02:00:00,0
"21200",8792009665,2016-05-03 03:00:00,0
"21201",8792009665,2016-05-03 04:00:00,8
"21202",8792009665,2016-05-03 05:00:00,0
"21203",8792009665,2016-05-03 06:00:00,6
"21204",8792009665,2016-05-03 07:00:00,0
"21205",8792009665,2016-05-03 08:00:00,0
"21206",8792009665,2016-05-03 09:00:00,22
"21207",8792009665,2016-05-03 10:00:00,0
"21208",8792009665,2016-05-03 11:00:00,623
"21209",8792009665,2016-05-03 12:00:00,58
"21210",8792009665,2016-05-03 13:00:00,0
"21211",8792009665,2016-05-03 14:00:00,14
"21212",8792009665,2016-05-03 15:00:00,312
"21213",8792009665,2016-05-03 16:00:00,146
"21214",8792009665,2016-05-03 17:00:00,266
"21215",8792009665,2016-05-03 18:00:00,121
"21216",8792009665,2016-05-03 19:00:00,336
"21217",8792009665,2016-05-03 20:00:00,31
"21218",8792009665,2016-05-03 21:00:00,68
"21219",8792009665,2016-05-03 22:00:00,26
"21220",8792009665,2016-05-03 23:00:00,83
"21221",8792009665,2016-05-04 00:00:00,337
"21222",8792009665,2016-05-04 01:00:00,55
"21223",8792009665,2016-05-04 02:00:00,34
"21224",8792009665,2016-05-04 03:00:00,0
"21225",8792009665,2016-05-04 04:00:00,0
"21226",8792009665,2016-05-04 05:00:00,0
"21227",8792009665,2016-05-04 06:00:00,0
"21228",8792009665,2016-05-04 07:00:00,0
"21229",8792009665,2016-05-04 08:00:00,0
"21230",8792009665,2016-05-04 09:00:00,31
"21231",8792009665,2016-05-04 10:00:00,179
"21232",8792009665,2016-05-04 11:00:00,180
"21233",8792009665,2016-05-04 12:00:00,0
"21234",8792009665,2016-05-04 13:00:00,144
"21235",8792009665,2016-05-04 14:00:00,105
"21236",8792009665,2016-05-04 15:00:00,559
"21237",8792009665,2016-05-04 16:00:00,0
"21238",8792009665,2016-05-04 17:00:00,366
"21239",8792009665,2016-05-04 18:00:00,153
"21240",8792009665,2016-05-04 19:00:00,8
"21241",8792009665,2016-05-04 20:00:00,132
"21242",8792009665,2016-05-04 21:00:00,0
"21243",8792009665,2016-05-04 22:00:00,0
"21244",8792009665,2016-05-04 23:00:00,0
"21245",8792009665,2016-05-05 00:00:00,0
"21246",8792009665,2016-05-05 01:00:00,0
"21247",8792009665,2016-05-05 02:00:00,0
"21248",8792009665,2016-05-05 03:00:00,0
"21249",8792009665,2016-05-05 04:00:00,0
"21250",8792009665,2016-05-05 05:00:00,0
"21251",8792009665,2016-05-05 06:00:00,0
"21252",8792009665,2016-05-05 07:00:00,0
"21253",8792009665,2016-05-05 08:00:00,0
"21254",8792009665,2016-05-05 09:00:00,0
"21255",8792009665,2016-05-05 10:00:00,0
"21256",8792009665,2016-05-05 11:00:00,0
"21257",8792009665,2016-05-05 12:00:00,0
"21258",8792009665,2016-05-05 13:00:00,0
"21259",8792009665,2016-05-05 14:00:00,0
"21260",8792009665,2016-05-05 15:00:00,0
"21261",8792009665,2016-05-05 16:00:00,0
"21262",8792009665,2016-05-05 17:00:00,0
"21263",8792009665,2016-05-05 18:00:00,0
"21264",8792009665,2016-05-05 19:00:00,0
"21265",8792009665,2016-05-05 20:00:00,0
"21266",8792009665,2016-05-05 21:00:00,0
"21267",8792009665,2016-05-05 22:00:00,0
"21268",8792009665,2016-05-05 23:00:00,0
"21269",8792009665,2016-05-06 00:00:00,0
"21270",8792009665,2016-05-06 01:00:00,0
"21271",8792009665,2016-05-06 02:00:00,0
"21272",8792009665,2016-05-06 03:00:00,0
"21273",8792009665,2016-05-06 04:00:00,0
"21274",8792009665,2016-05-06 05:00:00,0
"21275",8792009665,2016-05-06 06:00:00,0
"21276",8792009665,2016-05-06 07:00:00,0
"21277",8792009665,2016-05-06 08:00:00,0
"21278",8792009665,2016-05-06 09:00:00,0
"21279",8792009665,2016-05-06 10:00:00,0
"21280",8792009665,2016-05-06 11:00:00,0
"21281",8792009665,2016-05-06 12:00:00,0
"21282",8792009665,2016-05-06 13:00:00,0
"21283",8792009665,2016-05-06 14:00:00,0
"21284",8792009665,2016-05-06 15:00:00,0
"21285",8792009665,2016-05-06 16:00:00,0
"21286",8792009665,2016-05-06 17:00:00,0
"21287",8792009665,2016-05-06 18:00:00,0
"21288",8792009665,2016-05-06 19:00:00,0
"21289",8792009665,2016-05-06 20:00:00,0
"21290",8792009665,2016-05-06 21:00:00,0
"21291",8792009665,2016-05-06 22:00:00,0
"21292",8792009665,2016-05-06 23:00:00,0
"21293",8792009665,2016-05-07 00:00:00,0
"21294",8792009665,2016-05-07 01:00:00,0
"21295",8792009665,2016-05-07 02:00:00,0
"21296",8792009665,2016-05-07 03:00:00,0
"21297",8792009665,2016-05-07 04:00:00,0
"21298",8792009665,2016-05-07 05:00:00,0
"21299",8792009665,2016-05-07 06:00:00,0
"21300",8792009665,2016-05-07 07:00:00,0
"21301",8792009665,2016-05-07 08:00:00,0
"21302",8792009665,2016-05-07 09:00:00,0
"21303",8792009665,2016-05-07 10:00:00,0
"21304",8792009665,2016-05-07 11:00:00,0
"21305",8792009665,2016-05-07 12:00:00,0
"21306",8792009665,2016-05-07 13:00:00,0
"21307",8792009665,2016-05-07 14:00:00,0
"21308",8792009665,2016-05-07 15:00:00,0
"21309",8792009665,2016-05-07 16:00:00,0
"21310",8792009665,2016-05-07 17:00:00,0
"21311",8792009665,2016-05-07 18:00:00,0
"21312",8792009665,2016-05-07 19:00:00,0
"21313",8792009665,2016-05-07 20:00:00,0
"21314",8792009665,2016-05-07 21:00:00,0
"21315",8792009665,2016-05-07 22:00:00,0
"21316",8792009665,2016-05-07 23:00:00,0
"21317",8792009665,2016-05-08 00:00:00,0
"21318",8792009665,2016-05-08 01:00:00,0
"21319",8792009665,2016-05-08 02:00:00,0
"21320",8792009665,2016-05-08 03:00:00,0
"21321",8792009665,2016-05-08 04:00:00,0
"21322",8792009665,2016-05-08 05:00:00,0
"21323",8792009665,2016-05-08 06:00:00,0
"21324",8792009665,2016-05-08 07:00:00,0
"21325",8792009665,2016-05-08 08:00:00,0
"21326",8792009665,2016-05-08 09:00:00,0
"21327",8792009665,2016-05-08 10:00:00,0
"21328",8792009665,2016-05-08 11:00:00,0
"21329",8792009665,2016-05-08 12:00:00,0
"21330",8792009665,2016-05-08 13:00:00,0
"21331",8792009665,2016-05-08 14:00:00,0
"21332",8792009665,2016-05-08 15:00:00,0
"21333",8792009665,2016-05-08 16:00:00,0
"21334",8792009665,2016-05-08 17:00:00,0
"21335",8792009665,2016-05-08 18:00:00,0
"21336",8792009665,2016-05-08 19:00:00,0
"21337",8792009665,2016-05-08 20:00:00,0
"21338",8792009665,2016-05-08 21:00:00,0
"21339",8792009665,2016-05-08 22:00:00,0
"21340",8792009665,2016-05-08 23:00:00,0
"21341",8792009665,2016-05-09 00:00:00,0
"21342",8792009665,2016-05-09 01:00:00,0
"21343",8792009665,2016-05-09 02:00:00,0
"21344",8792009665,2016-05-09 03:00:00,0
"21345",8792009665,2016-05-09 04:00:00,0
"21346",8792009665,2016-05-09 05:00:00,0
"21347",8792009665,2016-05-09 06:00:00,0
"21348",8792009665,2016-05-09 07:00:00,0
"21349",8792009665,2016-05-09 08:00:00,0
"21350",8792009665,2016-05-09 09:00:00,0
"21351",8792009665,2016-05-09 10:00:00,0
"21352",8792009665,2016-05-09 11:00:00,0
"21353",8792009665,2016-05-09 12:00:00,0
"21354",8792009665,2016-05-09 13:00:00,0
"21355",8792009665,2016-05-09 14:00:00,0
"21356",8792009665,2016-05-09 15:00:00,0
"21357",8792009665,2016-05-09 16:00:00,0
"21358",8792009665,2016-05-09 17:00:00,0
"21359",8792009665,2016-05-09 18:00:00,0
"21360",8792009665,2016-05-09 19:00:00,0
"21361",8792009665,2016-05-09 20:00:00,0
"21362",8792009665,2016-05-09 21:00:00,0
"21363",8792009665,2016-05-09 22:00:00,0
"21364",8792009665,2016-05-09 23:00:00,0
"21365",8877689391,2016-04-12 00:00:00,0
"21366",8877689391,2016-04-12 01:00:00,0
"21367",8877689391,2016-04-12 02:00:00,0
"21368",8877689391,2016-04-12 03:00:00,0
"21369",8877689391,2016-04-12 04:00:00,0
"21370",8877689391,2016-04-12 05:00:00,0
"21371",8877689391,2016-04-12 06:00:00,209
"21372",8877689391,2016-04-12 07:00:00,964
"21373",8877689391,2016-04-12 08:00:00,834
"21374",8877689391,2016-04-12 09:00:00,343
"21375",8877689391,2016-04-12 10:00:00,656
"21376",8877689391,2016-04-12 11:00:00,2546
"21377",8877689391,2016-04-12 12:00:00,8043
"21378",8877689391,2016-04-12 13:00:00,321
"21379",8877689391,2016-04-12 14:00:00,12
"21380",8877689391,2016-04-12 15:00:00,1024
"21381",8877689391,2016-04-12 16:00:00,649
"21382",8877689391,2016-04-12 17:00:00,1648
"21383",8877689391,2016-04-12 18:00:00,3476
"21384",8877689391,2016-04-12 19:00:00,815
"21385",8877689391,2016-04-12 20:00:00,600
"21386",8877689391,2016-04-12 21:00:00,745
"21387",8877689391,2016-04-12 22:00:00,301
"21388",8877689391,2016-04-12 23:00:00,0
"21389",8877689391,2016-04-13 00:00:00,0
"21390",8877689391,2016-04-13 01:00:00,0
"21391",8877689391,2016-04-13 02:00:00,0
"21392",8877689391,2016-04-13 03:00:00,0
"21393",8877689391,2016-04-13 04:00:00,0
"21394",8877689391,2016-04-13 05:00:00,0
"21395",8877689391,2016-04-13 06:00:00,0
"21396",8877689391,2016-04-13 07:00:00,1158
"21397",8877689391,2016-04-13 08:00:00,549
"21398",8877689391,2016-04-13 09:00:00,607
"21399",8877689391,2016-04-13 10:00:00,945
"21400",8877689391,2016-04-13 11:00:00,675
"21401",8877689391,2016-04-13 12:00:00,3922
"21402",8877689391,2016-04-13 13:00:00,270
"21403",8877689391,2016-04-13 14:00:00,392
"21404",8877689391,2016-04-13 15:00:00,341
"21405",8877689391,2016-04-13 16:00:00,708
"21406",8877689391,2016-04-13 17:00:00,1168
"21407",8877689391,2016-04-13 18:00:00,2978
"21408",8877689391,2016-04-13 19:00:00,894
"21409",8877689391,2016-04-13 20:00:00,395
"21410",8877689391,2016-04-13 21:00:00,208
"21411",8877689391,2016-04-13 22:00:00,127
"21412",8877689391,2016-04-13 23:00:00,0
"21413",8877689391,2016-04-14 00:00:00,0
"21414",8877689391,2016-04-14 01:00:00,0
"21415",8877689391,2016-04-14 02:00:00,0
"21416",8877689391,2016-04-14 03:00:00,0
"21417",8877689391,2016-04-14 04:00:00,0
"21418",8877689391,2016-04-14 05:00:00,0
"21419",8877689391,2016-04-14 06:00:00,163
"21420",8877689391,2016-04-14 07:00:00,1061
"21421",8877689391,2016-04-14 08:00:00,929
"21422",8877689391,2016-04-14 09:00:00,784
"21423",8877689391,2016-04-14 10:00:00,432
"21424",8877689391,2016-04-14 11:00:00,608
"21425",8877689391,2016-04-14 12:00:00,345
"21426",8877689391,2016-04-14 13:00:00,102
"21427",8877689391,2016-04-14 14:00:00,497
"21428",8877689391,2016-04-14 15:00:00,1303
"21429",8877689391,2016-04-14 16:00:00,8318
"21430",8877689391,2016-04-14 17:00:00,2041
"21431",8877689391,2016-04-14 18:00:00,585
"21432",8877689391,2016-04-14 19:00:00,745
"21433",8877689391,2016-04-14 20:00:00,1079
"21434",8877689391,2016-04-14 21:00:00,1089
"21435",8877689391,2016-04-14 22:00:00,908
"21436",8877689391,2016-04-14 23:00:00,82
"21437",8877689391,2016-04-15 00:00:00,0
"21438",8877689391,2016-04-15 01:00:00,0
"21439",8877689391,2016-04-15 02:00:00,0
"21440",8877689391,2016-04-15 03:00:00,0
"21441",8877689391,2016-04-15 04:00:00,0
"21442",8877689391,2016-04-15 05:00:00,0
"21443",8877689391,2016-04-15 06:00:00,16
"21444",8877689391,2016-04-15 07:00:00,816
"21445",8877689391,2016-04-15 08:00:00,364
"21446",8877689391,2016-04-15 09:00:00,699
"21447",8877689391,2016-04-15 10:00:00,342
"21448",8877689391,2016-04-15 11:00:00,906
"21449",8877689391,2016-04-15 12:00:00,454
"21450",8877689391,2016-04-15 13:00:00,792
"21451",8877689391,2016-04-15 14:00:00,113
"21452",8877689391,2016-04-15 15:00:00,377
"21453",8877689391,2016-04-15 16:00:00,292
"21454",8877689391,2016-04-15 17:00:00,1103
"21455",8877689391,2016-04-15 18:00:00,2251
"21456",8877689391,2016-04-15 19:00:00,1646
"21457",8877689391,2016-04-15 20:00:00,328
"21458",8877689391,2016-04-15 21:00:00,955
"21459",8877689391,2016-04-15 22:00:00,1204
"21460",8877689391,2016-04-15 23:00:00,717
"21461",8877689391,2016-04-16 00:00:00,600
"21462",8877689391,2016-04-16 01:00:00,0
"21463",8877689391,2016-04-16 02:00:00,0
"21464",8877689391,2016-04-16 03:00:00,0
"21465",8877689391,2016-04-16 04:00:00,0
"21466",8877689391,2016-04-16 05:00:00,0
"21467",8877689391,2016-04-16 06:00:00,0
"21468",8877689391,2016-04-16 07:00:00,0
"21469",8877689391,2016-04-16 08:00:00,1145
"21470",8877689391,2016-04-16 09:00:00,2012
"21471",8877689391,2016-04-16 10:00:00,1210
"21472",8877689391,2016-04-16 11:00:00,963
"21473",8877689391,2016-04-16 12:00:00,7973
"21474",8877689391,2016-04-16 13:00:00,2993
"21475",8877689391,2016-04-16 14:00:00,816
"21476",8877689391,2016-04-16 15:00:00,722
"21477",8877689391,2016-04-16 16:00:00,1086
"21478",8877689391,2016-04-16 17:00:00,2525
"21479",8877689391,2016-04-16 18:00:00,1771
"21480",8877689391,2016-04-16 19:00:00,516
"21481",8877689391,2016-04-16 20:00:00,490
"21482",8877689391,2016-04-16 21:00:00,877
"21483",8877689391,2016-04-16 22:00:00,477
"21484",8877689391,2016-04-16 23:00:00,3028
"21485",8877689391,2016-04-17 00:00:00,2128
"21486",8877689391,2016-04-17 01:00:00,1887
"21487",8877689391,2016-04-17 02:00:00,1983
"21488",8877689391,2016-04-17 03:00:00,84
"21489",8877689391,2016-04-17 04:00:00,0
"21490",8877689391,2016-04-17 05:00:00,0
"21491",8877689391,2016-04-17 06:00:00,0
"21492",8877689391,2016-04-17 07:00:00,0
"21493",8877689391,2016-04-17 08:00:00,0
"21494",8877689391,2016-04-17 09:00:00,0
"21495",8877689391,2016-04-17 10:00:00,125
"21496",8877689391,2016-04-17 11:00:00,938
"21497",8877689391,2016-04-17 12:00:00,334
"21498",8877689391,2016-04-17 13:00:00,628
"21499",8877689391,2016-04-17 14:00:00,228
"21500",8877689391,2016-04-17 15:00:00,218
"21501",8877689391,2016-04-17 16:00:00,420
"21502",8877689391,2016-04-17 17:00:00,1591
"21503",8877689391,2016-04-17 18:00:00,2851
"21504",8877689391,2016-04-17 19:00:00,550
"21505",8877689391,2016-04-17 20:00:00,836
"21506",8877689391,2016-04-17 21:00:00,317
"21507",8877689391,2016-04-17 22:00:00,0
"21508",8877689391,2016-04-17 23:00:00,0
"21509",8877689391,2016-04-18 00:00:00,0
"21510",8877689391,2016-04-18 01:00:00,0
"21511",8877689391,2016-04-18 02:00:00,0
"21512",8877689391,2016-04-18 03:00:00,0
"21513",8877689391,2016-04-18 04:00:00,0
"21514",8877689391,2016-04-18 05:00:00,0
"21515",8877689391,2016-04-18 06:00:00,105
"21516",8877689391,2016-04-18 07:00:00,805
"21517",8877689391,2016-04-18 08:00:00,610
"21518",8877689391,2016-04-18 09:00:00,875
"21519",8877689391,2016-04-18 10:00:00,338
"21520",8877689391,2016-04-18 11:00:00,595
"21521",8877689391,2016-04-18 12:00:00,3721
"21522",8877689391,2016-04-18 13:00:00,647
"21523",8877689391,2016-04-18 14:00:00,380
"21524",8877689391,2016-04-18 15:00:00,730
"21525",8877689391,2016-04-18 16:00:00,1087
"21526",8877689391,2016-04-18 17:00:00,234
"21527",8877689391,2016-04-18 18:00:00,147
"21528",8877689391,2016-04-18 19:00:00,689
"21529",8877689391,2016-04-18 20:00:00,177
"21530",8877689391,2016-04-18 21:00:00,269
"21531",8877689391,2016-04-18 22:00:00,0
"21532",8877689391,2016-04-18 23:00:00,0
"21533",8877689391,2016-04-19 00:00:00,0
"21534",8877689391,2016-04-19 01:00:00,0
"21535",8877689391,2016-04-19 02:00:00,0
"21536",8877689391,2016-04-19 03:00:00,0
"21537",8877689391,2016-04-19 04:00:00,0
"21538",8877689391,2016-04-19 05:00:00,0
"21539",8877689391,2016-04-19 06:00:00,480
"21540",8877689391,2016-04-19 07:00:00,963
"21541",8877689391,2016-04-19 08:00:00,230
"21542",8877689391,2016-04-19 09:00:00,992
"21543",8877689391,2016-04-19 10:00:00,527
"21544",8877689391,2016-04-19 11:00:00,400
"21545",8877689391,2016-04-19 12:00:00,2753
"21546",8877689391,2016-04-19 13:00:00,443
"21547",8877689391,2016-04-19 14:00:00,52
"21548",8877689391,2016-04-19 15:00:00,358
"21549",8877689391,2016-04-19 16:00:00,9392
"21550",8877689391,2016-04-19 17:00:00,496
"21551",8877689391,2016-04-19 18:00:00,292
"21552",8877689391,2016-04-19 19:00:00,593
"21553",8877689391,2016-04-19 20:00:00,223
"21554",8877689391,2016-04-19 21:00:00,474
"21555",8877689391,2016-04-19 22:00:00,80
"21556",8877689391,2016-04-19 23:00:00,0
"21557",8877689391,2016-04-20 00:00:00,0
"21558",8877689391,2016-04-20 01:00:00,0
"21559",8877689391,2016-04-20 02:00:00,0
"21560",8877689391,2016-04-20 03:00:00,0
"21561",8877689391,2016-04-20 04:00:00,0
"21562",8877689391,2016-04-20 05:00:00,0
"21563",8877689391,2016-04-20 06:00:00,146
"21564",8877689391,2016-04-20 07:00:00,1029
"21565",8877689391,2016-04-20 08:00:00,1340
"21566",8877689391,2016-04-20 09:00:00,202
"21567",8877689391,2016-04-20 10:00:00,277
"21568",8877689391,2016-04-20 11:00:00,905
"21569",8877689391,2016-04-20 12:00:00,1512
"21570",8877689391,2016-04-20 13:00:00,246
"21571",8877689391,2016-04-20 14:00:00,295
"21572",8877689391,2016-04-20 15:00:00,779
"21573",8877689391,2016-04-20 16:00:00,590
"21574",8877689391,2016-04-20 17:00:00,2098
"21575",8877689391,2016-04-20 18:00:00,8361
"21576",8877689391,2016-04-20 19:00:00,991
"21577",8877689391,2016-04-20 20:00:00,619
"21578",8877689391,2016-04-20 21:00:00,371
"21579",8877689391,2016-04-20 22:00:00,120
"21580",8877689391,2016-04-20 23:00:00,0
"21581",8877689391,2016-04-21 00:00:00,0
"21582",8877689391,2016-04-21 01:00:00,0
"21583",8877689391,2016-04-21 02:00:00,0
"21584",8877689391,2016-04-21 03:00:00,0
"21585",8877689391,2016-04-21 04:00:00,0
"21586",8877689391,2016-04-21 05:00:00,0
"21587",8877689391,2016-04-21 06:00:00,108
"21588",8877689391,2016-04-21 07:00:00,692
"21589",8877689391,2016-04-21 08:00:00,154
"21590",8877689391,2016-04-21 09:00:00,492
"21591",8877689391,2016-04-21 10:00:00,194
"21592",8877689391,2016-04-21 11:00:00,494
"21593",8877689391,2016-04-21 12:00:00,479
"21594",8877689391,2016-04-21 13:00:00,702
"21595",8877689391,2016-04-21 14:00:00,203
"21596",8877689391,2016-04-21 15:00:00,5123
"21597",8877689391,2016-04-21 16:00:00,5301
"21598",8877689391,2016-04-21 17:00:00,1962
"21599",8877689391,2016-04-21 18:00:00,2166
"21600",8877689391,2016-04-21 19:00:00,436
"21601",8877689391,2016-04-21 20:00:00,156
"21602",8877689391,2016-04-21 21:00:00,359
"21603",8877689391,2016-04-21 22:00:00,356
"21604",8877689391,2016-04-21 23:00:00,0
"21605",8877689391,2016-04-22 00:00:00,0
"21606",8877689391,2016-04-22 01:00:00,0
"21607",8877689391,2016-04-22 02:00:00,0
"21608",8877689391,2016-04-22 03:00:00,0
"21609",8877689391,2016-04-22 04:00:00,0
"21610",8877689391,2016-04-22 05:00:00,0
"21611",8877689391,2016-04-22 06:00:00,259
"21612",8877689391,2016-04-22 07:00:00,927
"21613",8877689391,2016-04-22 08:00:00,963
"21614",8877689391,2016-04-22 09:00:00,369
"21615",8877689391,2016-04-22 10:00:00,309
"21616",8877689391,2016-04-22 11:00:00,345
"21617",8877689391,2016-04-22 12:00:00,220
"21618",8877689391,2016-04-22 13:00:00,336
"21619",8877689391,2016-04-22 14:00:00,393
"21620",8877689391,2016-04-22 15:00:00,814
"21621",8877689391,2016-04-22 16:00:00,713
"21622",8877689391,2016-04-22 17:00:00,914
"21623",8877689391,2016-04-22 18:00:00,7409
"21624",8877689391,2016-04-22 19:00:00,3579
"21625",8877689391,2016-04-22 20:00:00,310
"21626",8877689391,2016-04-22 21:00:00,224
"21627",8877689391,2016-04-22 22:00:00,141
"21628",8877689391,2016-04-22 23:00:00,0
"21629",8877689391,2016-04-23 00:00:00,0
"21630",8877689391,2016-04-23 01:00:00,0
"21631",8877689391,2016-04-23 02:00:00,0
"21632",8877689391,2016-04-23 03:00:00,0
"21633",8877689391,2016-04-23 04:00:00,0
"21634",8877689391,2016-04-23 05:00:00,0
"21635",8877689391,2016-04-23 06:00:00,0
"21636",8877689391,2016-04-23 07:00:00,170
"21637",8877689391,2016-04-23 08:00:00,951
"21638",8877689391,2016-04-23 09:00:00,928
"21639",8877689391,2016-04-23 10:00:00,842
"21640",8877689391,2016-04-23 11:00:00,1032
"21641",8877689391,2016-04-23 12:00:00,940
"21642",8877689391,2016-04-23 13:00:00,847
"21643",8877689391,2016-04-23 14:00:00,609
"21644",8877689391,2016-04-23 15:00:00,984
"21645",8877689391,2016-04-23 16:00:00,294
"21646",8877689391,2016-04-23 17:00:00,304
"21647",8877689391,2016-04-23 18:00:00,1367
"21648",8877689391,2016-04-23 19:00:00,705
"21649",8877689391,2016-04-23 20:00:00,472
"21650",8877689391,2016-04-23 21:00:00,573
"21651",8877689391,2016-04-23 22:00:00,173
"21652",8877689391,2016-04-23 23:00:00,0
"21653",8877689391,2016-04-24 00:00:00,0
"21654",8877689391,2016-04-24 01:00:00,0
"21655",8877689391,2016-04-24 02:00:00,0
"21656",8877689391,2016-04-24 03:00:00,0
"21657",8877689391,2016-04-24 04:00:00,0
"21658",8877689391,2016-04-24 05:00:00,0
"21659",8877689391,2016-04-24 06:00:00,0
"21660",8877689391,2016-04-24 07:00:00,84
"21661",8877689391,2016-04-24 08:00:00,472
"21662",8877689391,2016-04-24 09:00:00,481
"21663",8877689391,2016-04-24 10:00:00,699
"21664",8877689391,2016-04-24 11:00:00,261
"21665",8877689391,2016-04-24 12:00:00,1009
"21666",8877689391,2016-04-24 13:00:00,640
"21667",8877689391,2016-04-24 14:00:00,232
"21668",8877689391,2016-04-24 15:00:00,432
"21669",8877689391,2016-04-24 16:00:00,127
"21670",8877689391,2016-04-24 17:00:00,9062
"21671",8877689391,2016-04-24 18:00:00,2000
"21672",8877689391,2016-04-24 19:00:00,300
"21673",8877689391,2016-04-24 20:00:00,352
"21674",8877689391,2016-04-24 21:00:00,509
"21675",8877689391,2016-04-24 22:00:00,0
"21676",8877689391,2016-04-24 23:00:00,0
"21677",8877689391,2016-04-25 00:00:00,0
"21678",8877689391,2016-04-25 01:00:00,0
"21679",8877689391,2016-04-25 02:00:00,0
"21680",8877689391,2016-04-25 03:00:00,0
"21681",8877689391,2016-04-25 04:00:00,0
"21682",8877689391,2016-04-25 05:00:00,0
"21683",8877689391,2016-04-25 06:00:00,196
"21684",8877689391,2016-04-25 07:00:00,676
"21685",8877689391,2016-04-25 08:00:00,1051
"21686",8877689391,2016-04-25 09:00:00,734
"21687",8877689391,2016-04-25 10:00:00,1058
"21688",8877689391,2016-04-25 11:00:00,545
"21689",8877689391,2016-04-25 12:00:00,3025
"21690",8877689391,2016-04-25 13:00:00,1014
"21691",8877689391,2016-04-25 14:00:00,497
"21692",8877689391,2016-04-25 15:00:00,60
"21693",8877689391,2016-04-25 16:00:00,976
"21694",8877689391,2016-04-25 17:00:00,424
"21695",8877689391,2016-04-25 18:00:00,676
"21696",8877689391,2016-04-25 19:00:00,926
"21697",8877689391,2016-04-25 20:00:00,667
"21698",8877689391,2016-04-25 21:00:00,253
"21699",8877689391,2016-04-25 22:00:00,179
"21700",8877689391,2016-04-25 23:00:00,0
"21701",8877689391,2016-04-26 00:00:00,0
"21702",8877689391,2016-04-26 01:00:00,0
"21703",8877689391,2016-04-26 02:00:00,0
"21704",8877689391,2016-04-26 03:00:00,0
"21705",8877689391,2016-04-26 04:00:00,0
"21706",8877689391,2016-04-26 05:00:00,0
"21707",8877689391,2016-04-26 06:00:00,37
"21708",8877689391,2016-04-26 07:00:00,644
"21709",8877689391,2016-04-26 08:00:00,766
"21710",8877689391,2016-04-26 09:00:00,411
"21711",8877689391,2016-04-26 10:00:00,244
"21712",8877689391,2016-04-26 11:00:00,1036
"21713",8877689391,2016-04-26 12:00:00,2310
"21714",8877689391,2016-04-26 13:00:00,417
"21715",8877689391,2016-04-26 14:00:00,284
"21716",8877689391,2016-04-26 15:00:00,347
"21717",8877689391,2016-04-26 16:00:00,741
"21718",8877689391,2016-04-26 17:00:00,259
"21719",8877689391,2016-04-26 18:00:00,841
"21720",8877689391,2016-04-26 19:00:00,285
"21721",8877689391,2016-04-26 20:00:00,1236
"21722",8877689391,2016-04-26 21:00:00,313
"21723",8877689391,2016-04-26 22:00:00,494
"21724",8877689391,2016-04-26 23:00:00,405
"21725",8877689391,2016-04-27 00:00:00,0
"21726",8877689391,2016-04-27 01:00:00,0
"21727",8877689391,2016-04-27 02:00:00,0
"21728",8877689391,2016-04-27 03:00:00,0
"21729",8877689391,2016-04-27 04:00:00,0
"21730",8877689391,2016-04-27 05:00:00,0
"21731",8877689391,2016-04-27 06:00:00,7
"21732",8877689391,2016-04-27 07:00:00,1986
"21733",8877689391,2016-04-27 08:00:00,922
"21734",8877689391,2016-04-27 09:00:00,66
"21735",8877689391,2016-04-27 10:00:00,930
"21736",8877689391,2016-04-27 11:00:00,1184
"21737",8877689391,2016-04-27 12:00:00,2859
"21738",8877689391,2016-04-27 13:00:00,538
"21739",8877689391,2016-04-27 14:00:00,400
"21740",8877689391,2016-04-27 15:00:00,1474
"21741",8877689391,2016-04-27 16:00:00,197
"21742",8877689391,2016-04-27 17:00:00,2667
"21743",8877689391,2016-04-27 18:00:00,8586
"21744",8877689391,2016-04-27 19:00:00,663
"21745",8877689391,2016-04-27 20:00:00,392
"21746",8877689391,2016-04-27 21:00:00,182
"21747",8877689391,2016-04-27 22:00:00,550
"21748",8877689391,2016-04-27 23:00:00,0
"21749",8877689391,2016-04-28 00:00:00,0
"21750",8877689391,2016-04-28 01:00:00,0
"21751",8877689391,2016-04-28 02:00:00,0
"21752",8877689391,2016-04-28 03:00:00,0
"21753",8877689391,2016-04-28 04:00:00,0
"21754",8877689391,2016-04-28 05:00:00,0
"21755",8877689391,2016-04-28 06:00:00,131
"21756",8877689391,2016-04-28 07:00:00,838
"21757",8877689391,2016-04-28 08:00:00,397
"21758",8877689391,2016-04-28 09:00:00,299
"21759",8877689391,2016-04-28 10:00:00,345
"21760",8877689391,2016-04-28 11:00:00,256
"21761",8877689391,2016-04-28 12:00:00,4092
"21762",8877689391,2016-04-28 13:00:00,41
"21763",8877689391,2016-04-28 14:00:00,758
"21764",8877689391,2016-04-28 15:00:00,963
"21765",8877689391,2016-04-28 16:00:00,799
"21766",8877689391,2016-04-28 17:00:00,887
"21767",8877689391,2016-04-28 18:00:00,1921
"21768",8877689391,2016-04-28 19:00:00,2123
"21769",8877689391,2016-04-28 20:00:00,311
"21770",8877689391,2016-04-28 21:00:00,516
"21771",8877689391,2016-04-28 22:00:00,208
"21772",8877689391,2016-04-28 23:00:00,0
"21773",8877689391,2016-04-29 00:00:00,0
"21774",8877689391,2016-04-29 01:00:00,0
"21775",8877689391,2016-04-29 02:00:00,0
"21776",8877689391,2016-04-29 03:00:00,0
"21777",8877689391,2016-04-29 04:00:00,0
"21778",8877689391,2016-04-29 05:00:00,0
"21779",8877689391,2016-04-29 06:00:00,174
"21780",8877689391,2016-04-29 07:00:00,818
"21781",8877689391,2016-04-29 08:00:00,508
"21782",8877689391,2016-04-29 09:00:00,385
"21783",8877689391,2016-04-29 10:00:00,414
"21784",8877689391,2016-04-29 11:00:00,886
"21785",8877689391,2016-04-29 12:00:00,1940
"21786",8877689391,2016-04-29 13:00:00,546
"21787",8877689391,2016-04-29 14:00:00,185
"21788",8877689391,2016-04-29 15:00:00,225
"21789",8877689391,2016-04-29 16:00:00,575
"21790",8877689391,2016-04-29 17:00:00,225
"21791",8877689391,2016-04-29 18:00:00,898
"21792",8877689391,2016-04-29 19:00:00,647
"21793",8877689391,2016-04-29 20:00:00,221
"21794",8877689391,2016-04-29 21:00:00,715
"21795",8877689391,2016-04-29 22:00:00,238
"21796",8877689391,2016-04-29 23:00:00,100
"21797",8877689391,2016-04-30 00:00:00,0
"21798",8877689391,2016-04-30 01:00:00,0
"21799",8877689391,2016-04-30 02:00:00,0
"21800",8877689391,2016-04-30 03:00:00,0
"21801",8877689391,2016-04-30 04:00:00,0
"21802",8877689391,2016-04-30 05:00:00,0
"21803",8877689391,2016-04-30 06:00:00,0
"21804",8877689391,2016-04-30 07:00:00,150
"21805",8877689391,2016-04-30 08:00:00,157
"21806",8877689391,2016-04-30 09:00:00,635
"21807",8877689391,2016-04-30 10:00:00,903
"21808",8877689391,2016-04-30 11:00:00,1369
"21809",8877689391,2016-04-30 12:00:00,913
"21810",8877689391,2016-04-30 13:00:00,6745
"21811",8877689391,2016-04-30 14:00:00,10554
"21812",8877689391,2016-04-30 15:00:00,4524
"21813",8877689391,2016-04-30 16:00:00,0
"21814",8877689391,2016-04-30 17:00:00,284
"21815",8877689391,2016-04-30 18:00:00,417
"21816",8877689391,2016-04-30 19:00:00,197
"21817",8877689391,2016-04-30 20:00:00,269
"21818",8877689391,2016-04-30 21:00:00,368
"21819",8877689391,2016-04-30 22:00:00,225
"21820",8877689391,2016-04-30 23:00:00,0
"21821",8877689391,2016-05-01 00:00:00,0
"21822",8877689391,2016-05-01 01:00:00,0
"21823",8877689391,2016-05-01 02:00:00,0
"21824",8877689391,2016-05-01 03:00:00,0
"21825",8877689391,2016-05-01 04:00:00,0
"21826",8877689391,2016-05-01 05:00:00,0
"21827",8877689391,2016-05-01 06:00:00,0
"21828",8877689391,2016-05-01 07:00:00,0
"21829",8877689391,2016-05-01 08:00:00,487
"21830",8877689391,2016-05-01 09:00:00,2525
"21831",8877689391,2016-05-01 10:00:00,2079
"21832",8877689391,2016-05-01 11:00:00,657
"21833",8877689391,2016-05-01 12:00:00,395
"21834",8877689391,2016-05-01 13:00:00,405
"21835",8877689391,2016-05-01 14:00:00,105
"21836",8877689391,2016-05-01 15:00:00,345
"21837",8877689391,2016-05-01 16:00:00,720
"21838",8877689391,2016-05-01 17:00:00,547
"21839",8877689391,2016-05-01 18:00:00,1004
"21840",8877689391,2016-05-01 19:00:00,259
"21841",8877689391,2016-05-01 20:00:00,1165
"21842",8877689391,2016-05-01 21:00:00,197
"21843",8877689391,2016-05-01 22:00:00,0
"21844",8877689391,2016-05-01 23:00:00,0
"21845",8877689391,2016-05-02 00:00:00,0
"21846",8877689391,2016-05-02 01:00:00,0
"21847",8877689391,2016-05-02 02:00:00,0
"21848",8877689391,2016-05-02 03:00:00,0
"21849",8877689391,2016-05-02 04:00:00,0
"21850",8877689391,2016-05-02 05:00:00,0
"21851",8877689391,2016-05-02 06:00:00,40
"21852",8877689391,2016-05-02 07:00:00,952
"21853",8877689391,2016-05-02 08:00:00,550
"21854",8877689391,2016-05-02 09:00:00,1219
"21855",8877689391,2016-05-02 10:00:00,864
"21856",8877689391,2016-05-02 11:00:00,498
"21857",8877689391,2016-05-02 12:00:00,72
"21858",8877689391,2016-05-02 13:00:00,0
"21859",8877689391,2016-05-02 14:00:00,0
"21860",8877689391,2016-05-02 15:00:00,0
"21861",8877689391,2016-05-02 16:00:00,0
"21862",8877689391,2016-05-02 17:00:00,0
"21863",8877689391,2016-05-02 18:00:00,0
"21864",8877689391,2016-05-02 19:00:00,256
"21865",8877689391,2016-05-02 20:00:00,224
"21866",8877689391,2016-05-02 21:00:00,24
"21867",8877689391,2016-05-02 22:00:00,0
"21868",8877689391,2016-05-02 23:00:00,0
"21869",8877689391,2016-05-03 00:00:00,0
"21870",8877689391,2016-05-03 01:00:00,0
"21871",8877689391,2016-05-03 02:00:00,0
"21872",8877689391,2016-05-03 03:00:00,0
"21873",8877689391,2016-05-03 04:00:00,0
"21874",8877689391,2016-05-03 05:00:00,0
"21875",8877689391,2016-05-03 06:00:00,178
"21876",8877689391,2016-05-03 07:00:00,629
"21877",8877689391,2016-05-03 08:00:00,443
"21878",8877689391,2016-05-03 09:00:00,361
"21879",8877689391,2016-05-03 10:00:00,545
"21880",8877689391,2016-05-03 11:00:00,789
"21881",8877689391,2016-05-03 12:00:00,1322
"21882",8877689391,2016-05-03 13:00:00,306
"21883",8877689391,2016-05-03 14:00:00,8
"21884",8877689391,2016-05-03 15:00:00,925
"21885",8877689391,2016-05-03 16:00:00,283
"21886",8877689391,2016-05-03 17:00:00,422
"21887",8877689391,2016-05-03 18:00:00,476
"21888",8877689391,2016-05-03 19:00:00,1074
"21889",8877689391,2016-05-03 20:00:00,618
"21890",8877689391,2016-05-03 21:00:00,1166
"21891",8877689391,2016-05-03 22:00:00,1246
"21892",8877689391,2016-05-03 23:00:00,0
"21893",8877689391,2016-05-04 00:00:00,0
"21894",8877689391,2016-05-04 01:00:00,0
"21895",8877689391,2016-05-04 02:00:00,0
"21896",8877689391,2016-05-04 03:00:00,0
"21897",8877689391,2016-05-04 04:00:00,0
"21898",8877689391,2016-05-04 05:00:00,0
"21899",8877689391,2016-05-04 06:00:00,231
"21900",8877689391,2016-05-04 07:00:00,232
"21901",8877689391,2016-05-04 08:00:00,883
"21902",8877689391,2016-05-04 09:00:00,692
"21903",8877689391,2016-05-04 10:00:00,840
"21904",8877689391,2016-05-04 11:00:00,249
"21905",8877689391,2016-05-04 12:00:00,270
"21906",8877689391,2016-05-04 13:00:00,136
"21907",8877689391,2016-05-04 14:00:00,400
"21908",8877689391,2016-05-04 15:00:00,134
"21909",8877689391,2016-05-04 16:00:00,2253
"21910",8877689391,2016-05-04 17:00:00,8741
"21911",8877689391,2016-05-04 18:00:00,797
"21912",8877689391,2016-05-04 19:00:00,1661
"21913",8877689391,2016-05-04 20:00:00,276
"21914",8877689391,2016-05-04 21:00:00,370
"21915",8877689391,2016-05-04 22:00:00,0
"21916",8877689391,2016-05-04 23:00:00,0
"21917",8877689391,2016-05-05 00:00:00,0
"21918",8877689391,2016-05-05 01:00:00,0
"21919",8877689391,2016-05-05 02:00:00,0
"21920",8877689391,2016-05-05 03:00:00,0
"21921",8877689391,2016-05-05 04:00:00,0
"21922",8877689391,2016-05-05 05:00:00,0
"21923",8877689391,2016-05-05 06:00:00,0
"21924",8877689391,2016-05-05 07:00:00,453
"21925",8877689391,2016-05-05 08:00:00,390
"21926",8877689391,2016-05-05 09:00:00,1022
"21927",8877689391,2016-05-05 10:00:00,4870
"21928",8877689391,2016-05-05 11:00:00,1948
"21929",8877689391,2016-05-05 12:00:00,1747
"21930",8877689391,2016-05-05 13:00:00,76
"21931",8877689391,2016-05-05 14:00:00,310
"21932",8877689391,2016-05-05 15:00:00,1182
"21933",8877689391,2016-05-05 16:00:00,403
"21934",8877689391,2016-05-05 17:00:00,131
"21935",8877689391,2016-05-05 18:00:00,728
"21936",8877689391,2016-05-05 19:00:00,309
"21937",8877689391,2016-05-05 20:00:00,154
"21938",8877689391,2016-05-05 21:00:00,243
"21939",8877689391,2016-05-05 22:00:00,89
"21940",8877689391,2016-05-05 23:00:00,0
"21941",8877689391,2016-05-06 00:00:00,0
"21942",8877689391,2016-05-06 01:00:00,0
"21943",8877689391,2016-05-06 02:00:00,0
"21944",8877689391,2016-05-06 03:00:00,0
"21945",8877689391,2016-05-06 04:00:00,0
"21946",8877689391,2016-05-06 05:00:00,0
"21947",8877689391,2016-05-06 06:00:00,137
"21948",8877689391,2016-05-06 07:00:00,937
"21949",8877689391,2016-05-06 08:00:00,929
"21950",8877689391,2016-05-06 09:00:00,524
"21951",8877689391,2016-05-06 10:00:00,291
"21952",8877689391,2016-05-06 11:00:00,786
"21953",8877689391,2016-05-06 12:00:00,1488
"21954",8877689391,2016-05-06 13:00:00,526
"21955",8877689391,2016-05-06 14:00:00,9769
"21956",8877689391,2016-05-06 15:00:00,588
"21957",8877689391,2016-05-06 16:00:00,3458
"21958",8877689391,2016-05-06 17:00:00,774
"21959",8877689391,2016-05-06 18:00:00,534
"21960",8877689391,2016-05-06 19:00:00,367
"21961",8877689391,2016-05-06 20:00:00,96
"21962",8877689391,2016-05-06 21:00:00,225
"21963",8877689391,2016-05-06 22:00:00,193
"21964",8877689391,2016-05-06 23:00:00,0
"21965",8877689391,2016-05-07 00:00:00,0
"21966",8877689391,2016-05-07 01:00:00,0
"21967",8877689391,2016-05-07 02:00:00,0
"21968",8877689391,2016-05-07 03:00:00,0
"21969",8877689391,2016-05-07 04:00:00,0
"21970",8877689391,2016-05-07 05:00:00,0
"21971",8877689391,2016-05-07 06:00:00,0
"21972",8877689391,2016-05-07 07:00:00,0
"21973",8877689391,2016-05-07 08:00:00,1042
"21974",8877689391,2016-05-07 09:00:00,1427
"21975",8877689391,2016-05-07 10:00:00,1311
"21976",8877689391,2016-05-07 11:00:00,571
"21977",8877689391,2016-05-07 12:00:00,1165
"21978",8877689391,2016-05-07 13:00:00,869
"21979",8877689391,2016-05-07 14:00:00,698
"21980",8877689391,2016-05-07 15:00:00,916
"21981",8877689391,2016-05-07 16:00:00,72
"21982",8877689391,2016-05-07 17:00:00,740
"21983",8877689391,2016-05-07 18:00:00,908
"21984",8877689391,2016-05-07 19:00:00,321
"21985",8877689391,2016-05-07 20:00:00,713
"21986",8877689391,2016-05-07 21:00:00,250
"21987",8877689391,2016-05-07 22:00:00,1209
"21988",8877689391,2016-05-07 23:00:00,0
"21989",8877689391,2016-05-08 00:00:00,0
"21990",8877689391,2016-05-08 01:00:00,0
"21991",8877689391,2016-05-08 02:00:00,0
"21992",8877689391,2016-05-08 03:00:00,0
"21993",8877689391,2016-05-08 04:00:00,0
"21994",8877689391,2016-05-08 05:00:00,0
"21995",8877689391,2016-05-08 06:00:00,0
"21996",8877689391,2016-05-08 07:00:00,419
"21997",8877689391,2016-05-08 08:00:00,657
"21998",8877689391,2016-05-08 09:00:00,385
"21999",8877689391,2016-05-08 10:00:00,128
"22000",8877689391,2016-05-08 11:00:00,916
"22001",8877689391,2016-05-08 12:00:00,663
"22002",8877689391,2016-05-08 13:00:00,370
"22003",8877689391,2016-05-08 14:00:00,317
"22004",8877689391,2016-05-08 15:00:00,1024
"22005",8877689391,2016-05-08 16:00:00,460
"22006",8877689391,2016-05-08 17:00:00,1269
"22007",8877689391,2016-05-08 18:00:00,1220
"22008",8877689391,2016-05-08 19:00:00,243
"22009",8877689391,2016-05-08 20:00:00,296
"22010",8877689391,2016-05-08 21:00:00,2298
"22011",8877689391,2016-05-08 22:00:00,0
"22012",8877689391,2016-05-08 23:00:00,0
"22013",8877689391,2016-05-09 00:00:00,0
"22014",8877689391,2016-05-09 01:00:00,0
"22015",8877689391,2016-05-09 02:00:00,0
"22016",8877689391,2016-05-09 03:00:00,0
"22017",8877689391,2016-05-09 04:00:00,0
"22018",8877689391,2016-05-09 05:00:00,0
"22019",8877689391,2016-05-09 06:00:00,582
"22020",8877689391,2016-05-09 07:00:00,773
"22021",8877689391,2016-05-09 08:00:00,830
"22022",8877689391,2016-05-09 09:00:00,496
"22023",8877689391,2016-05-09 10:00:00,537
"22024",8877689391,2016-05-09 11:00:00,1638
"22025",8877689391,2016-05-09 12:00:00,1892
"22026",8877689391,2016-05-09 13:00:00,503
"22027",8877689391,2016-05-09 14:00:00,739
"22028",8877689391,2016-05-09 15:00:00,821
"22029",8877689391,2016-05-09 16:00:00,7278
"22030",8877689391,2016-05-09 17:00:00,2793
"22031",8877689391,2016-05-09 18:00:00,409
"22032",8877689391,2016-05-09 19:00:00,270
"22033",8877689391,2016-05-09 20:00:00,134
"22034",8877689391,2016-05-09 21:00:00,352
"22035",8877689391,2016-05-09 22:00:00,109
"22036",8877689391,2016-05-09 23:00:00,0
"22037",8877689391,2016-05-10 00:00:00,0
"22038",8877689391,2016-05-10 01:00:00,0
"22039",8877689391,2016-05-10 02:00:00,0
"22040",8877689391,2016-05-10 03:00:00,0
"22041",8877689391,2016-05-10 04:00:00,0
"22042",8877689391,2016-05-10 05:00:00,0
"22043",8877689391,2016-05-10 06:00:00,44
"22044",8877689391,2016-05-10 07:00:00,1030
"22045",8877689391,2016-05-10 08:00:00,614
"22046",8877689391,2016-05-10 09:00:00,542
"22047",8877689391,2016-05-10 10:00:00,1014
"22048",8877689391,2016-05-10 11:00:00,567
"22049",8877689391,2016-05-10 12:00:00,2508
"22050",8877689391,2016-05-10 13:00:00,578
"22051",8877689391,2016-05-10 14:00:00,105
"22052",8877689391,2016-05-10 15:00:00,707
"22053",8877689391,2016-05-10 16:00:00,463
"22054",8877689391,2016-05-10 17:00:00,564
"22055",8877689391,2016-05-10 18:00:00,460
"22056",8877689391,2016-05-10 19:00:00,182
"22057",8877689391,2016-05-10 20:00:00,963
"22058",8877689391,2016-05-10 21:00:00,352
"22059",8877689391,2016-05-10 22:00:00,0
"22060",8877689391,2016-05-10 23:00:00,0
"22061",8877689391,2016-05-11 00:00:00,0
"22062",8877689391,2016-05-11 01:00:00,0
"22063",8877689391,2016-05-11 02:00:00,0
"22064",8877689391,2016-05-11 03:00:00,0
"22065",8877689391,2016-05-11 04:00:00,0
"22066",8877689391,2016-05-11 05:00:00,0
"22067",8877689391,2016-05-11 06:00:00,37
"22068",8877689391,2016-05-11 07:00:00,422
"22069",8877689391,2016-05-11 08:00:00,938
"22070",8877689391,2016-05-11 09:00:00,338
"22071",8877689391,2016-05-11 10:00:00,295
"22072",8877689391,2016-05-11 11:00:00,974
"22073",8877689391,2016-05-11 12:00:00,3929
"22074",8877689391,2016-05-11 13:00:00,481
"22075",8877689391,2016-05-11 14:00:00,37
"22076",8877689391,2016-05-11 15:00:00,416
"22077",8877689391,2016-05-11 16:00:00,2869
"22078",8877689391,2016-05-11 17:00:00,8357
"22079",8877689391,2016-05-11 18:00:00,920
"22080",8877689391,2016-05-11 19:00:00,408
"22081",8877689391,2016-05-11 20:00:00,633
"22082",8877689391,2016-05-11 21:00:00,228
"22083",8877689391,2016-05-11 22:00:00,109
"22084",8877689391,2016-05-11 23:00:00,0
"22085",8877689391,2016-05-12 00:00:00,0
"22086",8877689391,2016-05-12 01:00:00,0
"22087",8877689391,2016-05-12 02:00:00,0
"22088",8877689391,2016-05-12 03:00:00,0
"22089",8877689391,2016-05-12 04:00:00,0
"22090",8877689391,2016-05-12 05:00:00,0
"22091",8877689391,2016-05-12 06:00:00,254
"22092",8877689391,2016-05-12 07:00:00,574
"22093",8877689391,2016-05-12 08:00:00,765
"22094",8877689391,2016-05-12 09:00:00,164
"22095",8877689391,2016-05-12 10:00:00,514
"22096",8877689391,2016-05-12 11:00:00,1407
"22097",8877689391,2016-05-12 12:00:00,3135
"22098",8877689391,2016-05-12 13:00:00,307
"22099",8877689391,2016-05-12 14:00:00,457
